1 0.902772986553187 0.9227650301478327 0.10283628803308957 0.15446993970433454
1 0.8364592852482765 0.7132357169277864 0.1277486654200871 0.5735285661444272
1 0.7535098779042316 0.784803944577841 0.11348507606617879 0.43039211084431805
1 0.6709150065643229 0.8267180484227442 0.10925101471990661 0.34656390315451163
1 0.5954433865770496 0.7290599443325971 0.12226118674408734 0.5418801113348056
1 0.5166456772358681 0.7853008793202777 0.10823395472627002 0.42939824135944454
1 0.4366218225652774 0.8100274831651809 0.10903283871736136 0.3799450336696381
1 0.3689632499204582 0.6400703778801852 0.1285486440960865 0.7198592442396297
1 0.28144397390200454 0.7660547689037064 0.1143385040579064 0.443234110907059
1 0.20061159723109562 0.785039226593513 0.10723398138127056 0.3688439474266557
1 0.14057516792650337 0.5637938417894792 0.13378158410244984 0.7737407696080674
1 0.05885119197566021 0.6493703848040336 0.11770238395132042 0.5806006061276641