1 0.24381799302629456 0.874391213911931 0.16546634099925886 0.2296672253988536
1 0.24927930669245235 0.6661830130504118 0.30454371366694327 0.6526583091895383
1 0.3528137012731004 0.7219561344607485 0.2474749245056472 0.5129870375239343
1 0.44532312148990594 0.7419236561582581 0.21753456333685114 0.41824271671984975
1 0.4913594999535172 0.6276277891193294 0.2794466773803693 0.5955966184428881
1 0.5831949769092579 0.6579341908742737 0.2277488934028696 0.4642857369495882
1 0.6685268841665726 0.6590096677728046 0.21134335193249926 0.40050732654754595
1 0.6878647701230545 0.4831168065092431 0.32387876550490624 0.7322443496490152
1 0.8104806468432395 0.5855924423739509 0.2314794861455546 0.453896127121892
1 0.8975801056556932 0.5888290392150471 0.20317953741786993 0.3779018063178075
1 0.8622699808435879 0.37883518433311486 0.2754600383128242 0.7576703686662297
1 0.9318637376061571 0.43774339617101266 0.13627252478768562 0.5811282658583306