1 0.8905153818851762 0.6566934571914199 0.10002169285495839 0.2578895827126576
1 0.7907586186498443 0.49647508705137466 0.3820310961822614 0.6314513229927481
1 0.7573043336157055 0.6025602671589987 0.3303895173052904 0.48922528163641915
1 0.6966427634805498 0.6806638424280582 0.2837083682262863 0.40005146567298444
1 0.5916526406492842 0.6270593453235423 0.3772902102494191 0.5675343722069597
1 0.5380361670084854 0.7117767936281313 0.30295084188937765 0.44289393713693703
1 0.47186430739025936 0.7707664958616616 0.27397735946217844 0.3840625926374551
1 0.3504253950536307 0.652752742347005 0.44557142948587136 0.6934462088485589
1 0.3161087810979356 0.7981015138537388 0.3027866840016805 0.4037969722925222
1 0.25147172849099586 0.8463378066578098 0.25788757878780083 0.30732438668438034
1 0.17703228078584024 0.6682234611248705 0.3540645615716805 0.663553077750259
1 0.13029674575170122 0.7754366476426352 0.26059349150340244 0.44912670471472965