7 0.6302083328125 0.8271484375 0.63671875 0.830078125 0.7591145828125 0.83203125 0.7721354171875 0.83203125 0.77734375 0.830078125 0.78125 0.8271484375 0.78125 0.7998046875 0.7708333328125 0.6728515625 0.7682291671875 0.6689453125 0.7565104171875 0.666015625 0.6263020828125 0.666015625 0.625 0.6669921875 0.6223958328125 0.6708984375 0.6223958328125 0.6943359375 0.6276041671875 0.8232421875 0.6302083328125 0.8271484375
7 0.6419270828125 0.47265625 0.73828125 0.4765625 0.7486979171875 0.4765625 0.7526041671875 0.4736328125 0.7552083328125 0.4697265625 0.7578125 0.3505859375 0.7513020828125 0.34375 0.6705729171875 0.33984375 0.62890625 0.33984375 0.625 0.3427734375 0.6223958328125 0.3486328125 0.6197916671875 0.3896484375 0.6171875 0.4326171875 0.6171875 0.4677734375 0.62109375 0.470703125 0.6419270828125 0.47265625
11 0.5455729171875 0.822265625 0.5768229171875 0.822265625 0.5833333328125 0.8193359375 0.5833333328125 0.6630859375 0.5794270828125 0.66015625 0.56640625 0.658203125 0.44140625 0.658203125 0.4401041671875 0.6591796875 0.4375 0.6806640625 0.4348958328125 0.7333984375 0.4322916671875 0.8154296875 0.4361979171875 0.818359375 0.44921875 0.8203125 0.5455729171875 0.822265625
11 0.4440104171875 0.4375 0.5091145828125 0.4375 0.56640625 0.435546875 0.5716145828125 0.43359375 0.5729166671875 0.4326171875 0.5729166671875 0.4033203125 0.5703125 0.3525390625 0.5677083328125 0.3115234375 0.5651041671875 0.3076171875 0.5638020828125 0.306640625 0.5169270828125 0.306640625 0.4440104171875 0.30859375 0.4388020828125 0.310546875 0.4375 0.3115234375 0.4375 0.3662109375 0.4401041671875 0.4345703125 0.4440104171875 0.4375
15 0.23567708281250002 0.443359375 0.33203125 0.453125 0.35546875 0.453125 0.359375 0.4482421875 0.3645833328125 0.4306640625 0.3854166671875 0.3408203125 0.3854166671875 0.3271484375 0.3763020828125 0.32421875 0.2643229171875 0.314453125 0.2578125 0.3212890625 0.23697916718749998 0.3955078125 0.2265625 0.4365234375 0.2265625 0.4384765625 0.23046875 0.44140625 0.23567708281250002 0.443359375
15 0.2825520828125 0.826171875 0.37890625 0.82421875 0.3841145828125 0.822265625 0.390625 0.8173828125 0.3880208328125 0.6630859375 0.3815104171875 0.66015625 0.37109375 0.66015625 0.2513020828125 0.6640625 0.24479166718749998 0.6689453125 0.2421875 0.7060546875 0.23958333281250002 0.7724609375 0.23958333281250002 0.8232421875 0.24348958281250002 0.826171875 0.2825520828125 0.826171875
19 0.05338541718749999 0.83984375 0.06380208281250001 0.83984375 0.1783854171875 0.830078125 0.19140625 0.828125 0.1966145828125 0.826171875 0.1979166671875 0.8251953125 0.1979166671875 0.7705078125 0.1927083328125 0.6787109375 0.1901041671875 0.6689453125 0.18359375 0.666015625 0.1809895828125 0.666015625 0.05338541718749999 0.677734375 0.0494791671875 0.6806640625 0.046875 0.6845703125 0.046875 0.8330078125 0.0494791671875 0.8369140625 0.05338541718749999 0.83984375
19 0.1002604171875 0.47265625 0.19921875 0.46484375 0.20442708281250002 0.462890625 0.20833333281250002 0.4580078125 0.20833333281250002 0.4521484375 0.203125 0.3486328125 0.20052083281250002 0.3369140625 0.19921875 0.3359375 0.1705729171875 0.3359375 0.08463541718749999 0.341796875 0.07682291718749999 0.34375 0.07291666718749999 0.3466796875 0.07291666718749999 0.4697265625 0.07682291718749999 0.47265625 0.1002604171875 0.47265625
3 0.37890625 0.638671875 0.3854166671875 0.6337890625 0.3828125 0.4970703125 0.3763020828125 0.494140625 0.36328125 0.494140625 0.25390625 0.498046875 0.24739583281250002 0.5009765625 0.24479166718749998 0.5068359375 0.2421875 0.6396484375 0.24609375 0.642578125 0.30078125 0.642578125 0.37890625 0.638671875
3 0.2734375 0.3037109375 0.27734375 0.306640625 0.30078125 0.306640625 0.39453125 0.30078125 0.4010416671875 0.2958984375 0.4010416671875 0.2880859375 0.3932291671875 0.1884765625 0.390625 0.1845703125 0.3893229171875 0.18359375 0.3580729171875 0.18359375 0.2825520828125 0.1875 0.2721354171875 0.189453125 0.2682291671875 0.1923828125 0.2682291671875 0.2255859375 0.2708333328125 0.2841796875 0.2734375 0.3037109375
35 0.4388020828125 0.6328125 0.49609375 0.6328125 0.5690104171875 0.630859375 0.5755208328125 0.6240234375 0.5755208328125 0.6064453125 0.5677083328125 0.4892578125 0.5638020828125 0.486328125 0.4388020828125 0.48828125 0.4322916671875 0.4931640625 0.4322916671875 0.6259765625 0.4348958328125 0.6298828125 0.4388020828125 0.6328125
35 0.4440104171875 0.298828125 0.48046875 0.298828125 0.5611979171875 0.294921875 0.56640625 0.29296875 0.5677083328125 0.2919921875 0.5677083328125 0.2705078125 0.5572916671875 0.1806640625 0.55078125 0.17578125 0.53515625 0.17578125 0.4518229171875 0.1796875 0.4361979171875 0.181640625 0.4322916671875 0.1845703125 0.4322916671875 0.2080078125 0.4401041671875 0.2958984375 0.4440104171875 0.298828125
31 0.625 0.6376953125 0.62890625 0.640625 0.7643229171875 0.640625 0.7682291671875 0.6376953125 0.7682291671875 0.6142578125 0.7578125 0.5107421875 0.7552083328125 0.4970703125 0.7513020828125 0.494140625 0.62109375 0.49609375 0.6171875 0.4990234375 0.6171875 0.5361328125 0.6223958328125 0.6240234375 0.625 0.6376953125
31 0.6341145828125 0.31640625 0.7565104171875 0.31640625 0.7604166671875 0.3134765625 0.7604166671875 0.2958984375 0.7552083328125 0.2158203125 0.7526041671875 0.2001953125 0.7434895828125 0.1953125 0.6471354171875 0.1953125 0.62890625 0.197265625 0.6276041671875 0.1982421875 0.6276041671875 0.3056640625 0.6302083328125 0.3134765625 0.6341145828125 0.31640625
43 0.1184895828125 0.640625 0.15234375 0.640625 0.1588541671875 0.6337890625 0.1770833328125 0.5263671875 0.1796875 0.4990234375 0.1731770828125 0.49609375 0.05338541718749999 0.4921875 0.046875 0.4951171875 0.0416666671875 0.5107421875 0.0182291671875 0.6220703125 0.0182291671875 0.6337890625 0.0221354171875 0.63671875 0.1184895828125 0.640625
43 0.10546875 0.326171875 0.11328125 0.326171875 0.22265625 0.314453125 0.2265625 0.3115234375 0.2265625 0.2841796875 0.21875 0.2158203125 0.21614583281250002 0.2021484375 0.21354166718749998 0.1982421875 0.21223958281250002 0.197265625 0.19140625 0.197265625 0.10546875 0.205078125 0.09505208281250001 0.20703125 0.09114583281250001 0.2099609375 0.09114583281250001 0.2275390625 0.09895833281250001 0.3212890625 0.10546875 0.326171875