55 0.408779025 0.7293516859375 0.36748634375 0.72254843125 0.350167521875 0.72133738125 0.34836751875 0.7221904593749999 0.33805278437499997 0.7776118078125 0.335944421875 0.8077627875 0.340436575 0.8107200671875001 0.357482909375 0.8158278515624999 0.506136565625 0.8403195671875 0.5421597125 0.84283855 0.54564495625 0.8377959484374999 0.5507436390625 0.81465775 0.55734099375 0.7700875125 0.5578859671874999 0.76229404375 0.5495671640625 0.7568176 0.408779025 0.7293516859375
55 0.43922701562500005 0.59756084375 0.397770840625 0.59309563125 0.3659042125 0.5908672984375001 0.35762419375 0.5947914609375 0.35143556875000004 0.6335165968750001 0.3491194359375 0.666638840625 0.3534295015625 0.6796665421875 0.3706120796875 0.682825959375 0.4500061671875 0.6922935234375001 0.49700436249999996 0.6971462734375 0.5545028453125 0.701166959375 0.5555828484374999 0.7006551125 0.5593191 0.6970005875 0.5650989953125001 0.664120553125 0.5682325875 0.61930810625 0.56324130625 0.616022240625 0.43922701562500005 0.59756084375
55 0.38134392500000003 0.47584381562500006 0.3742801546875 0.4773077625 0.3724801515625 0.478160840625 0.3687836078125 0.49493604218750004 0.364073003125 0.56230083125 0.369812975 0.566079578125 0.42090349531250004 0.5696521765625 0.5691837734375 0.5770841015625 0.5748562703125 0.57062813125 0.580033509375 0.49659017343749995 0.571714709375 0.49111373125 0.4229090953125 0.47875033437500003 0.38134392500000003 0.47584381562500006
55 0.3623367421875 0.3556705171875 0.3580167328125 0.35771790625 0.357081196875 0.3710967 0.36169332656250003 0.444513928125 0.36502084687499997 0.44670450468749995 0.448151184375 0.4525175453125 0.567855409375 0.4579512375 0.5732554203125 0.4553920015625 0.5748903375000001 0.43201159375 0.572050103125 0.37307615625 0.5673915734375 0.3700093484375 0.3623367421875 0.3556705171875
55 0.4265933765625 0.2282017 0.388628215625 0.22358902343749998 0.379628196875 0.22785441718750002 0.3739059859375 0.30968584374999997 0.3770972640625 0.3138247875 0.399407365625 0.31832170312499997 0.5610210484375 0.336671253125 0.5794104859375 0.3379571671875 0.5849231078125 0.3283573859375 0.589964103125 0.256267796875 0.5867728249999999 0.2521288515625 0.5851090640625001 0.2510335640625 0.5438163828125 0.244230309375 0.4265933765625 0.2282017
55 0.562007071875 0.06684446875 0.5570157906250001 0.063558603125 0.53623320625 0.0621053421875 0.4766680015625 0.067729609375 0.350337578125 0.0823904578125 0.34103425625 0.0853934765625 0.3399805609375 0.1004620140625 0.3473690734375 0.149730234375 0.3560159921875 0.1735359328125 0.38503945 0.1755654515625 0.5576761359375 0.1536679171875 0.571803678125 0.15074002343749998 0.5772036875000001 0.14818078750000002 0.577884903125 0.13843895 0.56757216875 0.0868125609375 0.562007071875 0.06684446875
55 0.5498826359375 0.1898334625 0.5496918953125001 0.192561175 0.550099234375 0.1933728171875 0.57319099375 0.19498755 0.580391009375 0.1915752359375 0.5761883421875 0.1521234703125 0.5748573328125001 0.15124723906249998 0.57416458125 0.15119879687499999 0.569124571875 0.1535874171875 0.5498826359375 0.1898334625
55 0.46548447499999995 0.1529970375 0.3829612140625 0.150946446875 0.3620423890625 0.1514415546875 0.35664237656250003 0.154000790625 0.3491698765625 0.161309840625 0.3479745265625 0.1653378390625 0.34711619531250004 0.17761254531249998 0.3546065859375 0.178136325 0.3811900546875 0.176275221875 0.48646540937499994 0.1640578484375 0.511120484375 0.15990821718749998 0.5165204984375 0.15734898125000002 0.5151894875 0.15647275 0.46548447499999995 0.1529970375
55 0.64999560625 0.164332996875 0.6485556031249999 0.165015459375 0.62734341875 0.269258453125 0.6269346890625 0.2751035546875 0.6299897234375 0.28119086718749997 0.6590911109375 0.2881205703125 0.72529171875 0.299602396875 0.7607953000000001 0.30208504999999997 0.7758188578125 0.23656719218750002 0.782279971875 0.193945321875 0.770633646875 0.1862783015625 0.6848570046875 0.1685328484375 0.669392684375 0.165689371875 0.64999560625 0.164332996875
55 0.6421673296875 0.3546802875 0.6222866078125 0.45357099375 0.6216965046875 0.4620098578125 0.62401018125 0.46501059375000003 0.632465225 0.46853866875000005 0.6635028593750001 0.4726669265625 0.7174558328125 0.477614421875 0.7540727671874999 0.480174928125 0.759096978125 0.4744567828125 0.7768454 0.36997157812500003 0.77185411875 0.3666857125 0.689268753125 0.3530792046875 0.6513035921875 0.3484665265625 0.6421673296875 0.3546802875
55 0.7612306171875 0.6523827859375 0.7672253140625 0.566654625 0.7553065046875 0.5628843390625 0.7346601609375 0.5594827125 0.6414110171875 0.5490463078125 0.636011009375 0.55160554375 0.632002271875 0.5591568031249999 0.6225517453125 0.651373546875 0.621502671875 0.6663759984375 0.6260364187499999 0.6693606609375 0.646682759375 0.6727622875 0.746995675 0.68173474375 0.7540594453125 0.680270796875 0.75585945 0.67941771875 0.7612306171875 0.6523827859375
55 0.741626103125 0.7336350453125 0.7366348203124999 0.7303491796875 0.7090609515625 0.7264631328125 0.6122118000000001 0.7177328859375 0.6099511625 0.7195734921875 0.6080568171875 0.7466638999999999 0.612900990625 0.832317896875 0.61581978125 0.8403535765625 0.617483540625 0.8414488640625001 0.6403171359375001 0.843437125 0.7428445515625001 0.8506065390625001 0.7456428125000001 0.850410634375 0.747442815625 0.8495575546874999 0.7497589484375 0.8164353109375 0.7470549578125001 0.75555150625 0.7448173812500001 0.737773990625 0.741626103125 0.7336350453125
44 0.327706334375 0.5298509921875 0.3260425734375 0.5287557031250001 0.2914049328125 0.526333603125 0.18708328125 0.52491240625 0.16616445468750002 0.5254075140625 0.1580644390625 0.5292463671875 0.1576012125 0.5358708203125 0.165899940625 0.6536310953125 0.17021426875 0.6601980453125 0.2052279734375 0.6626464421875 0.313314278125 0.66100246875 0.3307693421875 0.6602651515625 0.3361693515625 0.657705915625 0.3379405125 0.632377140625 0.33089761093750003 0.5339899359375 0.327706334375 0.5298509921875
44 0.3331617109375 0.327394615625 0.23988531875 0.31734788593749996 0.1768448125 0.3129396640625 0.172164803125 0.31515766875 0.16774733749999998 0.32855402968749997 0.1512873203125 0.4021701203125 0.1482133359375 0.446130159375 0.150043471875 0.4473349765625 0.3107621234375 0.4585735203125 0.3118421265625 0.4580616734375 0.3155783765625 0.4544071484375 0.3199958421875 0.44101078749999995 0.34025432499999997 0.350406365625 0.34161675625 0.33092269218750003 0.3331617109375 0.327394615625