26 0.13707561875000002 0.80477248125 0.14083484375 0.8412462671875 0.1545643984375 0.952808809375 0.1567301453125 0.962997846875 0.1604079671875 0.9662096203124999 0.21581085781249998 0.954433371875 0.2401052 0.9466071046875 0.24215871249999998 0.9421770984375 0.238940925 0.9082505718749999 0.225313490625 0.8009260765624999 0.2198991234375 0.7754534828125 0.219653934375 0.775239365625 0.215291609375 0.773504259375 0.16425104375 0.7870156125000001 0.1399567015625 0.79484188125 0.13790318906250001 0.7992718859375 0.13707561875000002 0.80477248125
26 0.1812387421875 0.413205653125 0.167567465625 0.3488873515625 0.15380153125 0.3005632453125 0.1502667765625 0.2933275453125 0.147201925 0.2906510671875 0.07508264375 0.30598049375 0.07846662343750001 0.32190086562500003 0.10505868593750001 0.4094306328125 0.10913487656250001 0.41921359375 0.1152645796875 0.42456654687500006 0.1463731296875 0.42061656718749996 0.1812387421875 0.413205653125
22 0.2708153796875 0.9360859359375 0.274350134375 0.9433216359375001 0.2750857 0.9439639906249999 0.290608059375 0.9406646109375 0.3553041421875 0.9061467406249999 0.3570838515625 0.9023074031249999 0.3504783234375 0.8712308390624999 0.3153192296875 0.7509115609375 0.3108305734375 0.7430799140625 0.2973573921875 0.745943728125 0.24694159531249998 0.7721015390625 0.239841253125 0.7762731078125 0.2345082890625 0.784062528125 0.2342221546875 0.792110384375 0.23692933906250002 0.8048466796874999 0.2708153796875 0.9360859359375
22 0.20181677968749998 0.3676984203125 0.20860015468749998 0.390217678125 0.21227797656249997 0.39342945 0.2433865265625 0.3894794703125 0.27968497187499997 0.381763996875 0.2798903234375 0.381320996875 0.2565544015625 0.271534115625 0.25355294375000004 0.263519475 0.249875121875 0.2603077015625 0.20485202343750003 0.26455296562499997 0.1800162453125 0.2698319734375 0.1779627328125 0.274261978125 0.20181677968749998 0.3676984203125
47 0.237843240625 0.7471457671875 0.2493059078125 0.7447093031249999 0.30528106718750003 0.71683734375 0.31238140937500003 0.7126657734374999 0.3132028140625 0.7108937703125 0.302550046875 0.6607764421875 0.2802627453125 0.58504436875 0.2751036796875 0.570166890625 0.2721614203125 0.567597471875 0.25917040625 0.570358796875 0.20780892031249998 0.5964513874999999 0.20070857812499998 0.60062295625 0.19865506718749998 0.6050529609375 0.20677661718749998 0.6432618515625 0.23416541875000002 0.7439339953124999 0.237843240625 0.7471457671875
47 0.24823973124999998 0.5480554890625 0.2812587265625 0.5436994312500001 0.302273615625 0.539232578125 0.303368821875 0.536869909375 0.28068262499999996 0.43013974062500004 0.27588628437499996 0.410392940625 0.2728929671875 0.40570449999999997 0.2615733671875 0.40411703593750004 0.2382419515625 0.4070795234375 0.1957345640625 0.41611474687500005 0.1953923125 0.41685308125000003 0.2045967359375 0.460156490625 0.221125971875 0.5285264171875 0.2268264734375 0.5459511546875 0.2305042953125 0.549162928125 0.24823973124999998 0.5480554890625
18 0.38185007031249996 0.906095153125 0.4334320734375 0.8951310609375 0.46536819375 0.885680484375 0.46742170468750005 0.881250478125 0.462319003125 0.8487895390625001 0.4344350125 0.71760568125 0.4322283203125 0.7156786203125 0.395929853125 0.723394096875 0.36085736874999996 0.73218015625 0.35375702656249997 0.7363517265625 0.351703515625 0.74078173125 0.37412688906249997 0.8744574500000001 0.38062412968750003 0.9050245625000001 0.38185007031249996 0.906095153125
18 0.434481175 0.3350168515625 0.4683277390625 0.32516019687500003 0.470377396875 0.3230605625 0.4598870609375 0.27370741249999997 0.43974382968750003 0.20477449218750002 0.43363331718750003 0.2010148671875 0.4131151421875 0.20537613906250002 0.3697418859375 0.21832269218749997 0.3657779296875 0.223158775 0.36956798750000003 0.2409895921875 0.40077767656249996 0.340849578125 0.4020036171875 0.3419201703125 0.434481175 0.3350168515625
51 0.3426359921875 0.6971829890625 0.3463138140625 0.7003947609375001 0.4208211515625 0.6845577375 0.426154115625 0.6767683171875001 0.4151845328125 0.612008871875 0.3982104921875 0.5321522921875 0.3940662828125 0.5305039421875 0.323921271875 0.5480760703125 0.32186776093749997 0.5525060765625 0.3210401890625 0.5580066718750001 0.32508554843750004 0.5864326015625 0.3426359921875 0.6971829890625
51 0.3992112859375 0.5208908343750001 0.40126479687499994 0.5164608281249999 0.3865623859375 0.4322609984375 0.3770331 0.38742923125 0.3753167828125 0.3859304046875 0.30310197968749997 0.401280134375 0.3015960703125 0.40452880625 0.302934246875 0.42021844062499997 0.32156756406250003 0.53606334375 0.3252453859375 0.5392751171875 0.3940213890625 0.5246563265625 0.3992112859375 0.5208908343750001
42 0.42369229218750004 0.4909274234375 0.4266856109375 0.49561586406249997 0.427421175 0.49625821875 0.45569575 0.4902482734375 0.48277300624999997 0.4823629484375 0.49751512499999995 0.47656706875 0.49908948437499995 0.47317073125000003 0.4912747484375 0.43640528749999996 0.46947265156249995 0.3587286234375 0.46485502500000003 0.3463984046875 0.461667578125 0.34361486874999997 0.42689749062500004 0.351005478125 0.404405303125 0.357916215625 0.38966318437499997 0.363712096875 0.387609671875 0.3681421015625 0.3903168546875 0.38087839843750004 0.4174503546875 0.470955425 0.42369229218750004 0.4909274234375
42 0.5123522781250001 0.520536846875 0.5048535671875001 0.518137228125 0.43034622968749997 0.5339742515625 0.42829271718750006 0.5384042578125 0.4629754984375 0.6827858875 0.46665332031249995 0.685997659375 0.5411606578125 0.6701606359375 0.54321416875 0.66573063125 0.5123522781250001 0.520536846875
14 0.5673194546875 0.8711984062499999 0.5705989078125 0.8678389921875 0.5712037375000001 0.8650480859374999 0.5557998640624999 0.7925785578125 0.538511075 0.7215746171874999 0.5322691374999999 0.7016026203125 0.53006244375 0.69967555625 0.4670177640625 0.7130761171875 0.44889408125 0.7179933609375 0.44493012500000007 0.72282944375 0.44464399062500004 0.7308773000000001 0.4872238515625 0.884229734375 0.49335355468750003 0.8895826906250001 0.5673194546875 0.8711984062499999
14 0.555349353125 0.3226372546875 0.5897373546875 0.315327859375 0.5917908656249999 0.3108978546875 0.5717599265625 0.198811071875 0.5704604796875 0.19269764843749998 0.5645759640625 0.1875588125 0.53788695625 0.1916343296875 0.494710921875 0.200811678125 0.49457402031250003 0.2011070125 0.49482932343749997 0.211702128125 0.51129689375 0.3173579953125 0.5123797671875 0.3224525125 0.5204199140625 0.327399390625 0.555349353125 0.3226372546875
10 0.63901064375 0.8590216703125 0.702341446875 0.83757325625 0.7033494984375 0.8329217484375 0.6896331015625 0.7683911765625 0.6754126796875 0.7061863609375 0.6653806859375 0.668383546875 0.664449309375 0.66791593125 0.624648375 0.67637588125 0.5888198375 0.6886505765625001 0.5772141015625001 0.69511096875 0.585335653125 0.733319859375 0.617597384375 0.8569173375 0.6237270875 0.8622702906249999 0.63901064375 0.8590216703125
10 0.70694004375 0.2922793 0.70075976875 0.23502136093749998 0.696318353125 0.1986260203125 0.6901865828125 0.169778309375 0.68736691875 0.16731595 0.65243748125 0.172078084375 0.614228590625 0.1801996359375 0.612175078125 0.184629640625 0.614054690625 0.20286653437500002 0.629980825 0.30597514062500003 0.6380209734375 0.31092201875000003 0.70488653125 0.2967093046875 0.70694004375 0.2922793
2 0.5779083140625 0.33008898750000004 0.5012908031250001 0.3463745421875 0.4988265890625 0.351690546875 0.500261396875 0.35844078437500004 0.5301238484375 0.4810839546875 0.5313497890625001 0.48215454687500003 0.60394668125 0.4667236 0.606684696875 0.46081692500000004 0.5847565109375 0.35765292187500003 0.5779083140625 0.33008898750000004
2 0.6387514375000001 0.5703454203125 0.6203425890625 0.48373860156250004 0.6191166484374999 0.4826680109375 0.538877978125 0.49972326718750004 0.5368244671875 0.504153271875 0.5676863578125 0.64934705625 0.5713641796875 0.6525588296875 0.6477819609375 0.636315728125 0.6498354734375 0.6318857234374999 0.6387514375000001 0.5703454203125
34 0.675385234375 0.6402991484375 0.676611175 0.641369740625 0.6809735 0.64310484375 0.73965584375 0.62796918125 0.758218853125 0.621361146875 0.7602723640625 0.6169311421875 0.76068615 0.61418084375 0.758056315625 0.6018084421875 0.7184892421875 0.47672108125 0.7121993109375 0.46927230781249996 0.7042845984375 0.47095463281249994 0.6364831953125 0.4901584875 0.6344296828125 0.4945884921875 0.6387611765625001 0.5149665671875 0.6623599203125 0.59780789375 0.6696847328125 0.6228744109375 0.675385234375 0.6402991484375
34 0.6501803046875 0.4728704125 0.663553415625 0.4700278703125 0.7216943234375 0.452344946875 0.723747834375 0.44791494375 0.6951058328124999 0.313164921875 0.6452432234375001 0.32376354687500003 0.6332329609375 0.32738134375 0.616580396875 0.3335833015625 0.614526884375 0.33801330625000003 0.6386362343750001 0.44204486249999997 0.6465024828125 0.4696586390625 0.6501803046875 0.4728704125
6 0.78660653125 0.64594413125 0.7829287093749999 0.6427323578124999 0.69695870625 0.661005846875 0.69490519375 0.6654358515625 0.6940776234375 0.6709364484375 0.7148766875 0.7969703906250001 0.7229982374999999 0.83517928125 0.724224178125 0.8362498734375 0.7954520625 0.8237722625 0.8050042859375001 0.8217418750000001 0.8082837375 0.8183824625 0.8097958125 0.8114051968749999 0.78660653125 0.64594413125
6 0.736217821875 0.290049634375 0.8088147140625 0.27461868749999996 0.8122372328124999 0.2672353453125 0.802808340625 0.19469385156250002 0.7973633859375 0.162971246875 0.793573328125 0.1451404328125 0.7907536656249999 0.14267807187499998 0.7429925515625 0.15283001093749998 0.716787765625 0.16106235625 0.7147342531249999 0.1654923609375 0.717155303125 0.1862765125 0.7295775140625 0.26350645 0.73499188125 0.28897904375 0.736217821875 0.290049634375
30 0.7661400953124999 0.4590048984375 0.7890654296874999 0.4541319671875 0.8395645578125001 0.43807335468749997 0.8435285140625 0.43323727187500005 0.8301533937500001 0.35481215312500003 0.8177951 0.2966709578125 0.816323971875 0.29538624687500004 0.79005538125 0.3009698078125 0.7696662046875 0.30650171875 0.74728230625 0.31392190625 0.738271521875 0.3184995546875 0.736218009375 0.322929559375 0.7619208359375 0.453245865625 0.7661400953124999 0.4590048984375
30 0.85581944375 0.6145928140625 0.8422213265625 0.49425462812500004 0.8357434234375001 0.46377849062500004 0.75025103125 0.481950459375 0.748539771875 0.48564212968750003 0.769849440625 0.6328663015625 0.77597914375 0.6382192578125 0.8523969250000001 0.6219761562499999 0.85581944375 0.6145928140625
38 0.844942690625 0.8236358515625 0.8493050156249999 0.8253709562499999 0.93145413125 0.8079096234375 0.9361776140625 0.8010104234375 0.9322328609375001 0.78245181875 0.922678909375 0.75253443125 0.884399709375 0.6382030421875 0.8790055703125 0.633492440625 0.8130952359375 0.647502115625 0.7947518828125 0.6532647578125 0.7940673796875 0.654741425 0.805723684375 0.7001860171875001 0.8266152453125001 0.7702910468749999 0.8396405578125 0.8127823015625 0.844942690625 0.8236358515625
38 0.1592819 0.574817978125 0.19503890937499999 0.5645552453125 0.19709242031250002 0.560125240625 0.19683711875 0.549530125 0.1840996328125 0.45672592500000003 0.17780543124999998 0.427114034375 0.1755987375 0.4251869703125 0.16853008125 0.426689459375 0.10711898281250001 0.44213890312500004 0.1036964640625 0.44952224375 0.11685375 0.577180496875 0.11984706875 0.5818689375 0.12107300937500001 0.5829395296875 0.1592819 0.574817978125