26 0.7916666671875 0.8505859375 0.7942708328125 0.8544921875 0.8033854171874999 0.859375 0.99609375 0.85546875 0.9973958328125001 0.8544921875 1 0.7880859375 0.9973958328125001 0.6962890625 0.984375 0.6181640625 0.9817708328125001 0.6142578125 0.9778645828125001 0.611328125 0.9700520828125001 0.609375 0.77734375 0.611328125 0.7721354171875 0.61328125 0.7682291671875 0.6162109375 0.7682291671875 0.6337890625 0.7890625 0.8349609375 0.7916666671875 0.8505859375
30 0.5455729171875 0.88671875 0.76171875 0.88671875 0.7669270828125 0.884765625 0.7708333328125 0.8779296875 0.7682291671875 0.8212890625 0.7552083328125 0.6455078125 0.7526041671875 0.6416015625 0.74609375 0.63671875 0.5924479171875 0.634765625 0.5455729171875 0.634765625 0.5403645828125 0.63671875 0.5364583328125 0.6396484375 0.5364583328125 0.8798828125 0.5390625 0.8837890625 0.5455729171875 0.88671875
34 0.4752604171875 0.8984375 0.4986979171875 0.8984375 0.5052083328125 0.8935546875 0.5078125 0.8896484375 0.5104166671875 0.8603515625 0.5234375 0.6767578125 0.5234375 0.6513671875 0.51953125 0.646484375 0.51171875 0.64453125 0.3424479171875 0.63671875 0.3138020828125 0.63671875 0.30859375 0.638671875 0.3046875 0.6435546875 0.3020833328125 0.6572265625 0.2890625 0.7490234375 0.2708333328125 0.8779296875 0.2734375 0.8837890625 0.2799479171875 0.888671875 0.4752604171875 0.8984375
2 0.0481770828125 0.896484375 0.06119791718749999 0.896484375 0.23828125 0.8828125 0.2591145828125 0.880859375 0.2669270828125 0.87890625 0.2708333328125 0.8740234375 0.2734375 0.8583984375 0.2734375 0.7763671875 0.265625 0.6455078125 0.2630208328125 0.6337890625 0.2591145828125 0.630859375 0.23307291718749998 0.630859375 0.07421875 0.642578125 0.05338541718749999 0.64453125 0.0481770828125 0.646484375 0.0416666671875 0.6533203125 0.0390625 0.7685546875 0.0390625 0.8876953125 0.0416666671875 0.8916015625 0.0481770828125 0.896484375
7 1 0.3837890625 0.9986979171874999 0.3828125 0.98046875 0.3828125 0.9791666671874999 0.3837890625 0.9765625 0.3876953125 0.9765625 0.3974609375 0.9947916671874999 0.5263671875 0.9986979171874999 0.5390625 1 0.5380859375 1 0.3837890625
43 1 0.1630859375 0.9986979171874999 0.162109375 0.98046875 0.162109375 0.9791666671874999 0.1630859375 0.9791666671874999 0.1943359375 0.9947916671874999 0.3310546875 0.9986979171874999 0.3359375 1 0.3349609375 1 0.1630859375
11 0.7421875 0.5849609375 0.7447916671875 0.5908203125 0.7513020828125 0.59375 0.94921875 0.59375 0.9557291671874999 0.5888671875 0.9557291671874999 0.5732421875 0.9296875 0.4052734375 0.9270833328125001 0.3896484375 0.9244791671874999 0.3857421875 0.91796875 0.3828125 0.7330729171875 0.3828125 0.7265625 0.3876953125 0.7265625 0.4130859375 0.7369791671875 0.5400390625 0.7421875 0.5849609375
3 0.7838541671875 0.3388671875 0.79296875 0.34375 0.87890625 0.34375 0.9596354171874999 0.341796875 0.9752604171874999 0.33984375 0.9791666671874999 0.3369140625 0.9791666671874999 0.3232421875 0.9505208328125001 0.1826171875 0.9453125 0.1650390625 0.9361979171874999 0.16015625 0.8059895828125001 0.162109375 0.7643229171875 0.1640625 0.7604166671875 0.1669921875 0.7604166671875 0.1806640625 0.7786458328125 0.3134765625 0.7838541671875 0.3388671875
15 0.51953125 0.595703125 0.55859375 0.59765625 0.7200520828125 0.59765625 0.7252604171875 0.595703125 0.7291666671875 0.5908203125 0.7291666671875 0.5869140625 0.71875 0.4248046875 0.7161458328125 0.3935546875 0.7135416671875 0.3896484375 0.7096354171875 0.38671875 0.51953125 0.38671875 0.515625 0.3896484375 0.5130208328125 0.4091796875 0.5130208328125 0.5517578125 0.515625 0.5927734375 0.51953125 0.595703125
35 0.5520833328125 0.3349609375 0.55859375 0.341796875 0.56640625 0.34375 0.63671875 0.333984375 0.7330729171875 0.318359375 0.7447916671875 0.3134765625 0.7447916671875 0.3037109375 0.6848958328125 0.1572265625 0.6796875 0.1474609375 0.6731770828125 0.142578125 0.6653645828125 0.142578125 0.5169270828125 0.1640625 0.5013020828125 0.16796875 0.5 0.1689453125 0.5 0.1787109375 0.5026041671875 0.1884765625 0.5520833328125 0.3349609375
31 0.3385416671875 0.3388671875 0.3450520828125 0.34375 0.3528645828125 0.34375 0.37890625 0.33984375 0.45703125 0.326171875 0.51953125 0.314453125 0.5286458328125 0.3095703125 0.53125 0.3056640625 0.53125 0.3017578125 0.4765625 0.1650390625 0.46875 0.1474609375 0.4622395828125 0.140625 0.44140625 0.142578125 0.2903645828125 0.16796875 0.2864583328125 0.1708984375 0.2864583328125 0.1806640625 0.2890625 0.1904296875 0.3385416671875 0.3388671875
27 0.1575520828125 0.326171875 0.22265625 0.32421875 0.2591145828125 0.322265625 0.2669270828125 0.3203125 0.2708333328125 0.3173828125 0.2734375 0.2958984375 0.2734375 0.1474609375 0.2669270828125 0.142578125 0.1236979171875 0.146484375 0.09244791718749999 0.1484375 0.0859375 0.1533203125 0.08072916718749999 0.1982421875 0.07291666718749999 0.3056640625 0.07291666718749999 0.3212890625 0.07942708281250001 0.326171875 0.1575520828125 0.326171875
23 0.06119791718749999 0.5703125 0.1940104171875 0.57421875 0.22265625 0.57421875 0.22786458281250002 0.572265625 0.23177083281250002 0.5693359375 0.234375 0.5634765625 0.23697916718749998 0.5478515625 0.2552083328125 0.4189453125 0.2604166671875 0.3701171875 0.25390625 0.365234375 0.06901041718749999 0.359375 0.06380208281250001 0.361328125 0.05729166718749999 0.3681640625 0.05208333281250001 0.3916015625 0.0182291671875 0.5556640625 0.0182291671875 0.5634765625 0.0247395828125 0.568359375 0.06119791718749999 0.5703125
19 0.28515625 0.580078125 0.45703125 0.595703125 0.47265625 0.595703125 0.4778645828125 0.59375 0.4817708328125 0.5888671875 0.484375 0.5771484375 0.5104166671875 0.4287109375 0.5130208328125 0.4130859375 0.5130208328125 0.3896484375 0.5065104171875 0.38671875 0.4908854171875 0.384765625 0.3424479171875 0.37109375 0.3190104171875 0.37109375 0.3151041671875 0.3740234375 0.3098958328125 0.3916015625 0.2708333328125 0.5537109375 0.2682291671875 0.5654296875 0.2682291671875 0.5732421875 0.2747395828125 0.578125 0.28515625 0.580078125