2 0.15502546718750002 0.9094845656249999 0.1665661828125 0.9074496265625 0.1682581125 0.9041103015624999 0.141645625 0.7531833859375 0.13745602343750002 0.7367339125 0.1337237359375 0.72681465625 0.1325359046875 0.7257019328125 0.10662660312500001 0.7249817609375 0.06467737343749999 0.7258999078125 0.0429103078125 0.7297380296875 0.0415126265625 0.7324966015625 0.06638411093749999 0.873549796875 0.0741862765625 0.9065504843750001 0.081596675 0.9092103421875001 0.0935896 0.9097400062500001 0.15502546718750002 0.9094845656249999
34 0.19395339843749998 0.8979929249999999 0.25787954375 0.889365359375 0.261557653125 0.882105959375 0.249665465625 0.72693074375 0.2452677359375 0.701989975 0.2445550375 0.701322340625 0.2402559234375 0.69943605 0.20540769062500003 0.7042585640625 0.15571847656249999 0.7130201140625 0.1529649328125 0.7161499765625 0.15194589687499999 0.721618340625 0.1613151421875 0.8759823578124999 0.1649328125 0.8964991859375001 0.16849630468750001 0.8998373562499999 0.19395339843749998 0.8979929249999999
30 0.275984175 0.8750667984374999 0.3183001328125 0.867605353125 0.365934240625 0.856561834375 0.36961235000000003 0.849302434375 0.358580959375 0.768744153125 0.3417587921875 0.6733409015625 0.33938313125 0.6711154546875 0.330727625 0.6726416546875 0.2549658578125 0.6883804046875001 0.2508355390625 0.6930752 0.25252975625 0.7139311859374999 0.26756100312500003 0.8329204171875 0.27479634375 0.873954075 0.275984175 0.8750667984374999
26 0.3785983984375 0.8305297406250001 0.3828975125 0.83241603125 0.39059132343749997 0.8310594046875 0.46277810625000004 0.813042246875 0.4700197078125 0.8091210156249999 0.4714909515625 0.8062172546875 0.44774999062500004 0.6715755718749999 0.44000513281250003 0.633276096875 0.43667920625 0.6301604703125 0.391862775 0.6380628171875 0.35418538437499997 0.6470862625 0.34813161406250004 0.652120215625 0.3471125796875 0.65758858125 0.3687039828125 0.7912871203125 0.3745826984375 0.824626965625 0.3785983984375 0.8305297406250001
22 0.5390716578125 0.79694529375 0.57369380625 0.790840475 0.575900671875 0.786484834375 0.5634222125 0.697719821875 0.5480471140625001 0.6105233015625 0.5454338859375001 0.6080753109375 0.46417437812499995 0.617379309375 0.459750428125 0.618159371875 0.4562194421875 0.6251283953125 0.47204048906249996 0.7598444046874999 0.47927582968750004 0.8008780609375 0.4804636609375 0.8019907843749999 0.49822694375000004 0.801502978125 0.5390716578125 0.79694529375
18 0.6548816640624999 0.6461588984375 0.6457228703125 0.605464396875 0.642159378125 0.6021262265625 0.5812540687500001 0.6110144375 0.554710428125 0.6156947984375 0.5529449343749999 0.619179309375 0.556911659375 0.6517985562499999 0.58246145625 0.7966986546875 0.5857873812500001 0.7998142796875001 0.6766418640625 0.7864385234375 0.6788487296875 0.7820828843750001 0.6793582484375 0.7793487015625 0.6673747156250001 0.7113867093749999 0.6548816640624999 0.6461588984375
14 0.79087015 0.7818986031249999 0.78490099375 0.7480458375000001 0.768913221875 0.6731213109375 0.753761096875 0.6096845375 0.7492931859375 0.6012171578125 0.6692552265625 0.6129501046875 0.66021503125 0.614544134375 0.6566840468749999 0.621513159375 0.6903767328125 0.7900986796875 0.6948446421875001 0.79856605625 0.69914375625 0.800452346875 0.7895460296875 0.7845119875 0.79087015 0.7818986031249999
10 0.8902565953125 0.7606720140625 0.886638925 0.7401551859375 0.849774515625 0.598572328125 0.84559001875 0.5860884671875 0.8403635640625 0.581192484375 0.7715039609375001 0.5933342890625 0.7516242531249999 0.59869065625 0.7508886312499999 0.6001425359375 0.755862928125 0.6283531765625 0.7645695124999999 0.666483071875 0.78888043125 0.770614346875 0.792160509375 0.777969 0.7957240015625 0.781307171875 0.8880497296875 0.7650276546875 0.8902565953125 0.7606720140625
6 0.8900524750000001 0.7640134328125 0.9785312968750001 0.7484122281250001 0.9817571968750001 0.7385882234375 0.9705309218749999 0.595062903125 0.9644193203125001 0.5604022875 0.962919553125 0.55958255625 0.8722928812499999 0.5755624828125 0.8690341578125 0.5773270390625 0.86818391875 0.5893764906250001 0.8703303453125001 0.6127970781250001 0.882419103125 0.7375938296875 0.8864889828125 0.7606752625000001 0.8900524750000001 0.7640134328125
42 0.8243239265625 0.391248309375 0.8279415968749999 0.4117651359375 0.8562077765625 0.5495754140625 0.8640703828125 0.5547998749999999 0.9111376640625 0.5517893234375 0.9519823781250001 0.5472316390625 0.9536007468750001 0.544037503125 0.9499830765624999 0.5235206734375 0.9226429843749999 0.3977110671875 0.9180062796874999 0.382662603125 0.9144427875 0.3793244328125 0.8986029578125001 0.37947308125 0.8265307921874999 0.38689266875 0.8243239265625 0.391248309375
51 0.7447415046875 0.5849637484375 0.748304996875 0.58830191875 0.77330988125 0.5838928828125 0.8209439890624999 0.5728493640625001 0.8339559484375 0.567910665625 0.835258396875 0.5584258171875 0.82279713125 0.46807117031249995 0.8109266500000001 0.400750328125 0.740720625 0.4131295453125 0.722306121875 0.41835977343749997 0.7200992562499999 0.4227154140625 0.7222456828125 0.4461360015625 0.7311752406250001 0.50802564375 0.7447415046875 0.5849637484375
47 0.7090521875 0.57658065 0.7379039781250001 0.5714933015625 0.7401108437499999 0.5671376609375 0.7269967875 0.4927641578125 0.7101504453125 0.4084713984375 0.706586953125 0.40513322812499997 0.6907471234375 0.405281878125 0.6470624593750001 0.41060475781249994 0.6189800421875 0.41555644531249997 0.6183915453125 0.4167179484375 0.6237034328125 0.4580907609375 0.6449572453125 0.5786271265625 0.650444190625 0.581626140625 0.675901284375 0.579781709375 0.7090521875 0.57658065
38 0.628042325 0.5805519484375 0.631437021875 0.57730903125 0.6322872609375 0.5652595812500001 0.61937653125 0.4661697203125 0.6101665453125 0.41393729375 0.608266015625 0.4121569375 0.5751151125 0.4153579953125 0.5212584390624999 0.42485437968750006 0.5190515734375001 0.4292100203125 0.5225546249999999 0.46032441874999996 0.5427894046875 0.5863291484375 0.546352896875 0.58966731875 0.564116178125 0.5891795125 0.628042325 0.5805519484375
39 0.735518565625 0.35494580781249996 0.741288925 0.3539283375 0.8100810109375001 0.33915409687500003 0.815399159375 0.335572021875 0.8157971906249999 0.32095796875 0.8085248640625 0.26115601875 0.7950264312499999 0.18460260312500001 0.7359764546875 0.19501470625 0.7180033015625 0.1993738125 0.7107617 0.2032950421875 0.7090070421875 0.2102152859375 0.730031621875 0.35194679375 0.735518565625 0.35494580781249996
48 0.7012925953125 0.23788673437500002 0.695774396875 0.21558954843749997 0.6922109046875 0.212251378125 0.674447621875 0.212739184375 0.624845459375 0.2193699125 0.6121506796875 0.22160834375 0.6090610671875 0.22770624062499997 0.634113434375 0.369785275 0.6372017953125 0.37267835625 0.651118171875 0.3728688640625 0.6884102359375001 0.3684087390625 0.7230323765625 0.362303921875 0.7231795015625 0.3620135453125 0.7012925953125 0.23788673437500002
52 0.537917253125 0.3933581078125 0.57638630625 0.3865749765625 0.6182500546874999 0.37654892812499996 0.6191328015625001 0.374806671875 0.5930403546874999 0.2268290484375 0.5927575671875001 0.22635004374999998 0.5915697359375 0.2252373203125 0.549253778125 0.2326987640625 0.50931348125 0.24238565781250002 0.5071066156249999 0.24674129687500002 0.5184118359375 0.3108563859375 0.5339015515625001 0.38745533593750003 0.536729421875 0.3922453859375 0.537917253125 0.3933581078125
43 0.4844334234375 0.2441283421875 0.40595655624999993 0.25796593125 0.40433818749999995 0.26116006875000003 0.407841240625 0.2922744671875 0.41751725781250004 0.356147959375 0.4262901078125 0.4059012671875 0.42937846718749995 0.40879434843749995 0.508692234375 0.3974535328125 0.512822553125 0.3927587359375 0.51363778125 0.38838404375 0.48894718125000003 0.2483566921875 0.4844334234375 0.2441283421875
3 0.3764147484375 0.42447969687500003 0.4048143296875 0.41682774531250005 0.4159028375 0.4122282015625 0.41737408125000003 0.409324440625 0.41093010625000004 0.372778840625 0.3893913140625 0.2674976796875 0.3863029546875 0.2646046 0.346679821875 0.2715912265625 0.305947228125 0.28353329375 0.30521160625 0.2849851734375 0.3046447796875 0.293018140625 0.33053529843749996 0.4286029703125 0.33409879062500003 0.43194114062500005 0.3764147484375 0.42447969687500003
35 0.293519384375 0.3187789109375 0.2925257765625 0.30414580625 0.2918022421875 0.300042440625 0.2863382203125 0.2949239125 0.22117006562500002 0.2852600953125 0.21110059374999998 0.284391275 0.2034067828125 0.2857479 0.2011999171875 0.290103540625 0.2006330921875 0.2981365078125 0.20502991874999998 0.410803421875 0.20878325156250002 0.43208962968750003 0.2118716109375 0.4349827109375 0.277039765625 0.4446465296875 0.29287959531249996 0.44449787812499997 0.2950864625 0.4401422390625 0.29565328750000003 0.43210927187500003 0.293519384375 0.3187789109375
31 0.197164590625 0.4657381796875 0.1994860734375 0.45078496875 0.1989062453125 0.3490801125 0.1935927921875 0.31894602031249997 0.1929988765625 0.3183896578125 0.1743311765625 0.31374825781250004 0.11901697656250002 0.303801309375 0.106430384375 0.3060206640625 0.10503270312499999 0.30877923749999997 0.1079564078125 0.4378363765625 0.1102174515625 0.45065939374999997 0.115704396875 0.4536584078125 0.1913942328125 0.46675564999999997 0.197164590625 0.4657381796875
27 0 0.3783534125 0.02042086875 0.4638486140625 0.0246053640625 0.476332475 0.028168856250000002 0.479670646875 0.04016178125 0.48020030937499997 0.08530560937500001 0.47752891562500005 0.10819469687500001 0.4734929515625 0.0907846578125 0.374755715625 0.0854931890625 0.34924534218750003 0.080404275 0.331632275 0.0775764046875 0.3268422234375 0.06631910156250001 0.3248606796875 0.032195315625 0.32704333124999996 0 0.33272023281249996 0 0.3783534125
23 0.1072388671875 0.6750279906250001 0.1125570171875 0.6714459171875 0.11476388281250001 0.6670902765625 0.10629670625000001 0.5347135484375001 0.10092672656249999 0.50425888125 0.0162948109375 0.519181771875 0.015559189062500001 0.520633653125 0.014540154687500001 0.526102015625 0.021569375 0.6660703375 0.025051382812500002 0.6858177859375 0.026001646875 0.6867079640625 0.1072388671875 0.6750279906250001
19 0.2189624140625 0.516812771875 0.21569828906250002 0.498300996875 0.214985590625 0.49763336249999995 0.2106864765625 0.495747071875 0.155058125 0.49894499999999997 0.1297326703125 0.5034105609374999 0.1282614265625 0.5063143218749999 0.127242390625 0.511782684375 0.1285579375 0.6519651796875 0.1317324421875 0.669968696875 0.13678043125 0.6727277890625001 0.1780773546875 0.670734709375 0.1996875421875 0.6695685890624999 0.220845521875 0.665837865625 0.22305238749999998 0.6614822265625 0.2189624140625 0.516812771875
15 0.332750975 0.6453126140625 0.334213190625 0.6395457437500001 0.326789428125 0.5974435015624999 0.30443061718750003 0.49032367812500005 0.3011505375 0.4829690234375 0.2975870453125 0.47963085312500003 0.2843266921875 0.4809112765625 0.20969672187500002 0.494070553125 0.208372603125 0.4966839375 0.22940344218750003 0.5934605578125 0.2427467328125 0.64663891875 0.24602681093749998 0.653993571875 0.24959030312500002 0.65733174375 0.332750975 0.6453126140625
11 0.3974091328125 0.45806301562499996 0.393845640625 0.4547248453125 0.38212405 0.45573394375 0.30614766250000003 0.4691306296875 0.3201209140625 0.5483768796875 0.3360628390625 0.62754043125 0.33962633124999997 0.6308786015625001 0.42323921249999996 0.621424075 0.42544607812499996 0.6170684343749999 0.3974091328125 0.45806301562499996
7 0.523804965625 0.5000334859375 0.5124997453125 0.4359183984375 0.508936253125 0.43258022812499997 0.47563823125000004 0.43607166093750005 0.4217815515625 0.44556804687499996 0.41972180937500003 0.4496333109375 0.44685433750000003 0.6035095218750001 0.44968220781249996 0.6082995718750001 0.4508700390625 0.609412296875 0.470319215625 0.6083627890625001 0.53602435 0.5967772 0.5377088203125 0.590133765625 0.523804965625 0.5000334859375