37 1 0.4912109375 0.9947916671874999 0.48828125 0.8767361109375 0.482421875 0.828125 0.482421875 0.8229166671874999 0.4873046875 0.815972221875 0.5419921875 0.8125 0.6142578125 0.8177083328125001 0.6171875 0.980902778125 0.626953125 0.984375 0.626953125 0.9930555562500001 0.6220703125 0.996527778125 0.6083984375 1 0.5498046875 1 0.4912109375
29 0.53125 0.4580078125 0.5364583328125 0.4609375 0.5642361109375 0.4609375 0.7586805562500001 0.447265625 0.7673611109375 0.4423828125 0.753472221875 0.3798828125 0.746527778125 0.3583984375 0.7447916671875 0.357421875 0.7170138890625 0.357421875 0.5225694437499999 0.373046875 0.5173611109375 0.3759765625 0.5173611109375 0.3955078125 0.527777778125 0.4482421875 0.53125 0.4580078125
13 0.5538194437499999 0.31640625 0.578125 0.31640625 0.7725694437499999 0.30859375 0.777777778125 0.3056640625 0.78125 0.3017578125 0.7708333328125 0.2275390625 0.765625 0.22265625 0.730902778125 0.22265625 0.5607638890625 0.23046875 0.546875 0.232421875 0.5416666671875 0.2353515625 0.5451388890625 0.3056640625 0.5486111109375 0.3134765625 0.5538194437499999 0.31640625
17 0.4739583328125 0.3203125 0.48090277812500004 0.3203125 0.4895833328125 0.3173828125 0.49305555625 0.3095703125 0.5 0.2587890625 0.5 0.2373046875 0.4947916671875 0.234375 0.28993055624999997 0.232421875 0.28125 0.2373046875 0.2673611109375 0.3095703125 0.27256944375000003 0.314453125 0.2795138890625 0.31640625 0.4739583328125 0.3203125
21 0.2552083328125 0.4375 0.26215277812500004 0.439453125 0.44965277812500004 0.4296875 0.4739583328125 0.427734375 0.4791666671875 0.4248046875 0.47569444375 0.3779296875 0.47222222187499996 0.3544921875 0.46875 0.3408203125 0.4670138890625 0.33984375 0.46006944375 0.337890625 0.3142361109375 0.345703125 0.2552083328125 0.349609375 0.24826388906250002 0.3515625 0.246527778125 0.3525390625 0.246527778125 0.3818359375 0.25 0.4287109375 0.2552083328125 0.4375
25 0.2760416671875 0.568359375 0.44618055625 0.56640625 0.49131944375 0.564453125 0.49652777812500004 0.5615234375 0.49652777812500004 0.4755859375 0.49131944375 0.47265625 0.36631944375000003 0.47265625 0.27256944375000003 0.474609375 0.2673611109375 0.4775390625 0.2638888890625 0.4814453125 0.2638888890625 0.5634765625 0.26909722187499996 0.56640625 0.2760416671875 0.568359375
33 0.7725694437499999 0.576171875 0.777777778125 0.5732421875 0.777777778125 0.5283203125 0.7743055562500001 0.4853515625 0.769097221875 0.482421875 0.762152778125 0.48046875 0.543402778125 0.482421875 0.534722221875 0.4873046875 0.534722221875 0.5732421875 0.5399305562500001 0.576171875 0.7725694437499999 0.576171875
1 0.6545138890625 0.712890625 0.7899305562500001 0.712890625 0.7951388890625 0.7099609375 0.7916666671875 0.6162109375 0.7864583328125 0.61328125 0.7760416671875 0.611328125 0.5572916671875 0.609375 0.5538194437499999 0.609375 0.5451388890625 0.6123046875 0.5416666671875 0.6181640625 0.5416666671875 0.7060546875 0.550347221875 0.7109375 0.6545138890625 0.712890625
41 0.44618055625 0.71484375 0.5052083328125 0.71484375 0.5104166671875 0.7119140625 0.5138888890625 0.7060546875 0.5138888890625 0.6162109375 0.512152778125 0.615234375 0.5017361109375 0.61328125 0.28993055624999997 0.611328125 0.27777777812500004 0.6142578125 0.27430555624999997 0.6259765625 0.2708333328125 0.6572265625 0.2673611109375 0.7060546875 0.2760416671875 0.7109375 0.30381944375000003 0.712890625 0.44618055625 0.71484375
50 0.5711805562500001 0.828125 0.7795138890625 0.85546875 0.793402778125 0.85546875 0.7986111109375 0.8525390625 0.8020833328125001 0.8466796875 0.8229166671874999 0.7666015625 0.8229166671874999 0.7529296875 0.8142361109375 0.748046875 0.581597221875 0.720703125 0.5729166671875 0.7255859375 0.559027778125 0.7646484375 0.5451388890625 0.8115234375 0.5451388890625 0.8212890625 0.550347221875 0.82421875 0.5711805562500001 0.828125
46 0.27256944375000003 0.833984375 0.48784722187499996 0.84765625 0.4982638890625 0.84765625 0.5069444437499999 0.8447265625 0.5104166671875 0.8388671875 0.5208333328125 0.7607421875 0.5208333328125 0.7451171875 0.515625 0.7421875 0.39756944375000003 0.734375 0.3142361109375 0.73046875 0.2829861109375 0.73046875 0.27777777812500004 0.7333984375 0.27430555624999997 0.7431640625 0.2604166671875 0.8212890625 0.2604166671875 0.8291015625 0.265625 0.83203125 0.27256944375000003 0.833984375
9 0.4010416671875 0.962890625 0.4739583328125 0.962890625 0.47569444375 0.9619140625 0.4791666671875 0.9521484375 0.4791666671875 0.8544921875 0.47743055625 0.853515625 0.4704861109375 0.8515625 0.237847221875 0.84765625 0.22916666718749998 0.8525390625 0.22569444375 0.8818359375 0.222222221875 0.9541015625 0.22743055625 0.95703125 0.24131944375 0.958984375 0.4010416671875 0.962890625
5 0.5399305562500001 0.974609375 0.7864583328125 0.97265625 0.7986111109375 0.9677734375 0.7986111109375 0.9482421875 0.784722221875 0.8642578125 0.7760416671875 0.857421875 0.5329861109375 0.861328125 0.5260416671875 0.86328125 0.5243055562500001 0.8642578125 0.5243055562500001 0.8876953125 0.53125 0.9677734375 0.5399305562500001 0.974609375
55 0 0.9150390625 0.0052083328125 0.916015625 0.053819443749999994 0.900390625 0.059027778125 0.8974609375 0.059027778125 0.8876953125 0.0208333328125 0.8388671875 0.010416667187500001 0.8271484375 0.0017361109374999999 0.8203125 0 0.8212890625 0 0.9150390625
55 0.05729166718749999 0.873046875 0.0607638890625 0.873046875 0.06944444375 0.8525390625 0.06944444375 0.8486328125 0.065972221875 0.8427734375 0.0607638890625 0.83984375 0.046875 0.837890625 0.0295138890625 0.837890625 0.02430555625 0.8408203125 0.02430555625 0.8447265625 0.03125 0.8603515625 0.05729166718749999 0.873046875
55 0 0.9423828125 0.012152778125 0.9453125 0.0364583328125 0.947265625 0.0416666671875 0.9443359375 0.059027778125 0.9033203125 0.05729166718749999 0.90234375 0.046875 0.90234375 0.0017361109374999999 0.916015625 0 0.9169921875 0 0.9423828125