44 0.1960760546875 0.0383543421875 0.203513128125 0.20253887656249997 0.2134789859375 0.2132747234375 0.30893004999999996 0.2058609234375 0.3114353734375 0.20166983749999998 0.3120537109375 0.1701827125 0.309207915625 0.0749061609375 0.30516560312499996 0.0364461359375 0.3026187734375 0.033702529687499996 0.2945768609375 0.0319292578125 0.264896059375 0.029811814062500004 0.2058066625 0.028166826562500004 0.2019218109375 0.028575140625000002 0.1983091703125 0.031573356250000004 0.1960760546875 0.0383543421875
44 0.156401178125 0.053260237499999995 0.1548183765625 0.1503115078125 0.154744459375 0.18697843281249998 0.15692213593749998 0.2076976390625 0.158029453125 0.20889051093750002 0.20461169687499997 0.20399451875 0.2035516640625 0.1939089796875 0.196680221875 0.05064238125 0.1953281546875 0.0377783234375 0.1927813234375 0.035034717187499995 0.1728126484375 0.0318964875 0.1592156703125 0.0333255875 0.15838056250000002 0.0347226171875 0.1569825546875 0.040106575 0.156401178125 0.053260237499999995
3 0.054297596875 0.3467909578125 0.0578363203125 0.3804596671875 0.0827552234375 0.5428067859375 0.0860771765625 0.5463854015625 0.09217666249999999 0.5483628328125 0.1937272109375 0.5429264609375 0.197485196875 0.53663983125 0.19326595 0.4964963703125 0.1741466046875 0.3472868765625 0.171659759375 0.34231123124999996 0.16639538125 0.338936771875 0.0762271765625 0.3405583 0.056802920312500005 0.3425998703125 0.054297596875 0.3467909578125
35 0.2593390140625 0.5225450515625 0.3176117828125 0.5164203374999999 0.3178623140625 0.516001228125 0.2974329890625 0.321629175 0.2958165390625 0.3183950078125 0.2924945875 0.3148163921875 0.271894965625 0.315017615625 0.181086565625 0.32456196406250004 0.1806690109375 0.32526047812500003 0.1861132015625 0.37705849375 0.2019752734375 0.4906058125 0.20691200312500002 0.5188905640625 0.212448590625 0.524854921875 0.2593390140625 0.5225450515625
31 0.330388934375 0.49504579375 0.331496253125 0.4962386671875 0.356747784375 0.4935846234375 0.4333559703125 0.475058734375 0.441949628125 0.4708704640625 0.435894203125 0.4132569421875 0.412105146875 0.2822132046875 0.40908605 0.2770316515625 0.3731382359375 0.28080991875 0.3199760359375 0.293205621875 0.304708840625 0.297428778125 0.3022035171875 0.301619865625 0.3065588703125 0.343058278125 0.3265410421875 0.477120646875 0.330388934375 0.49504579375
27 0.540644146875 0.2588837953125 0.540117709375 0.2585463484375 0.432118846875 0.26989748750000003 0.4289454359375 0.2752061953125 0.45103136718750003 0.46665469687499994 0.45629574531249995 0.47002915468750006 0.5573018765625 0.45941298281250004 0.5610598625 0.45312635312499994 0.540644146875 0.2588837953125
19 0.5953562875 0.47767064687499994 0.601165084375 0.4862249078125 0.6167044890625 0.48459165000000004 0.7008101671875 0.46265923124999997 0.7045683453125 0.4582429453125 0.697446178125 0.3904800421875 0.678433546875 0.27778756250000003 0.6751300734375 0.26504221562499997 0.6709222671874999 0.260509303125 0.6592677124999999 0.261734246875 0.63517424375 0.26793248593749996 0.5721630390625 0.2850292765625 0.5646655453125 0.2884358046875 0.5621602218749999 0.29262689218750004 0.5646101078125 0.3159359984375 0.5953562875 0.47767064687499994
11 0.73758586875 0.4752905703125 0.8347071484375 0.4650827125 0.8382146015625 0.459215190625 0.8351658546875 0.43020830156249995 0.8112047296875 0.288184903125 0.807084628125 0.2676698546875 0.8022124312500001 0.2624212171875 0.6961559953124999 0.2735681984375 0.6958219515625 0.27412701093749997 0.6949683640625001 0.2846907703125 0.7179448421875 0.447242046875 0.722337153125 0.47034699687500003 0.72565910625 0.4739256125 0.73758586875 0.4752905703125
15 0.7324929796874999 0.7033744734375 0.7346642609375 0.699742196875 0.7306137828125 0.6612044734375 0.7037816218749999 0.4956020109375 0.7010225671875 0.488036465625 0.697700615625 0.48445784999999997 0.592809634375 0.4954823359375 0.586419459375 0.5000817375 0.585301053125 0.5043889046875 0.5872065203125 0.5225182109375 0.5959467921875 0.5907282656249999 0.6118088640625 0.704275584375 0.614840128125 0.71443103125 0.6181620796875 0.718009646875 0.7269379125000001 0.7065768453125 0.7324929796874999 0.7033744734375
23 0.580996221875 0.7268911046875 0.6098603953125 0.7212388468750001 0.6106955046875 0.71984181875 0.6120935109375 0.7144578609375001 0.609643625 0.691148753125 0.5863949374999999 0.5260075750000001 0.5822748359375 0.5054925265625 0.5769597109375 0.49976674218749995 0.5676360515625001 0.5007466984375 0.4857164546875 0.5117134546875 0.468506834375 0.5161407687499999 0.4676717265625 0.5175377984375 0.46627372031250003 0.5229217562499999 0.46899581562500003 0.548820765625 0.4840042984375 0.6729318453124999 0.49247975312500003 0.73488530625 0.49358707031250004 0.736078178125 0.49774413125 0.7382597640624999 0.5132835359375 0.7366265078125 0.580996221875 0.7268911046875
7 1 0.4836836703125 0.9762249031250001 0.34101668125 0.9726307406249999 0.334848165625 0.9665312546875 0.3328707359375 0.886879375 0.3336488046875 0.864541475 0.3359966125 0.862203171875 0.33990829218749996 0.861077375 0.3478821515625 0.8629828421875001 0.3660114578125 0.8815670078125001 0.5054577859375 0.8873203671875001 0.5415122390625 0.8947993796875 0.547272440625 0.9164382718749999 0.5476166124999999 0.9733130328125 0.54687585625 1 0.54407094375 1 0.4836836703125
39 0.7610752062499999 0.7137247671875 0.7652322671875 0.7159063515625 0.875678315625 0.70167949375 0.880126065625 0.6972842499999999 0.8782205984375 0.67915494375 0.840867471875 0.491929603125 0.8381084171875001 0.4843640578125 0.8347864640625 0.48078544375 0.8318765234375001 0.47925833124999995 0.7992437359375 0.4826881765625 0.7260106328125 0.49221824375 0.7215628828125 0.4966134875 0.7248293968749999 0.527692296875 0.750874096875 0.68206555625 0.755266409375 0.70517050625 0.7610752062499999 0.7137247671875
43 0.371999296875 0.75173793125 0.4561298609375 0.7449902609375 0.47788501562499996 0.7427037015625 0.480775128125 0.7403051296875 0.4811473140625 0.7391749640625 0.45824332500000003 0.5212580578125 0.4457105546875 0.5187986062500001 0.3646878703125 0.525219625 0.34370968749999997 0.5274245203125 0.3408195734375 0.5298230921875 0.33831425 0.5340141796875 0.3418529734375 0.5676828890625 0.360981559375 0.7123090171875 0.36646270937500003 0.745773571875 0.371999296875 0.75173793125
52 0.2125832015625 0.5681771343750001 0.2111851953125 0.57356109375 0.21445170937500002 0.6046399015625 0.237391228125 0.7855246421875 0.24071318125 0.7891032578125 0.2640222890625 0.7866533718750001 0.28511675937500003 0.7818177421875 0.3520128171875 0.7643126375 0.355625459375 0.7613144234375 0.3598009984375 0.754329278125 0.356262275 0.72066056875 0.332432209375 0.5686730515625 0.3277676890625 0.5429782000000001 0.32666037187499997 0.5417853296875 0.3225033109375 0.5396037421875 0.31279118281249996 0.5406245281250001 0.21897337656250002 0.563577734375 0.2125832015625 0.5681771343750001
48 0.2312411734375 0.8017511796875001 0.23263917968749998 0.796367221875 0.21886736875 0.60928189375 0.2172341125 0.5937424906250001 0.2144750578125 0.5861769453125001 0.20311119375 0.5808250562499999 0.11698110937499999 0.5748212546875 0.0906196125 0.5775919593750001 0.0887987734375 0.5862934984375 0.1089053203125 0.7962796187500001 0.116384334375 0.8020398203125 0.126368671875 0.8036089343749999 0.22706563281249997 0.8087363249999999 0.2312411734375 0.8017511796875001