44 0.296373609375 0.58247258125 0.29279965625000004 0.576674696875 0.2875409859375 0.5738363546875 0.23549967187499998 0.5766981609374999 0.075972209375 0.5892498359375 0.065591215625 0.5913844593750001 0.060950446874999994 0.5941025843750001 0.0615657125 0.62935111875 0.0844009453125 0.7737011390624999 0.09141250625 0.777485596875 0.1162351140625 0.7770523171875 0.2907110515625 0.7554493140625 0.3045637390625 0.7532540921875001 0.31662944843749996 0.748159928125 0.316186321875 0.7227731703125 0.312135153125 0.6896357015625 0.296373609375 0.58247258125
44 0.28267864375 0.3002467328125 0.261814396875 0.298657496875 0.13676526093750002 0.29693339218750003 0.0603880078125 0.2982665625 0.055231596875 0.3012867015625 0.051964425 0.313064265625 0.033793028125 0.4657484046875 0.034031634375 0.47941819687500004 0.0375715015625 0.48326325312499996 0.046301865625 0.4860409984375 0.05671694687499999 0.48585920156249995 0.22676175 0.47898421406249997 0.2614445953125 0.4764254 0.2700045265625 0.46943900781250003 0.28827818125000004 0.3226133515625 0.2879373140625 0.303085075 0.28267864375 0.3002467328125
55 0.530463765625 0 0.5141308578125 0.0014352609375 0.46916927812500003 0.01198718125 0.2721008359375 0.0623091640625 0.26428028124999997 0.0668897078125 0.26456235 0.08304936093750001 0.2746377203125 0.1081703109375 0.27981236875 0.11472162500000001 0.5649871828124999 0.10974387968749999 0.5732374390625 0.10491165625000001 0.5766409578125 0.100945403125 0.5764023515625001 0.0872756109375 0.5690158375000001 0.062010050000000004 0.55434506875 0.0173374109375 0.5471289890625 0.0018359875 0.5437274078125001 0 0.530463765625 0
55 0.3297073765625 0.860741803125 0.330187146875 0.8882278453125 0.3378394578125 0.9585639953125 0.3416861046875 0.9799844999999999 0.3462436203125 0.982444396875 0.3633417109375 0.9821459484374999 0.4612379640625 0.96520046875 0.6031683515624999 0.9392819937500001 0.6187057546875 0.93412723125 0.6215987468749999 0.930755915625 0.6213004890625 0.9136686796875001 0.609819425 0.822937259375 0.601054975 0.8182066875 0.5767872078125 0.8205837046875001 0.3481667453125 0.8538756281250001 0.3377857515625 0.8560102515624999 0.3297073765625 0.860741803125
55 0.602200921875 0.64511345 0.5843217015625 0.6454255328125 0.4422887953125 0.6555230734374999 0.3521270265625 0.6629571203125 0.345217728125 0.6650311453125 0.3373112328125 0.6696620265625 0.338395190625 0.7317619515625 0.3420724359375 0.783268109375 0.3490839953125 0.7870525671874999 0.3756176515625 0.7865894203125 0.5172395609375 0.7714201546874999 0.6073331546875 0.7600804515624999 0.6159271703125 0.7550468875 0.6151772625 0.71208468125 0.61061479375 0.6496547984375 0.602200921875 0.64511345
55 0.6053284 0.496012721875 0.4698982703125 0.496423240625 0.3483890015625 0.4985441921875 0.3432325921875 0.50156433125 0.342137159375 0.588022425 0.3426484609375 0.6173148125 0.3473812640625 0.6198693203125 0.44563018593750003 0.6181543796875 0.610811209375 0.611168946875 0.61596761875 0.6081488078125 0.619064359375 0.58660710625 0.6179394984375 0.5221637968749999 0.6140587625 0.49879046562499996 0.6053284 0.496012721875
55 0.591819015625 0.348765128125 0.5882450625 0.34296724375 0.582986390625 0.34012890156250003 0.5378202921875 0.33896385625000003 0.381525915625 0.3377851390625 0.3190354359375 0.3388759140625 0.3174885125 0.33978195625 0.318204334375 0.3807913484375 0.3262370484375 0.45302542656250006 0.3298110015625 0.45882331093750006 0.3356312453125 0.460675140625 0.4773920578125 0.458200696875 0.5745824296875 0.455527521875 0.595378503125 0.45321110156250005 0.6005349125 0.45019096249999996 0.5998872640624999 0.4130872390625 0.5956315765625 0.36823280468749997 0.591819015625 0.348765128125
55 0.32892833125 0.1894059421875 0.3309199703125 0.3035068640625 0.332672859375 0.304452978125 0.37389921875 0.3037333703125 0.39772450312499996 0.3008757203125 0.5917643781249999 0.27600109375000004 0.6003583953125 0.270967528125 0.603761915625 0.26700127500000004 0.6022961859375 0.18302969062500002 0.5985177125 0.165514840625 0.593259040625 0.1626764984375 0.57242888125 0.163040090625 0.360928278125 0.1823592265625 0.3401322046875 0.1846756453125 0.32892833125 0.1894059421875
55 0.56817309375 0.04854614375 0.5615024 0.06428996249999999 0.5523543156249999 0.0972671421875 0.5526367484375 0.11344771093749999 0.564141546875 0.1160095921875 0.5710849328125 0.11588839531249999 0.5831847296875 0.11274705781250001 0.58257116875 0.0775961625 0.5786563484375 0.052270003125 0.57508239375 0.0464721203125 0.573329503125 0.045526004687499996 0.56817309375 0.04854614375
55 0.292617915625 0.063904459375 0.2908991125 0.06491117187499999 0.291274065625 0.08639227499999999 0.2983538 0.0940823875 0.31058994375000004 0.0987523625 0.46078184375 0.10843731406249998 0.4895969 0.10793434531249999 0.4895696296875 0.10637208437500001 0.484310959375 0.10353374062500001 0.45987275937499994 0.0961466203125 0.31695385625 0.065433096875 0.3065046890625 0.063662065625 0.292617915625 0.063904459375
55 0.6645694718749999 0.0749928234375 0.6628506703125 0.0759995359375 0.6595494093750001 0.0858242734375 0.6495285609375 0.20309466718750002 0.6498551546875 0.2218051875 0.6567790703124999 0.22554233906249999 0.6637565453125001 0.22737396875 0.7886414984375001 0.24179818593750002 0.8115932484374999 0.2413975609375 0.8150308562499999 0.23938413593750002 0.8265656437500001 0.10439664062500001 0.8177671078125 0.09771324218750001 0.7271963 0.0817133578125 0.6819279375 0.0746898296875 0.6645694718749999 0.0749928234375
55 0.7488067 0.31008192343749996 0.7005772609375 0.3058448734375 0.6813672234375 0.3061801859375 0.67758585625 0.3083949546875 0.668466071875 0.382784196875 0.6632415875000001 0.45153818125 0.6633438468749999 0.45739667500000003 0.6680766499999999 0.4599511828125 0.6854692046874999 0.46160101718749996 0.788701209375 0.4668314171875 0.828251809375 0.46614105937500006 0.83293095625 0.45414350625 0.8414030921875 0.3426505421875 0.8410622249999999 0.3231222671875 0.8358035562499999 0.3202839234375 0.8253543875 0.3185128921875 0.7488067 0.31008192343749996
55 0.7177952375000001 0.56525185625 0.693493384375 0.565676046875 0.688371059375 0.5706490125 0.6857174500000001 0.617577471875 0.68531389375 0.64170933125 0.6867174140625 0.72211695625 0.687558134375 0.723030159375 0.7067035749999999 0.7256261078125 0.7327497984375 0.7256598249999999 0.8481836015625 0.7236449203124999 0.8507618078125001 0.7221348515625 0.856341725 0.643900553125 0.8551827765625 0.577504415625 0.8429466328125 0.5728344421875 0.8220823859375 0.57124520625 0.7177952375000001 0.56525185625
55 0.8572515390625 0.783066025 0.8478472890625 0.781472096875 0.8388208859375 0.781629653125 0.7669875109375 0.7846415906249999 0.7045311171875001 0.78768519375 0.6959030125 0.7907659312499999 0.6925335796875001 0.7966850125 0.6807942703125 0.919955540625 0.6813396578125 0.9512007812500001 0.6830925484375 0.952146896875 0.6883171328125 0.9530324125 0.7053862921875 0.9527344687499999 0.8356766234374999 0.93971641875 0.847708246875 0.9326694265625 0.85104359375 0.9247975187499999 0.8595839046875 0.8172102078125001 0.8590044296875 0.784012140625 0.8572515390625 0.783066025