51 0.452206296875 1 0.53277439375 0.975695459375 0.5441012828125 0.9696823562500001 0.546751346875 0.9655812562499999 0.54780389375 0.959633971875 0.5464414625 0.9401502984375 0.5434078984374999 0.9308340078124999 0.40871077343750006 0.9402529484375 0.40800408906249996 0.9413465750000001 0.41054729375 0.9777160984375 0.41363963750000005 1 0.452206296875 1
18 0.253284675 0.8748940468749999 0.2851851828125 0.8831054500000001 0.3530901453125 0.8987191734375 0.362866771875 0.8980355250000001 0.3668598828125 0.8891415640625 0.3663982640625 0.8069422812499999 0.363891390625 0.7710923234375 0.36133536093749996 0.768138428125 0.34343674062499996 0.7641689703125001 0.25610999218749997 0.7473028234375 0.245978484375 0.7480112875 0.2436817609375 0.751565575 0.24264168125 0.7646909328125 0.2427912765625 0.8508278218750001 0.2440628796875 0.869012584375 0.24725791562500002 0.8727049546875 0.253284675 0.8748940468749999
14 0.25732211718750003 0.690439128125 0.2583871296875 0.6916699171875 0.262465521875 0.6939952546875 0.3644573859375 0.6685896078125 0.3740175640625 0.6653105703125 0.3779926609375 0.659158921875 0.3773719984375 0.650283025 0.36568625312499997 0.5601668578125001 0.36228462499999997 0.5395205171875 0.3608398234375 0.536358390625 0.330883671875 0.538453128125 0.31074372031249997 0.5444298703125 0.2475375453125 0.56451283125 0.2429391140625 0.5687501734375 0.2413540609375 0.5740820640625001 0.24171737656249997 0.579277709375 0.25732211718750003 0.690439128125
10 0.2816660359375 0.47858951093749996 0.351988915625 0.47628258125 0.3656274859375 0.47532887968750004 0.3695821375 0.47168476562499995 0.36041570156249997 0.3405986140625 0.239162309375 0.349077478125 0.2371741671875 0.3603112359375 0.2471154640625 0.4744792078125 0.24818047656250003 0.47570999843750006 0.25225886875 0.478035334375 0.2816660359375 0.47858951093749996
6 0.23755244687500002 0.302722690625 0.23861745937499998 0.30395348125 0.2426958515625 0.3062788171875 0.35764952031249997 0.29824047343750004 0.3618846375 0.2888074859375 0.3570618125 0.16383949375 0.3545057828125 0.1608855984375 0.290599340625 0.165354371875 0.24299149843749998 0.1705108046875 0.2353796859375 0.17365360000000002 0.232729621875 0.1777546984375 0.2327794875 0.206466996875 0.2350092421875 0.26635316875 0.23755244687500002 0.302722690625
6 0.911690715625 0.5328201875 0.9124832421875 0.5301542453125 0.9081234625000001 0.467806490625 0.90387944375 0.421113796875 0.8988429 0.377087046875 0.8956478625000001 0.37339467656249997 0.8915694703125 0.3710693421875 0.8759825328125 0.3721592859375 0.7535987078125 0.38593825000000004 0.720658121875 0.3908522046875 0.718184728125 0.394679896875 0.7272494359375 0.5243112671875 0.7303109015625 0.542892975 0.7313759140625 0.544123765625 0.7354543046875001 0.5464491015624999 0.8213641234375 0.5430522265625 0.9090406515625 0.5369212859375 0.911690715625 0.5328201875
10 0.9034242125 0.750593984375 0.9067364359375001 0.7503623703125 0.909708496875 0.7480661234375 0.9121769046875 0.7413672015625 0.9151970593750001 0.613762353125 0.9135621421875 0.5903819453125 0.9133309734375 0.5898760046875 0.9101359375 0.586183634375 0.87062361875 0.5811150281249999 0.7520409671875 0.5716555609375 0.7346726671875 0.5728700703125 0.7306795562499999 0.58176403125 0.7296572796875 0.707140753125 0.7305655671875 0.7201298671874999 0.7358906281250001 0.7262838171875 0.8803013312499999 0.747511946875 0.9034242125 0.750593984375
14 0.9282482515625 0.9375991328125 0.932665025 0.9307639671875 0.9313934234374999 0.9125792031250001 0.9157886828124999 0.8014177859375 0.9106766234375 0.79550999375 0.8366386718750001 0.8006872328125001 0.8210203828125 0.8041288421875 0.7463056609375001 0.827627084375 0.73994051875 0.8345984953125001 0.738537125 0.8425282078125 0.7531017859375 0.9668149843749999 0.757023453125 0.980898646875 0.7606940062499999 0.9829914484375 0.76629555625 0.98259975 0.9206364390624999 0.9407419265625 0.9282482515625 0.9375991328125
30 0.705802809375 0.2624089125 0.7019089265625 0.22352331250000002 0.6994155859375 0.21586608593749998 0.6962205499999999 0.212173715625 0.5442479015624999 0.22280067812499998 0.5405378109375001 0.2285422171875 0.5424997109375 0.25659870625000003 0.55317405 0.36445015625 0.5584991125000001 0.37060410625 0.66425591875 0.37104044687500004 0.7110167328125 0.3677706125 0.7129601140624999 0.364763140625 0.705802809375 0.2624089125
30 0.3901642796875 0.30823629218750004 0.39356590625 0.328882634375 0.398677965625 0.334790425 0.4099785171875 0.33400021406249997 0.509766246875 0.324672903125 0.5310166296875 0.32057640468750004 0.5312816359375 0.3201662953125 0.5267084078125001 0.2547661 0.5169720078125 0.18972695 0.5142970109375 0.1794719 0.5091849515625 0.173564109375 0.5048985359375 0.17386384375 0.46823789375 0.1787768796875 0.39279654218750004 0.1918838296875 0.379339628125 0.1954353546875 0.3766895640625 0.1995364546875 0.3751045109375 0.20486834375 0.3901642796875 0.30823629218750004
34 0.40834766250000004 0.5220721109375 0.5068559718750001 0.5308468937499999 0.522442909375 0.5297569484375 0.525092975 0.5256558484375 0.5261330546874999 0.512530490625 0.525696903125 0.4194957453125 0.52365325625 0.3902702359375 0.5202452171874999 0.38633170781250004 0.4063316265625 0.38124469375 0.388796321875 0.38247088125 0.38614625625 0.38657198125000003 0.3851061765625 0.3996973390625 0.38580074375 0.49362769687499997 0.38725400468750004 0.5144102828125 0.3945274328125 0.5204279890625 0.40834766250000004 0.5220721109375
34 0.6740666671875 0.5477396390625 0.69549870625 0.546240965625 0.7000971390624999 0.5420036234375 0.699783334375 0.53471609375 0.6900737421875001 0.3958624515625 0.5364449812500001 0.40660522187500003 0.53423659375 0.41002280312500006 0.5413711015625 0.5400502 0.5447477953125001 0.5463403921875 0.5488261875 0.5486657296875 0.6740666671875 0.5477396390625
2 0.5077532078125 0.7312725312499999 0.520807265625 0.730359703125 0.5231039890625 0.7268054171875 0.52117094375 0.6235637671875 0.5191727125 0.5949877140625001 0.517554534375 0.5914461328125 0.5104627625 0.58802625 0.4946941671875 0.5865183703125 0.3909484140625 0.58124245625 0.3862723359375 0.5815694390624999 0.3822089046875 0.5878577921875 0.3850833609375 0.7129620265625001 0.3882783984375 0.716654396875 0.396253525 0.7187072484375 0.48112326406249994 0.7284357328125 0.5077532078125 0.7312725312499999
2 0.540693978125 0.5989649046875 0.5360955453125 0.603202246875 0.5346921499999999 0.611131959375 0.535055465625 0.6163276046874999 0.543543503125 0.7097129921875001 0.5474901015625 0.738152803125 0.5506851390625 0.7418451734375 0.5799106484375 0.7398015265625 0.63994671875 0.73038234375 0.6941376890625001 0.721371890625 0.7000298078125 0.7174356640624999 0.69320856875 0.6198874078125 0.6891082734375 0.5794499265625 0.686614934375 0.5717927015625001 0.6855499218750001 0.5705619093750001 0.6641178812499999 0.572060584375 0.6428674984375 0.57615708125 0.540693978125 0.5989649046875
42 0.5691540093749999 0.9415641875 0.58688415625 0.940324375 0.7007660437500001 0.9169588765625001 0.7161713234375 0.9132711078125 0.718203040625 0.91012693125 0.7082239890625 0.767419853125 0.7057702578125 0.7628489796875 0.69257764375 0.763771496875 0.570884396875 0.795514796875 0.56132421875 0.7987938359375 0.557609140625 0.8016641453125001 0.555140734375 0.8083630671875 0.5661719749999999 0.9381179765625 0.5691540093749999 0.9415641875
42 0.378081878125 0.8074305468749999 0.3791718234375 0.823017484375 0.3944132484375 0.9289832578125001 0.3976082859375 0.932675628125 0.4073501234375 0.9319944124999999 0.4208070359375 0.9284428874999999 0.5203055609375 0.8953800140625001 0.5242602109375001 0.8917358999999999 0.5204345046875 0.837025746875 0.5099760156250001 0.76166025 0.5046509546875 0.7555062984375 0.5007542203125 0.7557787859375 0.4492382484375 0.7750442875 0.3844470203125 0.8004591390625 0.378081878125 0.8074305468749999
38 0.7291429609375 0.3497957390625 0.7323379984375 0.353488109375 0.736416390625 0.35581344531250003 0.7675902671875 0.3536335546875 0.9016642953125 0.339037134375 0.9092761062499999 0.3358943390625 0.91369288125 0.329059175 0.9124839687499999 0.3061710828125 0.9030741109375 0.17160385 0.9026117749999999 0.17059196875 0.8991828375 0.1682212171875 0.879049709375 0.1696290625 0.8606310484374999 0.17222228281250002 0.7329470953125 0.19420344375 0.7233869171875 0.1974824828125 0.7207368515625 0.20158358281250002 0.723329921875 0.26666540156249996 0.7291429609375 0.3497957390625