37 0.4768910203125 0.88429615 0.482838496875 0.8277096953124999 0.4788717828125 0.8224747171875 0.42520975937500005 0.8098519140624999 0.35370295937499996 0.7988448984375001 0.3502449015625 0.8037184640625 0.3245451328125 0.958546940625 0.323427259375 0.9691827984374999 0.3270600625 0.9775947234375 0.3402940953125 0.982477025 0.398203915625 0.992054940625 0.45647668281250003 0.9981796546874999 0.45993474062499995 0.9933060890625001 0.4768910203125 0.88429615
29 0.6217053890625001 0.530423059375 0.6022811328125 0.5283814890625 0.5487468046874999 0.5332288484375 0.53867173125 0.5356612640625 0.5368274328125 0.5382604984375 0.5316373046875 0.587641271875 0.5255821046875 0.7629687953125 0.52937285625 0.7717464546875 0.5311210375 0.771930196875 0.59314020625 0.764832415625 0.6152327796875 0.7601717421874999 0.616385465625 0.7585472203125 0.619289034375 0.7309216125 0.6240746078125 0.535909096875 0.6217053890625001 0.530423059375
13 0.6549326875 0.789787571875 0.6560383234375 0.792347721875 0.6634450796875 0.79661755 0.6677928843750001 0.7972927328125 0.735170740625 0.80437443125 0.7364675125 0.8025468437500001 0.739861721875 0.7889381953125 0.76541578125 0.620547975 0.769045240625 0.5860159656249999 0.764733596875 0.580325771875 0.6920102625 0.5622081953125 0.687762465625 0.5652530828125 0.6843044078125 0.57012665 0.6618286624999999 0.72417675 0.6549326875 0.789787571875
17 0.705820246875 0.3000192546875 0.6900838578124999 0.42545036718749996 0.6818207859375 0.50406824375 0.6828907984375 0.5088358375 0.6902975546875 0.513105665625 0.7394525187500001 0.5251674734375 0.76149904375 0.52748465625 0.764899465625 0.52269231875 0.788255709375 0.3191576140625 0.7843070109375 0.3100142171875 0.7138890484375 0.2886475984375 0.708488565625 0.2933170078125 0.705820246875 0.3000192546875
21 0.6828870328125001 0.275307890625 0.669653 0.27042558906249997 0.6467068390625 0.264522503125 0.600451571875 0.256169528125 0.5969935140625 0.2610430953125 0.592510465625 0.2850113453125 0.566716596875 0.44820916562499996 0.563929171875 0.47472974843750004 0.5644157843750001 0.477573975 0.57261228125 0.48367248125 0.5986308499999999 0.4883710265625 0.6490125328125 0.4936663546875 0.64915661875 0.4934632875 0.6518249359375 0.486761046875 0.6618798703125 0.4284649421875 0.68489330625 0.2842471296875 0.683676771875 0.27713656875 0.6828870328125001 0.275307890625
25 0.461384478125 0.25826781875 0.457926421875 0.26314138125 0.455258103125 0.26984362812499996 0.43941617187500004 0.43925463750000004 0.4366403 0.4843504046875 0.4385751625 0.48883066875000003 0.525110221875 0.49792587031249996 0.5279343015625 0.49394579062500005 0.541000359375 0.3696305546875 0.5488574765625 0.27618997031250003 0.5464882578125 0.270703934375 0.542966353125 0.26684241875 0.461384478125 0.25826781875
33 0.5135277328125001 0.545063675 0.5095790328125 0.535920278125 0.4241123078125 0.5269373640625 0.42134586250000006 0.5308362171875001 0.396810709375 0.76427260625 0.398706084375 0.7686614359374999 0.44338187187500006 0.7733570515625 0.48647818125000003 0.7743953078125 0.4899362390625 0.769521740625 0.49260455625 0.762819496875 0.5135277328125001 0.545063675
1 0.3793887953125 0.5329726296875 0.2865153125 0.5197198859375 0.2838641359375 0.5234562859375 0.265771275 0.69559835625 0.259956403125 0.7630684796875 0.262444084375 0.7688288171875 0.3570402109375 0.778771271875 0.3575044765625 0.7785582171875001 0.3613254796875 0.7702314515625 0.361688425 0.7667782484375001 0.38261160156249996 0.5490224265625 0.3817580140625 0.5384586687499999 0.3793887953125 0.5329726296875
41 0.3861022796875 0.49152021562500003 0.390286228125 0.47974024687499994 0.41048351250000004 0.268890828125 0.40962992500000006 0.2583270671875 0.40884018437499997 0.2564983875 0.3194886078125 0.247107159375 0.3132983859375 0.24994788906249998 0.3106472078125 0.2536842890625 0.29914181875 0.3631507625 0.2907318828125 0.455311271875 0.28977074062499997 0.4831410359375 0.29371943906250003 0.49228443281249995 0.3426430234375 0.49393516093749995 0.3740847796875 0.49374847343750006 0.3861022796875 0.49152021562500003
50 0.23019236250000003 0.51746601875 0.14837523749999998 0.5298147828124999 0.14218501562500002 0.5326555109375 0.13953383749999998 0.5363919109374999 0.137410603125 0.5565931375 0.14269236875 0.7613921421875001 0.14439954375 0.7825196640625001 0.146097484375 0.7864513234375 0.161588325 0.7880794765625 0.2045508890625 0.7801134546874999 0.244851184375 0.7703837921875001 0.25061461406249996 0.762261184375 0.247738040625 0.528038515625 0.2437893421875 0.5188951187499999 0.23019236250000003 0.51746601875
46 0.1807533796875 0.239508196875 0.177951309375 0.2456144921875 0.1753346421875 0.2705104265625 0.16693786093750002 0.4737221296875 0.1681543953125 0.4808326890625 0.1702866921875 0.485770121875 0.18126139375 0.48692360937499995 0.2574421234375 0.48148883593749997 0.267517196875 0.4790564203125 0.27005310625 0.4754824734375 0.275206940625 0.4264470171875 0.27906762343749997 0.3598189078125 0.2836380875 0.24159344374999997 0.2815057890625 0.236656009375 0.2617901734375 0.23458381562500003 0.1869436015625 0.236667465625 0.1807533796875 0.239508196875
9 0.17596807812499998 0.1869405078125 0.0788468 0.17673265 0.0702829859375 0.17880020624999998 0.05199050468750001 0.35284153749999997 0.047186504687500005 0.4125623734375 0.047677146875 0.42657933437500006 0.0494343171875 0.43064814531250006 0.07803655312499999 0.4336543609375 0.1222790578125 0.436165984375 0.1517783875 0.4357751421875 0.1575418171875 0.42765253124999997 0.17797435156250002 0.19587975 0.1767578171875 0.1887691875 0.17596807812499998 0.1869405078125
5 0 0.734398175 0.00429706875 0.7412164125 0.0452334875 0.749141278125 0.108289465625 0.755768728125 0.1103407359375 0.7506163765625 0.1396318109375 0.50930061875 0.1337406859375 0.4999530671875 0.0516681703125 0.47736150468750005 0.032243915625 0.47531993281249996 0.026117540625 0.48689574375 0.015032901562500001 0.584884990625 0 0.7279134953125 0 0.734398175
55 0.1383250359375 0 0.1334854890625 0.01096293125 0.132882090625 0.0167038796875 0.13288920312500002 0.0167919078125 0.2272263390625 0.026707140624999997 0.22739924218750002 0.0264634625 0.22150811875 0.0171159078125 0.210942403125 0.0055313640625 0.2052211671875 0 0.1383250359375 0
55 0.1774503953125 0 0.1774500125 0.0000036453125 0.187353684375 0.027229675 0.200685846875 0.034915368749999995 0.20651312187499998 0.035527840625 0.2095101046875 0.0313040828125 0.211324834375 0.014038078125 0.21083419375 0.000021117187499999997 0.21082507343749998 0 0.1774503953125 0
55 0.1047867125 0 0.10442186406250001 0.0034712984375 0.105810865625 0.013945859375 0.13224172812499999 0.01672385625 0.13241463125 0.0164801765625 0.13935944375 0 0.1047867125 0