9 0.11355663281249999 0.2676343109375 0.10927297656249998 0.26094888906249997 0.0846365625 0.26709143750000003 0.0189326640625 0.2942088171875 0.01408734375 0.29899541093750004 0.012504690625 0.3047577890625 0.0131296015625 0.31533754062499997 0.058858790625000004 0.5132793671875 0.064486834375 0.53585221875 0.068042484375 0.5396177718749999 0.090783790625 0.5339477265625 0.16322811718750002 0.50157125 0.1686009890625 0.49486386250000003 0.168773065625 0.489095328125 0.11355663281249999 0.2676343109375
5 0.14253018281250002 0.8714724281249999 0.157691053125 0.8676923999999999 0.24004111562500002 0.8185320656249999 0.24488643593749998 0.8137454734375 0.24657460000000003 0.8075989343750001 0.2271914484375 0.7298573578124999 0.18030328906249998 0.566826671875 0.17297627499999998 0.549329496875 0.1546503265625 0.5538986687499999 0.07638475781250001 0.5981042515625 0.07185189374999999 0.6081807203125 0.10377214374999999 0.7362058515625 0.137587503125 0.8637584781250001 0.141162625 0.8700241375 0.14253018281250002 0.8714724281249999
50 0.25629144843749996 0.8231583125 0.26228923125 0.8270306765625 0.35661448125 0.8178268281250001 0.36798513437499997 0.8149918062499999 0.37062288906249996 0.805387840625 0.35175330625 0.681265853125 0.33541506249999997 0.5826359234375 0.3243269765625 0.5381640375 0.3226859078125 0.536426090625 0.31616057343750004 0.5344745171875 0.249700940625 0.5414722249999999 0.216647096875 0.5497134734375 0.21646245312499998 0.550385753125 0.21624735624999997 0.5575964203125 0.222322121875 0.606181084375 0.2510363125 0.8101544859375001 0.2527163265625 0.8168926515624999 0.25629144843749996 0.8231583125
46 0.184226525 0.522011634375 0.250555334375 0.5054740046874999 0.2857223953125 0.4931273515625 0.28730504843750004 0.4873649734375 0.28416011874999997 0.4666779765625 0.25298251562499996 0.329521384375 0.23450237031249999 0.255401571875 0.23176725468749998 0.252504990625 0.22806307656249997 0.2505657328125 0.20911196250000003 0.255290775 0.1370118125 0.2761301765625 0.13353405000000002 0.2823650609375 0.1341589609375 0.292944809375 0.17277888749999998 0.48013435781249997 0.1828589671875 0.5205633453125 0.184226525 0.522011634375
1 0.49328907343750006 0.741523496875 0.4981343921875 0.7367369046875 0.49971704531250005 0.7309745234375 0.495732109375 0.70691844375 0.46661348281250004 0.559854875 0.4446683109375 0.4718376 0.4439845328125 0.4711134546875 0.4317738734375 0.47057939531250004 0.349899725 0.474621184375 0.33426508906249996 0.47851933593749996 0.33207575 0.486490628125 0.33774070156249997 0.5172848734375 0.387495809375 0.7410618234374999 0.3943335984375 0.7483032703125 0.4027540390625 0.7497823359375 0.49328907343750006 0.741523496875
41 0.3156706609375 0.4602529234375 0.37667833906250003 0.4518411875 0.4065263 0.4443992546875 0.40800344375 0.43902103437499995 0.4065385265625 0.4250722015625 0.381142334375 0.30101187500000004 0.35777965156249997 0.20730927187499998 0.3570958734375 0.20658512812500002 0.3448852140625 0.20605106874999998 0.2655077734375 0.21546437968749999 0.2550846765625 0.21806315 0.253607534375 0.2234413703125 0.25339243906250003 0.23065203906249998 0.30062752656249997 0.44432174062499996 0.30230753906249996 0.4510599046875 0.3058826625 0.45732556718749995 0.3156706609375 0.4602529234375
25 0.443184653125 0.371024875 0.4497099859375 0.3729764453125 0.530152809375 0.3700966921875 0.5411877546875 0.3673453703125 0.542882775 0.355113640625 0.51536463125 0.1741024078125 0.50495455 0.13234985 0.4993405453125 0.1279983875 0.4871298859375 0.127464328125 0.4085063671875 0.12989047812500001 0.40426132812500004 0.1309488859375 0.4003850703125 0.1347781609375 0.4013224359375 0.15064778750000002 0.4053073734375 0.1747038671875 0.43488194687500004 0.3498345953125 0.4390819796875 0.3666800078125 0.443184653125 0.371024875
33 0.529273325 0.6521243859375 0.5370484796875 0.6752354578124999 0.5406236015625 0.6815011203125 0.544726275 0.6858459875 0.55420181875 0.68348346875 0.6371767937499999 0.6449028875 0.6420221125000001 0.64011629375 0.6432882359375001 0.6355063921874999 0.6380129953125 0.6143485531249999 0.5658532171874999 0.40324318437500006 0.559819209375 0.3900757015625 0.5303818515625001 0.397415259375 0.47836575468750003 0.41968847968749995 0.46593999999999997 0.42636508749999996 0.46246223750000004 0.4325999703125 0.470022296875 0.4629217125 0.490612646875 0.529358353125 0.529273325 0.6521243859375
29 0.7317037234375 0.5997740984375 0.7430743765625001 0.5969390765625 0.744872125 0.583966028125 0.7298538875 0.3622637640625 0.7281251953125001 0.349275328125 0.726865184375 0.3442217046875 0.723446290625 0.340600978125 0.7141858421875 0.33575283125 0.6306626484375 0.32571276875 0.6133697875 0.3300243640625 0.612182796875 0.33434615 0.633296175 0.572421321875 0.6366562015625 0.5858976515625 0.642653984375 0.5897700171875 0.6904415203125 0.59574784375 0.7317037234375 0.5997740984375
21 0.6627454359375 0.2800049828125 0.6634880828124999 0.27087352187499997 0.6622382609375 0.2497140171875 0.648785471875 0.08273064531249999 0.6411294109375001 0.052023865625 0.634891628125 0.0471889078125 0.559519246875 0.042318390625 0.5376375046875 0.047774121875 0.536463703125 0.0520478859375 0.558437465625 0.2612803859375 0.5617974921875 0.2747567140625 0.565900165625 0.279101584375 0.6513747828125 0.28284000468750004 0.6627454359375 0.2800049828125
13 0.8933910359375 0.29520514531250003 0.8909718171875 0.2855021875 0.8874161671874999 0.2817366359375 0.878995725 0.28025756875 0.79694571875 0.2794227421875 0.781042596875 0.2833878359375 0.7784575968749999 0.2927997203125 0.8014079625000001 0.5204812265625 0.80726824375 0.5439855312499999 0.81082389375 0.547751084375 0.8211394437499999 0.5487576468750001 0.89283915625 0.5485945734375 0.9106450562499999 0.5441550640624999 0.9124171234375 0.5313673453125001 0.8933910359375 0.29520514531250003
17 0.8177634984375001 0.22762206875 0.8205457078125 0.22263416249999998 0.8137416546875 0.19534459531249998 0.7510497703125 0.0205981984375 0.7425001359375 0.0047478 0.6789838390625 0.0205841921875 0.6515667453125 0.0292987640625 0.6490345 0.0385185703125 0.6497275046875 0.041298062499999996 0.7128102421875 0.23052947812500002 0.7189053828125 0.2469023859375 0.7224805046875 0.253168046875 0.7238480625 0.2546163359375 0.7807013281249999 0.240441225 0.8177634984375001 0.22762206875