26 0.12109375 0.15625 0.1549479171875 0.16015625 0.2721354171875 0.169921875 0.2877604171875 0.169921875 0.2890625 0.1689453125 0.2916666671875 0.1650390625 0.2890625 0.1123046875 0.2864583328125 0.0869140625 0.2825520828125 0.083984375 0.27734375 0.08203125 0.24088541718749998 0.078125 0.12890625 0.068359375 0.1184895828125 0.068359375 0.1145833328125 0.0712890625 0.1145833328125 0.1279296875 0.1171875 0.1533203125 0.12109375 0.15625
26 0.6575520828125 0.201171875 0.6653645828125 0.203125 0.7513020828125 0.208984375 0.7799479171875 0.208984375 0.78125 0.2080078125 0.78125 0.1708984375 0.7786458328125 0.1396484375 0.7721354171875 0.134765625 0.76171875 0.1328125 0.6705729171875 0.125 0.65234375 0.125 0.6510416671875 0.1259765625 0.6510416671875 0.1689453125 0.6536458328125 0.1982421875 0.6575520828125 0.201171875
22 0.13671875 0.27734375 0.1627604171875 0.27734375 0.29296875 0.267578125 0.3020833328125 0.2646484375 0.3020833328125 0.2529296875 0.2864583328125 0.1962890625 0.2838541671875 0.1884765625 0.27734375 0.181640625 0.26953125 0.1796875 0.2565104171875 0.1796875 0.12109375 0.185546875 0.11328125 0.1875 0.1119791671875 0.1884765625 0.1119791671875 0.2021484375 0.1328125 0.2744140625 0.13671875 0.27734375
22 0.6705729171875 0.30859375 0.68359375 0.310546875 0.7591145828125 0.3125 0.7877604171875 0.3125 0.7916666671875 0.3095703125 0.7916666671875 0.2724609375 0.7890625 0.2412109375 0.78515625 0.23828125 0.76171875 0.236328125 0.6653645828125 0.232421875 0.6614583328125 0.2353515625 0.6614583328125 0.2607421875 0.6666666671875 0.3056640625 0.6705729171875 0.30859375
47 0.3307291671875 0.2724609375 0.3346354171875 0.275390625 0.3606770828125 0.275390625 0.4622395828125 0.267578125 0.4778645828125 0.265625 0.4817708328125 0.2626953125 0.4817708328125 0.2529296875 0.4661458328125 0.1943359375 0.4635416671875 0.1865234375 0.4596354171875 0.18359375 0.4205729171875 0.18359375 0.31640625 0.189453125 0.3125 0.1923828125 0.3125 0.2041015625 0.328125 0.2646484375 0.3307291671875 0.2724609375
47 0.51171875 0.296875 0.5169270828125 0.298828125 0.5846354171875 0.30078125 0.64453125 0.30078125 0.6484375 0.2978515625 0.6484375 0.2763671875 0.6458333328125 0.2431640625 0.6432291671875 0.2255859375 0.6393229171875 0.22265625 0.62109375 0.220703125 0.55078125 0.21875 0.5065104171875 0.21875 0.5026041671875 0.2216796875 0.5026041671875 0.2236328125 0.5078125 0.2861328125 0.51171875 0.296875
18 0.1341145828125 0.388671875 0.1705729171875 0.390625 0.30078125 0.390625 0.3046875 0.3876953125 0.3020833328125 0.3154296875 0.2994791671875 0.3076171875 0.2955729171875 0.3046875 0.16015625 0.298828125 0.12890625 0.298828125 0.1276041671875 0.2998046875 0.1276041671875 0.3525390625 0.1302083328125 0.3857421875 0.1341145828125 0.388671875
18 0.80078125 0.509765625 0.8020833328125001 0.5087890625 0.8046875 0.5048828125 0.8072916671874999 0.4697265625 0.8072916671874999 0.4365234375 0.8059895828125001 0.435546875 0.7018229171875 0.42578125 0.68359375 0.42578125 0.6796875 0.4306640625 0.6744791671875 0.4951171875 0.6809895828125 0.501953125 0.78515625 0.509765625 0.80078125 0.509765625
51 0.4361979171875 0.39453125 0.48828125 0.39453125 0.4895833328125 0.3935546875 0.4921875 0.3896484375 0.4895833328125 0.3173828125 0.4856770828125 0.314453125 0.48046875 0.3125 0.4518229171875 0.310546875 0.33984375 0.3046875 0.3359375 0.3076171875 0.3359375 0.3837890625 0.3424479171875 0.390625 0.4361979171875 0.39453125
51 0.50390625 0.400390625 0.6106770828125 0.404296875 0.6341145828125 0.404296875 0.6380208328125 0.4013671875 0.6380208328125 0.3291015625 0.6341145828125 0.326171875 0.6184895828125 0.32421875 0.5013020828125 0.318359375 0.4973958328125 0.3212890625 0.4973958328125 0.3916015625 0.5 0.3974609375 0.50390625 0.400390625
42 0.53515625 0.5 0.6263020828125 0.505859375 0.65234375 0.505859375 0.65625 0.5029296875 0.6588541671875 0.4873046875 0.6614583328125 0.4521484375 0.6614583328125 0.4306640625 0.66015625 0.4296875 0.6549479171875 0.427734375 0.6341145828125 0.42578125 0.5403645828125 0.41796875 0.52734375 0.41796875 0.5234375 0.4208984375 0.5208333328125 0.4365234375 0.5182291671875 0.4658203125 0.5182291671875 0.4951171875 0.5221354171875 0.498046875 0.53515625 0.5
42 0.4778645828125 0.5078125 0.4817708328125 0.5048828125 0.4817708328125 0.4287109375 0.4778645828125 0.42578125 0.3294270828125 0.421875 0.3255208328125 0.4248046875 0.3255208328125 0.5009765625 0.3294270828125 0.5078125 0.4778645828125 0.5078125
14 0.14453125 0.4921875 0.27734375 0.49609375 0.2877604171875 0.49609375 0.2942708328125 0.4931640625 0.296875 0.4892578125 0.2994791671875 0.4130859375 0.29296875 0.408203125 0.1341145828125 0.3984375 0.1263020828125 0.400390625 0.1223958328125 0.4052734375 0.1197916671875 0.4521484375 0.1197916671875 0.4873046875 0.1236979171875 0.490234375 0.14453125 0.4921875
14 0.78515625 0.6328125 0.7916666671875 0.6279296875 0.7942708328125 0.5830078125 0.7942708328125 0.5576171875 0.79296875 0.556640625 0.7825520828125 0.5546875 0.67578125 0.548828125 0.6705729171875 0.548828125 0.6640625 0.5556640625 0.6614583328125 0.5908203125 0.6614583328125 0.6259765625 0.6653645828125 0.62890625 0.78515625 0.6328125
10 0.2903645828125 0.630859375 0.296875 0.6279296875 0.3046875 0.5615234375 0.3046875 0.5458984375 0.2981770828125 0.541015625 0.1705729171875 0.53515625 0.1315104171875 0.53515625 0.1276041671875 0.5478515625 0.1223958328125 0.5908203125 0.1197916671875 0.6220703125 0.1236979171875 0.626953125 0.1627604171875 0.62890625 0.2903645828125 0.630859375
10 0.6627604171875 0.755859375 0.68359375 0.755859375 0.7278645828125 0.751953125 0.78515625 0.74609375 0.7890625 0.7431640625 0.7890625 0.6748046875 0.7825520828125 0.66796875 0.6783854171875 0.673828125 0.66015625 0.67578125 0.65625 0.6787109375 0.65625 0.7177734375 0.6588541671875 0.7529296875 0.6627604171875 0.755859375
2 0.5690104171875 0.61328125 0.64453125 0.61328125 0.6510416671875 0.6083984375 0.6510416671875 0.5341796875 0.6497395828125 0.533203125 0.5169270828125 0.529296875 0.5104166671875 0.5341796875 0.5104166671875 0.6103515625 0.51171875 0.611328125 0.5690104171875 0.61328125
2 0.42578125 0.62109375 0.48828125 0.619140625 0.4921875 0.6162109375 0.4921875 0.5380859375 0.48828125 0.53515625 0.33984375 0.53515625 0.3359375 0.5380859375 0.3359375 0.6201171875 0.3372395828125 0.62109375 0.42578125 0.62109375
34 0.33203125 0.73046875 0.3372395828125 0.732421875 0.4778645828125 0.71875 0.4869791671875 0.7138671875 0.4817708328125 0.6357421875 0.4778645828125 0.6328125 0.45703125 0.6328125 0.37109375 0.638671875 0.3450520828125 0.640625 0.3268229171875 0.642578125 0.3255208328125 0.6435546875 0.3229166671875 0.6474609375 0.3255208328125 0.7080078125 0.328125 0.7275390625 0.33203125 0.73046875
34 0.5013020828125 0.732421875 0.6315104171875 0.732421875 0.6380208328125 0.7275390625 0.6432291671875 0.6669921875 0.6432291671875 0.6533203125 0.6393229171875 0.650390625 0.6106770828125 0.6484375 0.50390625 0.646484375 0.5 0.6494140625 0.4973958328125 0.6669921875 0.4947916671875 0.6982421875 0.4947916671875 0.7294921875 0.49609375 0.73046875 0.5013020828125 0.732421875
6 0.29296875 0.73828125 0.2994791671875 0.7353515625 0.3020833328125 0.7314453125 0.3020833328125 0.7216796875 0.2994791671875 0.6494140625 0.2981770828125 0.6484375 0.2591145828125 0.6484375 0.1315104171875 0.654296875 0.1263020828125 0.65625 0.1223958328125 0.6591796875 0.1223958328125 0.7470703125 0.1263020828125 0.75 0.29296875 0.73828125
6 0.7096354171875 0.859375 0.7825520828125 0.853515625 0.7890625 0.8486328125 0.7890625 0.7744140625 0.7877604171875 0.7734375 0.76171875 0.7734375 0.68359375 0.77734375 0.6627604171875 0.779296875 0.6588541671875 0.7822265625 0.65625 0.8095703125 0.65625 0.8583984375 0.66015625 0.861328125 0.7096354171875 0.859375
30 0.6263020828125 0.849609375 0.6302083328125 0.8447265625 0.6354166671875 0.7919921875 0.6354166671875 0.7685546875 0.62890625 0.765625 0.49609375 0.767578125 0.4921875 0.7705078125 0.4895833328125 0.7802734375 0.4869791671875 0.8037109375 0.484375 0.8505859375 0.48828125 0.853515625 0.5299479171875 0.853515625 0.6263020828125 0.849609375
30 0.3216145828125 0.837890625 0.4622395828125 0.82421875 0.46875 0.8193359375 0.46875 0.7412109375 0.4622395828125 0.736328125 0.3138020828125 0.74609375 0.3072916671875 0.7509765625 0.3072916671875 0.8349609375 0.3111979171875 0.837890625 0.3216145828125 0.837890625
38 0.1263020828125 0.865234375 0.1653645828125 0.861328125 0.28515625 0.84765625 0.2916666671875 0.8427734375 0.2916666671875 0.7841796875 0.2890625 0.7568359375 0.2877604171875 0.755859375 0.24088541718749998 0.7578125 0.16796875 0.763671875 0.1236979171875 0.767578125 0.1119791671875 0.7705078125 0.109375 0.7744140625 0.109375 0.8583984375 0.1158854171875 0.865234375 0.1263020828125 0.865234375
38 0.50390625 0.19140625 0.5143229171875 0.193359375 0.62109375 0.201171875 0.63671875 0.201171875 0.640625 0.1982421875 0.6380208328125 0.1279296875 0.6315104171875 0.123046875 0.50390625 0.109375 0.4986979171875 0.111328125 0.4973958328125 0.1123046875 0.4973958328125 0.1513671875 0.5 0.1884765625 0.50390625 0.19140625