0 0.257771884375 0.4070108296875 0.1700947359375 0.43534875156249997 0.19428238281250002 0.5597834140625 0.310658584375 0.5249585671875 0.301870203125 0.47974626875000004 0.2841299578125 0.401887340625 0.257771884375 0.4070108296875
0 0.6247756046874999 0.0364245046875 0.6208883625 0.0371801078125 0.47125822812499996 0.08483000156250001 0.49923176874999997 0.22874139375000002 0.65417451875 0.18964018124999998 0.640954565625 0.11965804531249999 0.6247756046874999 0.0364245046875
40 0.6714447140625001 0.2008531359375 0.6915215765625 0.351748478125 0.8648279875 0.32479866875 0.8462537265625001 0.17679495625 0.8443954437500001 0.1672349203125 0.6714447140625001 0.2008531359375
40 0.2939325359375 0.5734820984375 0.1950221921875 0.599399234375 0.21572361406249999 0.7188969328125 0.3319539453125 0.6918354265625 0.308401690625 0.5706695796875 0.2939325359375 0.5734820984375
45 0.776117253125 0 0.6533377078125 0.045605357812500004 0.6831744171875 0.194769209375 0.8584650265624999 0.149539659375 0.8429660703125 0.0698044390625 0.828342909375 0 0.776117253125 0
49 0.3422194625 0.71531183125 0.23930104375 0.7539822468749999 0.2595818078125 0.8713158640625001 0.37192258749999996 0.8319457218749999 0.348995240625 0.7139947531249999 0.3422194625 0.71531183125
45 0.35394240312499997 1 0.40106452968750006 0.9818680234375 0.37821286875000004 0.864306415625 0.372028784375 0.8655084796875 0.2675061390625 0.9123104796874999 0.28455125468750003 1 0.35394240312499997 1
32 0.1407381328125 0.2562597 0.16475891874999998 0.38413346718749997 0.289583834375 0.36773043125 0.2877044046875 0.3577366515625 0.2637705921875 0.23460786093750002 0.1804745375 0.24853572499999999 0.1407381328125 0.2562597
32 0.6344803359375 0.26374935312500003 0.5015885421874999 0.29955246562500004 0.529532303125 0.43897795000000006 0.6776801671875 0.40686068906250006 0.64930211875 0.2608682890625 0.6344803359375 0.26374935312500003
8 0.8690857296875001 0.3725459328125 0.7179962203125 0.44077635312499996 0.7615991656250001 0.582772621875 0.925192996875 0.5173917578125 0.9244227875 0.513429378125 0.875667853125 0.371266496875 0.8690857296875001 0.3725459328125
8 0.33700352968749997 0.437770359375 0.33822684375 0.560915253125 0.4727268171875 0.5942860796875 0.47668563124999996 0.4701349640625 0.4761952328125 0.467612078125 0.337341278125 0.4377047078125 0.33700352968749997 0.437770359375
12 0.9029179031250001 0.5713047078125 0.759241484375 0.655499490625 0.8045884828125001 0.7848045875 0.9601141203125 0.697045365625 0.9573631703125001 0.68289295 0.9124069562500001 0.5694602234375 0.9029179031250001 0.5713047078125
12 0.4811152984375 0.5896250359375 0.3643186171875 0.6345745390624999 0.392984571875 0.76038455625 0.5196459359375 0.7157130234375 0.515984015625 0.696874075 0.488445925 0.58820010625 0.4811152984375 0.5896250359375
24 0.5615916046875 0.6440187984375 0.5837672765625 0.7752494296875 0.73507115625 0.7694203374999999 0.715535128125 0.6507404859375 0.7111208718750001 0.6280311078125 0.5763533578125 0.6411494046875 0.5615916046875 0.6440187984375
28 0.6792633968749999 0.4477609671875 0.5367901453125 0.46260556875000003 0.5291774015625 0.4640853359375 0.528106975 0.46483381250000005 0.550550571875 0.60195965 0.7006258734374999 0.5915253578125 0.7033913875 0.5909877953125 0.6824920140625 0.46437076718750003 0.6792633968749999 0.4477609671875
28 0.1407838703125 0.20915720625 0.2658909109375 0.188194234375 0.26039630625 0.1599269375 0.237284228125 0.05125889375 0.11393060625 0.07523640937500001 0.1407838703125 0.20915720625
20 0.39468390000000003 0.7831092734375 0.4205988328125 0.9035741249999999 0.5508793921875 0.8927728625 0.546950903125 0.87256253125 0.52330959375 0.7690709234375 0.408885221875 0.7803488171875 0.39468390000000003 0.7831092734375
4 0.3200454953125 0.26438299062500004 0.32054308593749997 0.39994531875 0.459281259375 0.4291235515625 0.46322087968750003 0.3025990078125 0.46160196718749996 0.29427043125 0.323264309375 0.26375731562500004 0.3200454953125 0.26438299062500004
16 0.9252189843749999 0.804134059375 0.7607827656249999 0.7963093390625 0.7544294921875 0.797544290625 0.773028375 0.936075778125 0.846600775 0.94198598125 0.9407432421875 0.9236865406250001 0.9271771015624999 0.814207696875 0.9252189843749999 0.804134059375
16 0.48741977812500004 1 0.5728749953125 0.9567975265625 0.565975528125 0.9213028375000001 0.5622703921875 0.9049330093749999 0.43160921874999997 0.9303309687500001 0.4471218671875 1 0.48741977812500004 1
20 0.722683 0.790981225 0.5962631109375 0.8458498515624999 0.627393434375 0.9756725390625001 0.7668892640625 0.9149346109375 0.7654031296875 0.9072891109375 0.7375973218749999 0.788082175 0.722683 0.790981225
44 0.2812202546875 0.0634112796875 0.3020495203125 0.205195221875 0.4419324140625 0.192602753125 0.42615430312499997 0.062775103125 0.42221821249999997 0.042525675 0.28431571093749997 0.0628095828125 0.2812202546875 0.0634112796875
44 0.46690088125000007 0 0.47570408750000004 0.04949204375 0.6339958421875 0.001970340625 0.633612846875 0 0.46690088125000007 0