26 0.6705729171875 0.1171875 0.7591145828125 0.1171875 0.8138020828125001 0.115234375 0.8151041671874999 0.1142578125 0.8151041671874999 0.1044921875 0.8125 0.0947265625 0.8020833328125001 0.0595703125 0.7981770828125 0.056640625 0.7278645828125 0.0546875 0.66015625 0.056640625 0.65625 0.0595703125 0.65625 0.0615234375 0.6666666671875 0.1142578125 0.6705729171875 0.1171875
26 0.1471354171875 0.119140625 0.28515625 0.1171875 0.2916666671875 0.1142578125 0.2942708328125 0.0869140625 0.2942708328125 0.0595703125 0.2877604171875 0.0546875 0.21223958281250002 0.0546875 0.1471354171875 0.056640625 0.1432291671875 0.0615234375 0.140625 0.0693359375 0.1354166671875 0.1005859375 0.1354166671875 0.1162109375 0.13671875 0.1171875 0.1471354171875 0.119140625
47 0.3294270828125 0.197265625 0.47265625 0.181640625 0.4817708328125 0.1787109375 0.4817708328125 0.1748046875 0.4635416671875 0.1220703125 0.45703125 0.115234375 0.44140625 0.115234375 0.41796875 0.1171875 0.3216145828125 0.126953125 0.3138020828125 0.12890625 0.3098958328125 0.1318359375 0.3098958328125 0.1396484375 0.3229166671875 0.1904296875 0.3294270828125 0.197265625
47 0.5143229171875 0.205078125 0.5221354171875 0.20703125 0.52734375 0.20703125 0.6471354171875 0.203125 0.6653645828125 0.201171875 0.6692708328125 0.1962890625 0.6692708328125 0.1904296875 0.6588541671875 0.1435546875 0.6549479171875 0.13671875 0.6393229171875 0.134765625 0.5716145828125 0.13671875 0.5247395828125 0.138671875 0.5065104171875 0.140625 0.5052083328125 0.1416015625 0.5026041671875 0.1455078125 0.5052083328125 0.1669921875 0.5104166671875 0.2021484375 0.5143229171875 0.205078125
51 0.4856770828125 0.29296875 0.4895833328125 0.2900390625 0.4895833328125 0.2236328125 0.4856770828125 0.220703125 0.3294270828125 0.220703125 0.3255208328125 0.2236328125 0.3229166671875 0.2529296875 0.3229166671875 0.2900390625 0.3268229171875 0.29296875 0.4856770828125 0.29296875
51 0.5065104171875 0.296875 0.6627604171875 0.296875 0.6666666671875 0.2939453125 0.6614583328125 0.2412109375 0.6588541671875 0.2275390625 0.6549479171875 0.224609375 0.4986979171875 0.224609375 0.4973958328125 0.2255859375 0.4973958328125 0.2822265625 0.5013020828125 0.294921875 0.5065104171875 0.296875
42 0.3111979171875 0.404296875 0.4049479171875 0.404296875 0.4778645828125 0.40234375 0.4791666671875 0.4013671875 0.4817708328125 0.3974609375 0.4817708328125 0.3740234375 0.4791666671875 0.3251953125 0.4752604171875 0.322265625 0.3111979171875 0.322265625 0.3072916671875 0.3271484375 0.3046875 0.3623046875 0.3046875 0.4013671875 0.3059895828125 0.40234375 0.3111979171875 0.404296875
42 0.5403645828125 0.39453125 0.6106770828125 0.3984375 0.6627604171875 0.400390625 0.6966145828125 0.400390625 0.6979166671875 0.3994140625 0.6979166671875 0.3251953125 0.6940104171875 0.3203125 0.5716145828125 0.314453125 0.5325520828125 0.314453125 0.5286458328125 0.3173828125 0.5260416671875 0.3330078125 0.5234375 0.3642578125 0.5234375 0.3896484375 0.52734375 0.392578125 0.5403645828125 0.39453125
18 0.7330729171875 0.396484375 0.8763020828125001 0.404296875 0.89453125 0.404296875 0.8984375 0.4013671875 0.8932291671874999 0.3447265625 0.890625 0.3271484375 0.8893229171874999 0.326171875 0.8841145828125001 0.32421875 0.8268229171874999 0.3203125 0.74609375 0.31640625 0.7252604171875 0.31640625 0.7213541671875 0.3193359375 0.7213541671875 0.3876953125 0.7252604171875 0.39453125 0.7330729171875 0.396484375
18 0.22005208281250002 0.296875 0.2825520828125 0.294921875 0.2890625 0.2900390625 0.2916666671875 0.2275390625 0.2890625 0.2236328125 0.2825520828125 0.220703125 0.12890625 0.22265625 0.1223958328125 0.2294921875 0.1171875 0.2783203125 0.1171875 0.2939453125 0.12109375 0.296875 0.22005208281250002 0.296875
14 0.21223958281250002 0.390625 0.2669270828125 0.390625 0.2708333328125 0.3876953125 0.28125 0.3154296875 0.27734375 0.310546875 0.1966145828125 0.306640625 0.1106770828125 0.3046875 0.1067708328125 0.3076171875 0.1041666671875 0.3134765625 0.09114583281250001 0.3720703125 0.09114583281250001 0.3837890625 0.09505208281250001 0.38671875 0.21223958281250002 0.390625
14 0.8841145828125001 0.548828125 0.8997395828125001 0.548828125 0.9036458328125001 0.5458984375 0.9036458328125001 0.5244140625 0.8984375 0.4658203125 0.8958333328125001 0.4599609375 0.8919270828125001 0.45703125 0.8815104171874999 0.455078125 0.72265625 0.447265625 0.7174479171875 0.44921875 0.7161458328125 0.4501953125 0.7161458328125 0.5341796875 0.72265625 0.5390625 0.8841145828125001 0.548828125
10 0.20963541718749998 0.52734375 0.2565104171875 0.52734375 0.2604166671875 0.5224609375 0.2630208328125 0.5126953125 0.2760416671875 0.4404296875 0.26953125 0.435546875 0.1158854171875 0.427734375 0.09505208281250001 0.427734375 0.09114583281250001 0.4306640625 0.0703125 0.5009765625 0.06770833281250001 0.5166015625 0.07161458281250001 0.51953125 0.1263020828125 0.5234375 0.20963541718749998 0.52734375
10 0.7317708328125 0.7001953125 0.7356770828125 0.703125 0.8294270828125001 0.703125 0.92578125 0.701171875 0.9296875 0.6982421875 0.9296875 0.6865234375 0.9192708328125001 0.6396484375 0.9088541671874999 0.5986328125 0.9049479171874999 0.595703125 0.7903645828125 0.595703125 0.7200520828125 0.59765625 0.7161458328125 0.6005859375 0.71875 0.6259765625 0.7291666671875 0.6904296875 0.7317708328125 0.7001953125
2 0.51953125 0.515625 0.6263020828125 0.51953125 0.6966145828125 0.51953125 0.6979166671875 0.5185546875 0.7005208328125 0.5146484375 0.6979166671875 0.4560546875 0.6953125 0.4326171875 0.69140625 0.4296875 0.58203125 0.42578125 0.5221354171875 0.42578125 0.515625 0.4306640625 0.5130208328125 0.4873046875 0.5130208328125 0.5126953125 0.5143229171875 0.513671875 0.51953125 0.515625
2 0.48828125 0.521484375 0.4895833328125 0.5205078125 0.4921875 0.5166015625 0.4921875 0.4345703125 0.48828125 0.431640625 0.31640625 0.4296875 0.3098958328125 0.4365234375 0.3046875 0.4951171875 0.3046875 0.5185546875 0.30859375 0.521484375 0.48828125 0.521484375
34 0.2955729171875 0.646484375 0.4778645828125 0.638671875 0.484375 0.6357421875 0.4869791671875 0.6279296875 0.4817708328125 0.5498046875 0.4791666671875 0.5400390625 0.4752604171875 0.537109375 0.3841145828125 0.5390625 0.2955729171875 0.54296875 0.2890625 0.5458984375 0.2864583328125 0.5771484375 0.2864583328125 0.6416015625 0.2903645828125 0.64453125 0.2955729171875 0.646484375
34 0.6731770828125 0.66796875 0.6888020828125 0.66796875 0.6953125 0.6630859375 0.6953125 0.5693359375 0.6888020828125 0.564453125 0.6393229171875 0.560546875 0.5299479171875 0.5546875 0.5091145828125 0.5546875 0.5052083328125 0.5576171875 0.5026041671875 0.5634765625 0.4973958328125 0.6162109375 0.4947916671875 0.6513671875 0.4973958328125 0.6552734375 0.50390625 0.658203125 0.6731770828125 0.66796875
10 0.7317708328125 0.7001953125 0.7356770828125 0.703125 0.8294270828125001 0.703125 0.92578125 0.701171875 0.9296875 0.6982421875 0.9296875 0.6865234375 0.9192708328125001 0.6396484375 0.9088541671874999 0.5986328125 0.9049479171874999 0.595703125 0.7903645828125 0.595703125 0.7200520828125 0.59765625 0.7161458328125 0.6005859375 0.71875 0.6259765625 0.7291666671875 0.6904296875 0.7317708328125 0.7001953125
6 0.2526041671875 0.6455078125 0.2552083328125 0.6298828125 0.2604166671875 0.5517578125 0.25390625 0.546875 0.07161458281250001 0.548828125 0.0625 0.5537109375 0.0494791671875 0.6240234375 0.046875 0.6513671875 0.05338541718749999 0.654296875 0.24609375 0.650390625 0.2526041671875 0.6455078125
6 0.7486979171875 0.857421875 0.8893229171874999 0.861328125 0.9518229171874999 0.861328125 0.9557291671874999 0.8583984375 0.9557291671874999 0.8369140625 0.9427083328125001 0.7568359375 0.9401041671874999 0.7451171875 0.93359375 0.740234375 0.7799479171875 0.736328125 0.73828125 0.736328125 0.734375 0.7392578125 0.7369791671875 0.7978515625 0.7421875 0.8505859375 0.7486979171875 0.857421875
30 0.6705729171875 0.833984375 0.69140625 0.833984375 0.6979166671875 0.8291015625 0.6979166671875 0.7177734375 0.69140625 0.71484375 0.5013020828125 0.703125 0.4947916671875 0.7060546875 0.4921875 0.7138671875 0.4869791671875 0.7666015625 0.484375 0.7978515625 0.484375 0.8193359375 0.4908854171875 0.822265625 0.6705729171875 0.833984375
30 0.2747395828125 0.779296875 0.4049479171875 0.77734375 0.45703125 0.775390625 0.4609375 0.7724609375 0.4609375 0.6650390625 0.45703125 0.662109375 0.2643229171875 0.662109375 0.2578125 0.6689453125 0.2552083328125 0.6904296875 0.24739583281250002 0.7685546875 0.24739583281250002 0.7724609375 0.25390625 0.77734375 0.2747395828125 0.779296875
38 0.05859375 0.79296875 0.1783854171875 0.7890625 0.22265625 0.787109375 0.2265625 0.7841796875 0.22916666718749998 0.7802734375 0.23697916718749998 0.6845703125 0.23697916718749998 0.6748046875 0.23307291718749998 0.671875 0.1549479171875 0.671875 0.06640625 0.673828125 0.0325520828125 0.67578125 0.0260416671875 0.6806640625 0.0234375 0.6943359375 0.0078125 0.7822265625 0.0078125 0.7880859375 0.01171875 0.79296875 0.05859375 0.79296875
38 0.50390625 0.119140625 0.64453125 0.119140625 0.6510416671875 0.1162109375 0.6484375 0.0888671875 0.6432291671875 0.0595703125 0.6419270828125 0.05859375 0.6263020828125 0.056640625 0.4986979171875 0.05859375 0.4973958328125 0.0595703125 0.4973958328125 0.1103515625 0.5 0.1162109375 0.50390625 0.119140625
22 0.6940104171875 0.20703125 0.7018229171875 0.208984375 0.7122395828125 0.208984375 0.8424479171874999 0.205078125 0.8463541671874999 0.2021484375 0.8463541671874999 0.1923828125 0.8333333328125001 0.1494140625 0.8268229171874999 0.138671875 0.7591145828125 0.138671875 0.6809895828125 0.142578125 0.6796875 0.1435546875 0.6796875 0.1572265625 0.6901041671875 0.2041015625 0.6940104171875 0.20703125
22 0.13671875 0.205078125 0.15234375 0.205078125 0.2799479171875 0.19140625 0.29296875 0.189453125 0.296875 0.1865234375 0.296875 0.1806640625 0.2838541671875 0.1298828125 0.27734375 0.123046875 0.1731770828125 0.1328125 0.1263020828125 0.138671875 0.125 0.1396484375 0.125 0.1552734375 0.1328125 0.2021484375 0.13671875 0.205078125