26 1 0.533498875 0.8117446546875 0.5613628703125 0.804333875 0.56451409375 0.800934021875 0.568018784375 0.7989729875 0.5722843234375 0.79833390625 0.65148438125 0.8101219953125 0.7425584656249999 0.8230823265625 0.8077397640624999 0.824521146875 0.8085006124999999 1 0.7843420578125 1 0.533498875
30 0.56657769375 0.625702878125 0.56173901875 0.62844671875 0.558339165625 0.6319514093749999 0.5959201015625 0.8692281015625 0.5991032796875 0.8726788765625001 0.604614134375 0.8741790078125 0.8209281671875001 0.8399182312500001 0.8243152390624999 0.8379975421875001 0.826360346875 0.83259811875 0.8225309640624999 0.808420346875 0.8156713703125 0.775098790625 0.7753125984375 0.60351860625 0.772129421875 0.6000678296874999 0.76493531875 0.5962635875 0.6128755859374999 0.6183700125 0.56657769375 0.625702878125
34 0.329745125 0.6719143437499999 0.329311771875 0.6858252765625 0.3308114421875 0.7785288875 0.3329720875 0.9086997562500001 0.3364608015625 0.9140796124999999 0.34365490468750004 0.9178838546874999 0.514758196875 0.899484628125 0.5625993499999999 0.891907334375 0.5669058296875 0.887468059375 0.5688668640625 0.8832025203124999 0.5668559281250001 0.8538589578125 0.5513132609375 0.6741560578125 0.5467159609375 0.64512984375 0.542402096875 0.6411989953125 0.5343802453125 0.640492059375 0.3659712734375 0.6592555375 0.33767811718749996 0.6637367328125 0.3328394421875 0.666480575 0.329745125 0.6719143437499999
2 0.0792326859375 0.6983425609375 0.0758328328125 0.7018472515624999 0.07509394375 0.7138291046874999 0.08784854375 0.8442995281250001 0.100681059375 0.9253208374999999 0.10569745312500001 0.9403460859375 0.11031945000000001 0.9445577109375 0.1183413015625 0.9452646453125 0.139223678125 0.9439346734375 0.290973875 0.9317646296875 0.33139266875 0.9253629203125 0.33479252187499997 0.9218582312500001 0.3367535546875 0.9175926921875 0.3181158546875 0.7999188859374999 0.297517121875 0.6865106187500001 0.2900174828125 0.680777296875 0.2845677359375 0.6796629796875 0.2636853609375 0.680992953125 0.10495373593749999 0.694268746875 0.0792326859375 0.6983425609375
7 0.9716538484375 0.30664911250000004 0.9536491125 0.3095007828125 0.9525158296875 0.3106690125 0.9766531781250001 0.4630662359375 0.9780919984375 0.4638270859375 0.979964171875 0.4506770015625 0.9778035265625 0.32050613125 0.976275846875 0.3108607375 0.97309266875 0.3074099609375 0.9716538484375 0.30664911250000004
43 0.9473206015625 0.14802093125 0.9378235203124999 0.088058725 0.9217478640625 0.090604859375 0.9206145796874999 0.09177308906250001 0.9472420484375 0.2598923046875 0.9506115062499999 0.2593586359375 0.952034890625 0.2568591015625 0.9473206015625 0.14802093125
11 0.7626166578125 0.5533242125 0.9580966421875001 0.522363225 0.9630830937500001 0.5172230124999999 0.9597588625 0.4962346359375 0.9093216234374999 0.33926248281250004 0.9043052312500001 0.324237234375 0.901122053125 0.32078645781250004 0.8942334859375001 0.31891129375 0.711614028125 0.34783537343750004 0.7059476046875 0.353676525 0.7099195734375 0.3787545484375 0.7400678390625 0.50251514375 0.752239378125 0.54606919375 0.7557280921875 0.5514490484375 0.7626166578125 0.5533242125
3 0.70466329375 0.130821215625 0.7068020453125 0.1443247671875 0.7455832328125 0.27265045625 0.7546994125 0.2969137171875 0.7636843234375 0.3000388296875 0.8652310296874999 0.2839554125 0.9287748078125 0.2723090890625 0.9439019015625 0.267935721875 0.9468484406250001 0.264898325 0.9442486062500001 0.2484836125 0.8948712499999999 0.116515003125 0.8869772156250001 0.09996805625 0.8772110078124999 0.0965711953125 0.748911290625 0.1188693453125 0.708063146875 0.1273165265625 0.70466329375 0.130821215625
15 0.53168995 0.5918768812499999 0.5349597968750001 0.5925454718750001 0.7119206250000001 0.5645176296875001 0.73488625 0.55969375 0.738286103125 0.5561890593750001 0.7344419515625 0.5152710234375 0.71213781875 0.374448271875 0.7065103515625 0.355564865625 0.7033449468749999 0.3538909984375 0.5135235921875 0.383955746875 0.5110303671875001 0.386525853125 0.5090693359375 0.39079139218750003 0.5113858062500001 0.42206403437500006 0.5264568796875 0.5838070984375 0.5270679515625 0.58766525625 0.53168995 0.5918768812499999
35 0.44911826406250005 0.17208656093750002 0.44798497968750006 0.173254790625 0.449512659375 0.182900184375 0.4536124453125 0.192138196875 0.5253976453125 0.329078859375 0.532897284375 0.3348121828125 0.5401169515625 0.33544842343750003 0.54227751875 0.3351062234375 0.6088382921875 0.314874425 0.7015618906250001 0.28436868125000003 0.711651815625 0.27815649531250003 0.70977431875 0.26630244687500004 0.628771221875 0.1327562375 0.62209933125 0.12392560625 0.614905228125 0.12012136250000001 0.6071889125000001 0.1213435078125 0.46393982187500005 0.165784115625 0.44911826406250005 0.17208656093750002
31 0.32165469999999996 0.1663699375 0.30077232343750004 0.16769990937499998 0.2954114375 0.1754701390625 0.290444946875 0.1940539921875 0.257818265625 0.3376445171875 0.2584293375 0.341502675 0.261612515625 0.3449534515625 0.271378721875 0.3483503125 0.334942459375 0.35014763125 0.41424436406250004 0.351429740625 0.4405764859375 0.351214084375 0.44829280000000005 0.349991940625 0.4539592234375 0.3441507890625 0.47960847968750003 0.18980055468749998 0.48065290312500003 0.1797477796875 0.4791252234375 0.170102384375 0.4748087609375 0.1678198390625 0.32165469999999996 0.1663699375
27 0.047516721875 0.3749079515625 0.0499610109375 0.39034058125 0.05715511250000001 0.39414482500000003 0.1343182640625 0.3819233828125 0.1983153546875 0.36980976875 0.234019290625 0.36217735 0.2414300703125 0.3590261265625 0.24482992343749999 0.35552143593749996 0.2444355265625 0.3447078125 0.2193815703125 0.1865233515625 0.21362628749999998 0.18347995625 0.07277158125 0.2097440921875 0.04221185625 0.21656174843749998 0.036545434375000005 0.2224028984375 0.038428553125 0.2675864734375 0.047516721875 0.3749079515625
23 0.0042651765625 0.44642162343749997 0.0170477890625 0.4938338296875 0.0552179046875 0.6183013609375 0.0602342984375 0.633326609375 0.0637230125 0.6387064640625 0.0680394734375 0.6409890093749999 0.0685844484375 0.6411004421875 0.160537203125 0.62653655625 0.2323486609375 0.6129875203124999 0.26805259531250003 0.6053551015624999 0.2723590765625 0.600915828125 0.2697690703125 0.584563175 0.21339447968749997 0.43505097656249997 0.204583834375 0.41271679375000003 0.197084196875 0.406983471875 0.19163444999999998 0.4058691546875 0.0099316 0.440580471875 0.0042651765625 0.44642162343749997
19 0.27493419218750004 0.41907500937500003 0.25980709687500003 0.4234483765625 0.2543128953125 0.4270474828125 0.25850485 0.4535144421875 0.26251796562499996 0.46553464375000003 0.3114597578125 0.6080708171875 0.3158650796875 0.6192379078125 0.3203946375 0.6233653 0.36332949999999997 0.6165650859375 0.5086840984375 0.57979975625 0.5186669828125 0.5762411515625 0.523880090625 0.57086729375 0.522230196875 0.5604502703125 0.5187059390625001 0.5515165953125 0.45476487031249996 0.3975137765625 0.446870834375 0.38096683124999997 0.44255437343750004 0.378684284375 0.41940542656249996 0.3823507171875 0.27493419218750004 0.41907500937500003