44 0.7617558468750001 0.184583734375 0.755996815625 0.18880299218750002 0.7542617109374999 0.19316531875 0.755073865625 0.1969862078125 0.7748979703125001 0.252675234375 0.7860836515625 0.28024902812499997 0.7902552203125001 0.28734937031249996 0.793799225 0.2889921796875 0.830225034375 0.281249634375 0.9229711437500001 0.25414783124999996 0.9527261015624999 0.243829703125 0.955937875 0.24015188125 0.933492815625 0.1470815359375 0.9202028 0.14092100000000002 0.7617558468750001 0.184583734375
44 0.90837661875 0.1115864265625 0.8116915578125001 0.12015691718749999 0.7752177703124999 0.1239161421875 0.754839696875 0.1282476359375 0.75376910625 0.1294735765625 0.763507446875 0.1752888671875 0.7734269328125001 0.1731804140625 0.9151904406250001 0.151371178125 0.9278426984375001 0.14868185625000002 0.9303050578125 0.14586219375 0.9313388015624999 0.12567487500000002 0.9284962578125 0.11230176249999999 0.9270195906250001 0.111617259375 0.92151899375 0.1107896875 0.90837661875 0.1115864265625
3 0.4017844359375 0.0867809609375 0.4058452109375 0.1058854078125 0.4321665546875 0.1921415453125 0.4370026375 0.1961055015625 0.442503234375 0.1969330734375 0.6029879453125 0.16661483593749998 0.6294794421875001 0.16098389531249999 0.634404159375 0.15534456875 0.6333077484375 0.1501863578125 0.6084077296875 0.056839137500000005 0.6046422359375 0.051649240625 0.60021223125 0.0495957296875 0.43811058125 0.0760644625 0.40499620781249995 0.083103140625 0.4017844359375 0.0867809609375
35 0.44073118125 0.209889315625 0.4603336953125 0.28958655 0.468566040625 0.31579133593750003 0.4729960453125 0.3178448484375 0.4784966421875 0.31867241874999996 0.51377064375 0.3117737265625 0.6663514828125 0.27934166875 0.6669938359375001 0.278606103125 0.6497355453125 0.197412225 0.64358898125 0.17475759531249999 0.636205640625 0.171335075 0.6077797078125 0.175380434375 0.494888140625 0.1953827609375 0.4439429546875 0.20621149375 0.44073118125 0.209889315625
31 0.49484146406249996 0.3404572203125 0.5001941671875 0.40321575625 0.505879253125 0.42996197968749994 0.512856515625 0.4314740546875 0.6409559390624999 0.41412963906250005 0.701545978125 0.40125082812499996 0.7028303796875 0.39209224374999996 0.696776315625 0.313508715625 0.6914973078125 0.2886729359375 0.6900206390625 0.28798843281250003 0.671783746875 0.2898680453125 0.5381080265625 0.31229141875 0.497351875 0.32095440625 0.494140103125 0.324632228125 0.49484146406249996 0.3404572203125
27 0.744043815625 0.5152179875 0.744324384375 0.5146591609375 0.721746475 0.40843844531249995 0.7161351359375 0.40583732968749997 0.52804401875 0.44781408906250003 0.5252383234375 0.45340235624999997 0.5463543546875 0.552745471875 0.5529993625 0.5558257390625 0.744043815625 0.5152179875
19 0.5401870375 0.6539941625 0.5424019140625 0.6894650375 0.5497852546875001 0.69288755625 0.56292763125 0.6920908171875 0.686820390625 0.673743634375 0.7029899484375 0.6709057171875 0.741708290625 0.6626758796875001 0.7456657921875001 0.6562437609375 0.7407399234375001 0.57294769375 0.73671859375 0.554028828125 0.72735545625 0.551312378125 0.5640355718750001 0.5720497796874999 0.5411102375 0.576922709375 0.537898465625 0.58060053125 0.5369755171875 0.5887837453125 0.5401870375 0.6539941625
11 0.5494085546874999 0.733701509375 0.5697124296875 0.8292237374999999 0.5759144375 0.832098653125 0.60444374375 0.8260345625 0.7431845046875 0.7873592125 0.7631565015625 0.7811172734375 0.7678671015625 0.775723134375 0.74569526875 0.6714128640625 0.7451046015625 0.6711390625 0.7345094875 0.6713943640625 0.575250378125 0.711236209375 0.5527311218750001 0.718019584375 0.5495193484375 0.72169740625 0.5494085546874999 0.733701509375
15 0.49532479843750005 0.7182411203125 0.53322801875 0.71018454375 0.5360115546875 0.706997096875 0.5373405828125 0.7007243265625 0.5146002421875 0.5937394328125001 0.5101702359375 0.591685921875 0.49957512031249995 0.5919412234375 0.386683553125 0.6119435484375 0.31911104375 0.6247091218749999 0.301280228125 0.6284991796875 0.29752947500000004 0.630893834375 0.29512985625 0.6383925453125 0.3170580421875 0.74155655 0.3214880484375 0.7436100609375 0.329535903125 0.7438961953125001 0.49532479843750005 0.7182411203125
23 0.2828182390625 0.6042690953125 0.2914566609375 0.6323843265625 0.29293332968749997 0.6330688296875 0.298433925 0.6338964015624999 0.321359259375 0.6290234703124999 0.4831656265625 0.5886401890624999 0.503137625 0.58239825 0.5082764609375 0.5765137359375 0.506327284375 0.5673435859375 0.4868576765625 0.48701909062500004 0.48065572031250003 0.4703665265625 0.47917905000000005 0.4696820234375 0.4736784546875 0.4688544515625 0.4482058609375 0.47426881875 0.32634348750000003 0.5021682249999999 0.26561534062500003 0.51707315 0.26454475 0.518299090625 0.2628096453125 0.5226614171875 0.266058265625 0.5379449734375 0.2828182390625 0.6042690953125
7 0.7188632140625 0.9297062031250001 0.7019924453125 0.8753861859375001 0.694978334375 0.85491273125 0.687188915625 0.8495797671875 0.65112120625 0.8552494375 0.5127570453125 0.8806661296874999 0.4949262296875 0.8844561859375 0.4876905296875 0.8879909406250001 0.48447875625 0.8916687624999999 0.4885395328125 0.9107732078125 0.513236565625 0.98938756875 0.5170020578125001 0.994577465625 0.5239793203125 0.996089540625 0.683939790625 0.9720726875000001 0.72214868125 0.9639511374999999 0.7253604546875 0.9602733156250001 0.7188632140625 0.9297062031250001
39 0.3129361796875 0.7703873031249999 0.33231710468750003 0.8740927453125 0.335676521875 0.8773721984374999 0.34010652656249996 0.879425709375 0.3481543828125 0.87971184375 0.5377590140625 0.8573809656250001 0.5555898296875 0.853590909375 0.558395525 0.8480026421875 0.5491259000000001 0.7987560734375 0.5359486875 0.73676216875 0.5344369515625 0.735286415625 0.5245063484375 0.7324053328125 0.5011749375 0.73536781875 0.3463089875 0.758301796875 0.315741875 0.7647990375 0.3129361796875 0.7703873031249999
43 0.2346573921875 0.3914680203125 0.233269309375 0.39495788125 0.2376549453125 0.41559067031249997 0.2565855796875 0.49463202500000003 0.263045971875 0.506237759375 0.26579627031249997 0.5066515453125 0.474246996875 0.46234397656250004 0.47808635156249996 0.45953113749999996 0.479474434375 0.45604127656250004 0.47492636875 0.434644309375 0.4553460109375 0.35254624375 0.4479626671875 0.34912372343750003 0.4144422171875 0.35425195625 0.2709835375 0.380751521875 0.237869165625 0.3877901984375 0.2346573921875 0.3914680203125
52 0.4021531109375 0.2212841515625 0.3966525140625 0.22045658124999998 0.3660854015625 0.22695382187500002 0.1885894 0.2686752796875 0.185377628125 0.2723531015625 0.1902505578125 0.2952784359375 0.1972646703125 0.3157518890625 0.22166642187500002 0.3804517 0.225025834375 0.383731153125 0.232409178125 0.387153671875 0.26552355 0.3801149953125 0.4141875421875 0.3405284515625 0.43925405937499995 0.33320364062499996 0.44032465 0.33197770000000004 0.44205975468750003 0.32761537343749997 0.44002936718749996 0.3180631515625 0.4073952703125 0.227158553125 0.4021531109375 0.2212841515625
48 0.1718088984375 0.26425504843750003 0.17730949375 0.26508262031249996 0.3619304015625 0.23183051250000003 0.3772139578125 0.22858189218749997 0.38444965781249996 0.2250471375 0.38858438125 0.2131861 0.38555224843749997 0.126900278125 0.38004119531249997 0.100972809375 0.3711969953125 0.10007150312499999 0.16446290624999998 0.14201743125 0.1595160296875 0.150057578125 0.1589991578125 0.1601512390625 0.1644255546875 0.2608325296875 0.1718088984375 0.26425504843750003