7 0.59759655625 0.6868859515625 0.5943346859374999 0.710095359375 0.58155205 0.8384719625000001 0.5835872281250001 0.8427026265625001 0.589626553125 0.8465098781249999 0.6259064109375 0.852200375 0.7272541593749999 0.866443871875 0.728883 0.8660810953125001 0.732873903125 0.8638807328125001 0.7371483125 0.83346673125 0.7443176499999999 0.7094785765625 0.7422824718750001 0.7052479109374999 0.7310855015625 0.7007158015625 0.6021443468750001 0.6825943031249999 0.6007190234374999 0.683380146875 0.59759655625 0.6868859515625
7 0.6499955500000001 0.3589558390625 0.6457195812500001 0.3613133703125 0.642325290625 0.36675329218749997 0.634038196875 0.40700732500000003 0.625479278125 0.4491954765625 0.620586475 0.4840095890625 0.624046975 0.487454409375 0.6444057375 0.492287965625 0.7108167046875 0.504382665625 0.751304228125 0.5100728171875 0.7538698078125 0.5086582984375 0.756992275 0.50515249375 0.77615226875 0.3875337671875 0.7706565890625 0.37985828125 0.6912567203125 0.36475471875 0.6499955500000001 0.3589558390625
11 0.4145293921875 0.6497180859375 0.410823553125 0.6517612796875001 0.3889907734375 0.8071095828124999 0.390520734375 0.8080740875 0.5211811046875 0.8264372046874999 0.5343470421875 0.8263152375 0.5380528828125 0.82427204375 0.5403905546875001 0.80763864375 0.5474607328125 0.7423623484374999 0.552221115625 0.68977875 0.5526323390625001 0.6681410296875 0.5514788390625001 0.66699275625 0.4276953296875 0.64959611875 0.4145293921875 0.6497180859375
11 0.46152853125000004 0.346176146875 0.45188232343749996 0.3961007671875 0.4478049875 0.42511252656250004 0.4489584890625 0.4262608015625 0.4538443109375 0.42891977812500004 0.496191025 0.4363504609375 0.5754898359375 0.44749518125 0.5790531421875 0.445530571875 0.5844948234375 0.415231284375 0.5974811359375 0.3228288625 0.59271745625 0.320236359375 0.5207822328125 0.3081542046875 0.47436341718749997 0.301630465625 0.47293809375 0.3024163078125 0.46981562656250003 0.30592211406250003 0.46152853125000004 0.346176146875
15 0.251695971875 0.3048521875 0.259822725 0.3967210234375 0.26253396875 0.4148529390625 0.265403778125 0.419693984375 0.2937708328125 0.42368071250000006 0.385707621875 0.42723306875 0.391137090625 0.42602381093749997 0.3938452046875 0.4245307078125 0.395051415625 0.41594806562500003 0.391077859375 0.37966597968750004 0.380776528125 0.30327008125 0.3752808484375 0.2955945953125 0.26303234531249997 0.2896806953125 0.2535987296875 0.291313365625 0.251695971875 0.3048521875
15 0.238938721875 0.6248431953125 0.2286234296875 0.6233934750000001 0.22176864062499999 0.6253885765625 0.197715840625 0.777821415625 0.20348334375000002 0.7835627828125 0.20836916562500002 0.7862217609375 0.2559414828125 0.7938937734375 0.34362146875 0.8062163921875 0.346472115625 0.8046447046875 0.3535394984375 0.7543576546875 0.3602026375 0.688235234375 0.36278844062500004 0.6511245765625 0.3570209421875 0.6453832078125 0.238938721875 0.6248431953125
19 0.028489328125 0.6159758156249999 0.025366859375000002 0.6194816203125 0.004708353125 0.7664745374999999 0.0067435312499999995 0.7707052015625 0.00951193125 0.773461059375 0.0274089625 0.775976321875 0.135346653125 0.7818760734375 0.148512590625 0.78175410625 0.1539420578125 0.7805448484374999 0.1545121875 0.7802305109375001 0.16412111406250002 0.7118594390624999 0.1705964203125 0.633975346875 0.169376709375 0.6239423296875 0.1633373859375 0.620135078125 0.1607585625 0.6197726484375 0.032765296875 0.6136182859375 0.028489328125 0.6159758156249999
19 0.103215353125 0.29197249062499997 0.0856075375 0.383577521875 0.08326080625 0.40027539218749997 0.08602432812500001 0.40493713906249995 0.09091015 0.407596115625 0.170859240625 0.4253408828125 0.2130229984375 0.4312666125 0.21473338593750002 0.43032360000000003 0.2319669296875 0.3077005609375 0.228967828125 0.30471505 0.22150318125 0.3016936421875 0.1372174875 0.283931103125 0.1088504328125 0.2799443734375 0.1074251109375 0.2807302171875 0.103215353125 0.29197249062499997
3 0.2479611640625 0.4624087 0.2263547671875 0.5974344828125 0.23212227031250002 0.6031758515625001 0.285897003125 0.61349464375 0.364808990625 0.624585 0.3658067171875 0.6240349109375 0.3761223703125 0.550635225 0.383279675 0.49128807343750003 0.3815163203125 0.4851232921875 0.3754769953125 0.481316040625 0.2677100703125 0.4622257484375 0.25481595625 0.46041359843749996 0.2479611640625 0.4624087
3 0.3220790703125 0.160508503125 0.30047965468750004 0.258061196875 0.299392365625 0.26579766562499996 0.3051598671875 0.27153903437500004 0.3649742734375 0.28379142343749997 0.42338461718750003 0.2920004625 0.4246674078125 0.291293203125 0.42996445625 0.272314459375 0.4342578515625 0.24925003750000002 0.44393473281249995 0.180395446875 0.44185843281250003 0.1783285546875 0.43181496406250003 0.1749447171875 0.3575727375 0.16056601406249998 0.3266268609375 0.1562168546875 0.3252015390625 0.1570026984375 0.3220790703125 0.160508503125
35 0.4174260453125 0.6197514640625 0.420655846875 0.62296663125 0.48486854375000005 0.6319911375 0.550099525 0.639383665625 0.5569060859375 0.633989396875 0.5605158875 0.6083043265625 0.5685172406250001 0.4989789453125 0.565056740625 0.49553412343750003 0.441001409375 0.480071603125 0.43444492500000004 0.483686484375 0.4157979046875 0.6163669328125 0.4174260453125 0.6197514640625
35 0.477338509375 0.178482771875 0.473206809375 0.2078813484375 0.46901097031249994 0.2901290859375 0.4713179703125 0.292425634375 0.528696784375 0.3004897 0.5890621546875 0.3060150203125 0.5944916234375001 0.3048057625 0.5953468171875 0.30433425625 0.59901641875 0.278223678125 0.601095534375 0.19232551250000002 0.5953280328125 0.18658414375000001 0.57985509375 0.1844095640625 0.49678911093749994 0.176680040625 0.48104435 0.176439578125 0.477338509375 0.178482771875
31 0.597202421875 0.6532025124999999 0.600086171875 0.656073196875 0.7354743859374999 0.6751007687499999 0.7390376921875 0.673136159375 0.7435192734375 0.6599597687500001 0.756126778125 0.5973847 0.7648047078125 0.5356380187500001 0.76261305625 0.5334562984375 0.6339437234374999 0.513400684375 0.62966775625 0.515758215625 0.625186175 0.52893460625 0.6004642921875 0.6299931046875 0.597202421875 0.6532025124999999
31 0.6677887734375 0.2192522796875 0.6528385390625 0.32562873125 0.6543300703125 0.33372763125 0.656406371875 0.3357945234375 0.7807056453125 0.353263646875 0.782701096875 0.352163465625 0.7863163375 0.3264396921875 0.791704703125 0.2544184015625 0.7913004609375001 0.238583034375 0.7829541343749999 0.2324792359375 0.68753768125 0.21906932812500002 0.669214096875 0.2184664359375 0.6677887734375 0.2192522796875
43 0.021955890625 0.4594415953125 0.0250574140625 0.5683550562499999 0.0305530953125 0.5760305421874999 0.06407779531249999 0.58074213125 0.1600378921875 0.5902838046875 0.1607505546875 0.5898908828125 0.1648731953125 0.5605567734375 0.15822926875 0.4628150125 0.1552462046875 0.446617215625 0.1492068796875 0.44280996406249995 0.030037373437499997 0.43000642187500004 0.02318258125 0.432001521875 0.021955890625 0.4594415953125
43 0.150611375 0.153076390625 0.1400242609375 0.1535607875 0.1357482921875 0.15591831875 0.133301890625 0.173325375 0.12799088125 0.2672502953125 0.13375838281250002 0.2729916640625 0.1414948515625 0.27407895312499997 0.2514363578125 0.2776963078125 0.2554272609375 0.2754959453125 0.259577084375 0.2459684171875 0.26129515625 0.1794797375 0.260619090625 0.16557848749999998 0.2585839125 0.16134782187500002 0.2574304125 0.1601995484375 0.23679982812499997 0.157300109375 0.150611375 0.153076390625