55 0.4698035375 0.297389384375 0.46658158437499997 0.311345196875 0.468170125 0.31465187499999997 0.5953457171875 0.344012675 0.5971317859374999 0.3432223203125 0.6241083374999999 0.2263740359375 0.621380853125 0.22313849531250002 0.5837588796875 0.21244827968750002 0.504659440625 0.196191234375 0.49721749062500004 0.199484375 0.4841354875 0.2445721625 0.4698035375 0.297389384375
55 0.6795053390625 0.231847015625 0.647741484375 0.3254403421875 0.645991378125 0.333020884375 0.6483380859375 0.33790575 0.6529735718749999 0.3409804359375 0.7031777515625001 0.354475259375 0.7719418874999999 0.3703507109375 0.77625821875 0.3684406890625 0.7814317859375 0.3576081 0.803002284375 0.2850138765625 0.8098123234375001 0.255516353125 0.8070848390625001 0.2522808125 0.7948370875 0.24744869687499998 0.704368609375 0.2225534015625 0.6916815 0.2196243515625 0.68423955 0.22291749374999997 0.6795053390625 0.231847015625
55 0.4039349 0.18446301874999999 0.403154909375 0.1762649421875 0.4000078125 0.172531628125 0.3391096828125 0.1584721859375 0.298071571875 0.1510022921875 0.28091929375 0.1500491265625 0.2774044328125 0.165273659375 0.271100446875 0.2620387796875 0.2718804375 0.27023685625 0.2742932125 0.2730990640625 0.32491478281249997 0.2847859734375 0.351589553125 0.2896414046875 0.39009024062500003 0.2965254890625 0.39560444375000003 0.2957940421875 0.4005089703125 0.2919150921875 0.40266129375000004 0.23628598906249998 0.4039349 0.18446301874999999
55 0.1840791234375 0.4491134203125 0.28006180468749997 0.47327726875 0.287503753125 0.469984128125 0.2926773203125 0.4591515390625 0.32157325625 0.37682288124999996 0.3293624375 0.34308423125 0.321845234375 0.33859971875 0.2051238203125 0.3116524578125 0.19934057968750002 0.3193375421875 0.174252734375 0.3816985640625 0.1543384578125 0.43322699687500005 0.1538991 0.4351300625 0.1566068390625 0.44076644375 0.1840791234375 0.4491134203125
55 0.49743386093749997 0.3895609484375 0.3984744015625 0.3667143578125 0.392691159375 0.3743994421875 0.3844420890625 0.398553496875 0.3588161640625 0.47482179375 0.3544225890625 0.49385245937500005 0.356081296875 0.498244403125 0.357130328125 0.49948884062500004 0.3690463390625 0.5034425687499999 0.4847527859375 0.5301555062500001 0.48802724375000006 0.528706525 0.49407952499999996 0.5140678015625 0.517168028125 0.4372136953125 0.525515821875 0.40105543125 0.522368725 0.397322115625 0.49743386093749997 0.3895609484375
55 0.5766079109375 0.4946345890625 0.5736202828125 0.507575428125 0.5738927890625 0.51565634375 0.5816753734375 0.5224643453125 0.6544895140625 0.540477515625 0.7042229859375 0.5519593921875 0.7098788671875 0.5494566046875 0.7394915640625 0.4211899203125 0.7367640796875 0.41795437968750004 0.7270537499999999 0.4137080734375 0.6128697578125 0.387346621875 0.6084045890625001 0.38932250625 0.6041097359375 0.39634896249999996 0.5766079109375 0.4946345890625
55 0.6029221203125 0.5716689984375 0.595919528125 0.5730590734375001 0.5920640328125 0.5781824624999999 0.5834645359375 0.6964671250000001 0.5828277328125 0.722378609375 0.584925796875 0.7248674875 0.6289077796875 0.735021528125 0.704014315625 0.7473499875 0.7222156281250001 0.749547590625 0.7277298296875 0.7488161437499999 0.7280275078125 0.74868441875 0.732508953125 0.7292731453125 0.7360602875 0.6374851203125 0.7351371062500001 0.5951774828125 0.7340880750000001 0.5939330453125 0.698564165625 0.585731703125 0.6185860109375 0.5732807921874999 0.6029221203125 0.5716689984375
55 0.44988448593749997 0.555580678125 0.398050090625 0.6759107796875 0.399269440625 0.6822057890625 0.4024165375 0.6859391046875001 0.48794642499999996 0.7137032359375 0.5376798968750001 0.7251851125 0.5391682859375 0.724526484375 0.54302378125 0.7194030953125 0.582516115625 0.614908409375 0.589796896875 0.583371878125 0.5871743171875 0.5802607828124999 0.487874221875 0.5473130484375 0.45996257968750004 0.5408691390625 0.4584741890625 0.5415277671875 0.455058053125 0.5447480890625 0.44988448593749997 0.555580678125
55 0.4096024 0.5257347 0.3922798046875 0.5197309625 0.31283972968749996 0.4933727765625 0.29000293125 0.48810048593750005 0.288514540625 0.4887591140625 0.2850984046875 0.49197943750000006 0.27948547968750004 0.5047150921875 0.24483049375000002 0.59693936875 0.23570270781249997 0.62489955625 0.238410446875 0.6305359375 0.28530339374999997 0.647375528125 0.324498915625 0.659932403125 0.37397864375 0.6713556984375 0.37472283906250003 0.671026384375 0.37901769218750003 0.663999928125 0.416846903125 0.5464499765624999 0.41992240625 0.5331285109375 0.416775309375 0.529395196875 0.4096024 0.5257347
55 0.0844962 0.4660124453125 0.08003103125 0.46798833125000006 0.07695552812499999 0.48130979687500003 0.07177216875 0.5963741359375 0.073332153125 0.6127702875 0.07543021718750001 0.6152591640625 0.0869754875 0.6179246 0.18998197187500002 0.6226627687499999 0.211599421875 0.62164005 0.2161769796875 0.618019696875 0.2174035203125 0.6127069640625 0.21821691250000003 0.5640350625 0.2168099109375 0.47751672031250003 0.2136628140625 0.47378340625000004 0.20351312500000002 0.47144016562499996 0.10059944843749999 0.4657211734375 0.0844962 0.4660124453125
55 0 0.81593435 0.1067956859375 0.8405900765625001 0.1099723984375 0.8407221281249999 0.1138422125 0.8390096953124999 0.12465040624999998 0.7921942625 0.1285957328125 0.76584390625 0.1403151984375 0.6803515484375 0.13550939374999998 0.6722262906250001 0.0348912265625 0.6449877546875 0.0044421625 0.637958034375 0 0.6399237390625 0 0.81593435
55 0.352568553125 0.69868524375 0.3494214578125 0.694951928125 0.32912207968749996 0.6902654484374999 0.22123228125 0.6713706265625 0.2131806578125 0.6715162625 0.2087154875 0.6734921468749999 0.20300384062500001 0.6982320125 0.1858146390625 0.8305695859375 0.18659463125 0.8387676624999999 0.1876436625 0.8400121 0.24727308125 0.8537786359374999 0.3285199484375 0.8665224531250001 0.3384993203125 0.863815121875 0.3424535375 0.8466875234375 0.353249821875 0.718887528125 0.3537879015625 0.704980253125 0.352568553125 0.69868524375
55 0.3728250515625 0.796170184375 0.3570871578125 0.8550772203125 0.3535723 0.87030174375 0.356299784375 0.873537284375 0.3685475359375 0.8783694000000001 0.4583734328125 0.90411859375 0.49812637656250003 0.9132962828125001 0.5011031578125 0.9119790265625 0.5270232953125 0.8205444421875001 0.54240080625 0.7539371234375001 0.5414253265625 0.7489011156250001 0.5332033859374999 0.7439961796875 0.44780975156249997 0.7202725062499999 0.40467357656249997 0.7103137359375 0.39976905 0.7141926859375001 0.3728250515625 0.796170184375
55 0.5628013937499999 0.772077121875 0.5239419125 0.8964049734374999 0.51660464375 0.928186178125 0.5193321281250001 0.93142171875 0.5315798796875 0.936253834375 0.6669419624999999 0.963495634375 0.6743839125 0.9602024921875 0.6795574796875 0.9493699031249999 0.7040825265625 0.8524015296874999 0.7164724046875001 0.79873506875 0.715145440625 0.7952215140625001 0.71409640625 0.7939770765625 0.5872253046875 0.7646865734375 0.571561415625 0.7630747796875 0.5670962453125 0.765050665625 0.5628013937499999 0.772077121875
55 0 0.5526104234375 0.010945103125 0.5530653984375 0.01645930625 0.5523339515625 0.0203829265625 0.549230790625 0.0224479078125 0.540286378125 0.0284033453125 0.4137741859375 0.026744640625 0.40938224375 0.021060118750000002 0.4050631171875 0.0104710734375 0.40462294375 0.008982684375 0.40528157187499997 0 0.44418985156249996 0 0.5526104234375
55 0.014884395312500001 0.3831914375 0.07527503906250001 0.397133715625 0.0817163375 0.39701720625000003 0.0866208640625 0.39313825625 0.11836164062500001 0.2984872421875 0.1246993734375 0.2710355078125 0.1221816953125 0.26804885624999997 0.0587461453125 0.25340360624999997 0.0456196765625 0.252377621875 0.0441312875 0.25303624999999996 0.014254975 0.382444775 0.014884395312500001 0.3831914375
55 0.063881690625 0.2317379375 0.0667508546875 0.2332021359375 0.127014628125 0.24711512500000002 0.1544321078125 0.1283569765625 0.11947285625 0.11828865625 0.0839489484375 0.110087315625 0.076507 0.11338045625 0.062052665625 0.2222954234375 0.063881690625 0.2317379375