44 0.8255208328125001 0.3447265625 0.828125 0.3525390625 0.83203125 0.35546875 0.8606770828125001 0.35546875 0.96484375 0.34765625 0.99609375 0.34375 1 0.3408203125 0.9973958328125001 0.2451171875 0.9856770828125001 0.236328125 0.8216145828125001 0.24609375 0.8151041671874999 0.2490234375 0.8125 0.2529296875 0.8125 0.2568359375 0.8203125 0.3154296875 0.8255208328125001 0.3447265625
44 1 0.1904296875 0.9986979171874999 0.189453125 0.9778645828125001 0.189453125 0.94140625 0.193359375 0.8450520828125001 0.205078125 0.83203125 0.20703125 0.8268229171874999 0.208984375 0.8255208328125001 0.2099609375 0.8255208328125001 0.2236328125 0.8307291671874999 0.2431640625 0.8346354171874999 0.24609375 0.98985890625 0.23726851875000002 1 0.23726851875000002 1 0.1904296875
3 0.5013020828125 0.189453125 0.5065104171875 0.19140625 0.6783854171875 0.1953125 0.6966145828125 0.1953125 0.703125 0.1904296875 0.6979166671875 0.0888671875 0.6953125 0.0830078125 0.69140625 0.080078125 0.52734375 0.072265625 0.4934895828125 0.072265625 0.4895833328125 0.0751953125 0.4895833328125 0.0947265625 0.4973958328125 0.1845703125 0.5013020828125 0.189453125
35 0.51171875 0.31640625 0.5169270828125 0.318359375 0.63671875 0.3203125 0.70703125 0.3203125 0.7109375 0.3173828125 0.7109375 0.2587890625 0.7083333328125 0.2119140625 0.7018229171875 0.20703125 0.6731770828125 0.205078125 0.55859375 0.201171875 0.5065104171875 0.201171875 0.5026041671875 0.2041015625 0.5052083328125 0.2861328125 0.5078125 0.3134765625 0.51171875 0.31640625
31 0.53515625 0.447265625 0.5690104171875 0.447265625 0.7252604171875 0.435546875 0.7317708328125 0.4326171875 0.7317708328125 0.4052734375 0.7239583328125 0.3427734375 0.7213541671875 0.3271484375 0.7174479171875 0.32421875 0.67578125 0.32421875 0.5403645828125 0.330078125 0.5221354171875 0.33203125 0.5208333328125 0.3330078125 0.5208333328125 0.3583984375 0.53125 0.4365234375 0.53515625 0.447265625
27 0.6653645828125 0.568359375 0.73046875 0.56640625 0.7369791671875 0.5615234375 0.7369791671875 0.4599609375 0.7330729171875 0.455078125 0.5403645828125 0.453125 0.5338541671875 0.4580078125 0.5338541671875 0.5634765625 0.5377604171875 0.568359375 0.6653645828125 0.568359375
19 0.6471354171875 0.708984375 0.7018229171875 0.7109375 0.7083333328125 0.7041015625 0.7213541671875 0.6181640625 0.7213541671875 0.6025390625 0.7122395828125 0.59765625 0.5481770828125 0.583984375 0.5247395828125 0.583984375 0.5208333328125 0.5869140625 0.5182291671875 0.5947265625 0.5078125 0.6591796875 0.5026041671875 0.6943359375 0.5091145828125 0.69921875 0.5221354171875 0.701171875 0.6471354171875 0.708984375
11 0.5221354171875 0.841796875 0.6783854171875 0.83203125 0.69921875 0.830078125 0.7057291671875 0.8251953125 0.7057291671875 0.7197265625 0.7044270828125 0.71875 0.6940104171875 0.716796875 0.5299479171875 0.72265625 0.5065104171875 0.724609375 0.5026041671875 0.7275390625 0.5 0.7392578125 0.5 0.8369140625 0.5065104171875 0.841796875 0.5221354171875 0.841796875
15 0.27734375 0.712890625 0.30859375 0.712890625 0.4830729171875 0.703125 0.4908854171875 0.701171875 0.4947916671875 0.6982421875 0.4947916671875 0.5927734375 0.4908854171875 0.5859375 0.4856770828125 0.583984375 0.3997395828125 0.5859375 0.28515625 0.58984375 0.2747395828125 0.591796875 0.2708333328125 0.5947265625 0.2708333328125 0.7041015625 0.2734375 0.7099609375 0.27734375 0.712890625
23 0.2682291671875 0.5869140625 0.26953125 0.587890625 0.2747395828125 0.58984375 0.2981770828125 0.58984375 0.46484375 0.583984375 0.4856770828125 0.58203125 0.4921875 0.5771484375 0.4895833328125 0.4853515625 0.4869791671875 0.4677734375 0.4856770828125 0.466796875 0.48046875 0.46484375 0.4544270828125 0.46484375 0.3294270828125 0.466796875 0.2669270828125 0.46875 0.265625 0.4697265625 0.2630208328125 0.4736328125 0.2630208328125 0.4892578125 0.265625 0.5576171875 0.2682291671875 0.5869140625
7 0.4466145828125 1 0.6080729171875 0.990234375 0.6145833328125 0.9873046875 0.6171875 0.9814453125 0.625 0.8994140625 0.625 0.8798828125 0.62109375 0.876953125 0.61328125 0.875 0.5950520828125 0.875 0.4544270828125 0.87890625 0.41796875 0.880859375 0.4114583328125 0.8876953125 0.4088541671875 0.9091796875 0.4036458328125 0.9658203125 0.4036458328125 0.9970703125 0.4075520828125 1 0.4466145828125 1
39 0.2825520828125 0.857421875 0.47265625 0.83984375 0.48046875 0.837890625 0.484375 0.8349609375 0.4869791671875 0.8310546875 0.484375 0.7255859375 0.48046875 0.720703125 0.44921875 0.720703125 0.29296875 0.73046875 0.26953125 0.732421875 0.2604166671875 0.7373046875 0.2578125 0.7412109375 0.2604166671875 0.8525390625 0.2643229171875 0.857421875 0.2825520828125 0.857421875
43 0.2721354171875 0.458984375 0.48046875 0.458984375 0.4869791671875 0.4560546875 0.4895833328125 0.4521484375 0.4869791671875 0.3466796875 0.48046875 0.341796875 0.4466145828125 0.33984375 0.30078125 0.3359375 0.2669270828125 0.3359375 0.2630208328125 0.3388671875 0.2604166671875 0.3427734375 0.2630208328125 0.4443359375 0.2669270828125 0.45703125 0.2721354171875 0.458984375
52 0.2526041671875 0.3251953125 0.2552083328125 0.3291015625 0.26171875 0.333984375 0.2955729171875 0.333984375 0.44921875 0.326171875 0.4752604171875 0.32421875 0.4765625 0.3232421875 0.4791666671875 0.3193359375 0.4791666671875 0.3095703125 0.4661458328125 0.2138671875 0.4622395828125 0.20703125 0.45703125 0.205078125 0.42578125 0.205078125 0.24348958281250002 0.208984375 0.23958333281250002 0.2119140625 0.23958333281250002 0.2353515625 0.2421875 0.2568359375 0.2526041671875 0.3251953125
48 0.24609375 0.20703125 0.25390625 0.208984375 0.26953125 0.208984375 0.45703125 0.203125 0.4622395828125 0.201171875 0.46875 0.1962890625 0.453125 0.0966796875 0.4505208328125 0.0869140625 0.4440104171875 0.080078125 0.23307291718749998 0.08203125 0.22395833281250002 0.0849609375 0.22135416718749998 0.0888671875 0.22135416718749998 0.0927734375 0.23958333281250002 0.1962890625 0.24609375 0.20703125