49 0.370553928125 0.54895523125 0.4193070578125 0.5477588375 0.5547985265625 0.54137364375 0.5927837375 0.5373812375 0.597657303125 0.5339231796874999 0.5998855609375 0.5219056796875 0.6036013609374999 0.39449115468749996 0.6010657296875 0.37036623281250003 0.5996027859375 0.369734440625 0.592492228125 0.36851790625 0.3978880265625 0.37718833281249997 0.390981625 0.377914225 0.3826548578125 0.381735228125 0.379814128125 0.3879254515625 0.377790028125 0.4018853765625 0.3607849734375 0.5357329265625 0.3617762703125 0.5451644796874999 0.370553928125 0.54895523125
45 0.6677337999999999 0.365224825 0.6646889125000001 0.369472621875 0.669197840625 0.445590165625 0.6781807546875 0.531056890625 0.6790950953125 0.5314517609375 0.801108196875 0.5186276671875001 0.88333998125 0.5065479625 0.9107614312500001 0.5017019687500001 0.9175844234375001 0.4968606875 0.9111330578124999 0.435480040625 0.8964616953125001 0.34904008750000004 0.8917835515625001 0.3377484796875 0.8860933578125 0.3334368359375 0.8550145484374999 0.33670334999999996 0.676060565625 0.36140382187500003 0.6677337999999999 0.365224825
40 1 0.640166571875 0.9801634343750001 0.548316121875 0.9756894484374999 0.5389669406250001 0.9702034093749999 0.536597721875 0.949280046875 0.536832971875 0.7518351187500001 0.5516936203125 0.7380223140625 0.5531454046875 0.729695546875 0.5569664078125001 0.726650659375 0.5612142046875 0.7372668328125 0.6622203343749999 0.7505195765625 0.7550938171875 0.7631161734374999 0.7586795687500001 0.9705660515625001 0.7443384656250001 1 0.7412448328125001 1 0.640166571875
44 0.357615159375 0.61934565 0.3494925484375 0.6251090796875001 0.3529632203125 0.6581303140625 0.381679496875 0.798475596875 0.3875825828125 0.8214217578125 0.393272778125 0.825733403125 0.3978946421875 0.82652415 0.428800790625 0.8232757828124999 0.6406783093749999 0.7879467328125 0.649005075 0.7841257296874999 0.649233440625 0.783807146875 0.6468728734375 0.7613478437500001 0.6408562609375 0.7398128875000001 0.5942615078125 0.5954550578125 0.589991678125 0.5880483015625 0.584505640625 0.5856790828125 0.5568800328125 0.5885826515625 0.357615159375 0.61934565
44 0.025352253125 0.56893715625 0.026168881249999998 0.576706859375 0.03458080625 0.5803396625 0.25033680468749997 0.5576627921874999 0.2609865515625 0.5520265281250001 0.2640314375 0.54777873125 0.2639654859375 0.4217534484375 0.2606887640625 0.3905775171875 0.25602563125 0.38856368125 0.052286771875000006 0.40997749843750003 0.0455845265625 0.412645815625 0.04091511875 0.41804629843749996 0.033635343750000005 0.48165570156250004 0.025352253125 0.56893715625
36 0.016883671875 0.6511320125 0.0138387859375 0.6553798093750001 0.0156762 0.6728616390625 0.0448182625 0.8504759546875 0.053961657812499994 0.8544246531249999 0.12840963593750002 0.8485637374999999 0.27862388125000004 0.832775584375 0.2788675609375 0.83260268125 0.2579873875 0.6339411078125 0.255767015625 0.6319160109374999 0.25028097968749996 0.629546790625 0.2086384109375 0.63195971875 0.1013850203125 0.6412686203125 0.0185081953125 0.6499793265625 0.016883671875 0.6511320125
37 0.61660658125 0.0415498546875 0.617423209375 0.0493195578125 0.626167028125 0.0660754953125 0.6688653234374999 0.1401430578125 0.6772008265625 0.1530141453125 0.6801267140625 0.154277728125 0.7425145453125 0.147720503125 0.802936428125 0.1368529765625 0.8679347749999999 0.12412972343749999 0.87475776875 0.11928844375 0.8735736578125 0.108022378125 0.8669052546874999 0.09772550625000001 0.8055118531250001 0.011875693750000001 0.800025815625 0.009506475 0.7929152562499999 0.0082899421875 0.6214801484375 0.038091798437500005 0.61660658125 0.0415498546875
46 0.8501211937500001 0 0.8460286390625 0.0029038890625 0.8468452671875 0.010673590625 0.8749316 0.11180741718750001 0.878793115625 0.115329321875 0.8877323546874999 0.1173355953125 0.92236644375 0.114677346875 0.9586250546875 0.1108664140625 0.9616304203125001 0.1087339453125 0.9502020218749999 0 0.8501211937500001 0
17 0.7305020171875001 0.166854409375 0.731931115625 0.18045137656250002 0.7477171578124999 0.300749365625 0.7567867078125 0.3033311078125 0.8082854453125 0.297918371875 0.897829325 0.2839899984375 0.9561254265624999 0.27393506562500003 0.962827671875 0.27126674687499996 0.9673763328125 0.2680392265625 0.9643650156250001 0.23938845312499998 0.9514036062500001 0.17918300625 0.9400057468749999 0.13717553437500002 0.934315553125 0.13286389062499998 0.9135963468750001 0.1350415671875 0.738299721875 0.1613215171875 0.7305020171875001 0.166854409375
21 0.492844990625 0.2973919 0.49488656249999996 0.31681615625 0.50057675625 0.3211278 0.5074432015625 0.3216826328125 0.6719882296875 0.304388253125 0.70776881875 0.29935103750000003 0.7111803140624999 0.296930396875 0.6987981828125001 0.179122284375 0.6951023390625 0.1622285609375 0.689616303125 0.1598593421875 0.49278384375 0.1805472671875 0.491159321875 0.181699953125 0.4881144359375 0.18594775 0.492844990625 0.2973919
25 0.28304696875 0.34212541406249997 0.299785659375 0.34193721250000003 0.3647058390625 0.3351138265625 0.47622206718750004 0.319858009375 0.4863775140625 0.3168267453125 0.48991084999999995 0.314319653125 0.487259359375 0.28909240625 0.4737459765625 0.24647263125 0.45340014375 0.185766796875 0.44816516562500003 0.18180008281249999 0.4090749296875 0.1859086328125 0.25453485 0.20372255625000002 0.24966128125 0.20718061406250002 0.2527236390625 0.236316996875 0.27227031562500004 0.322637309375 0.2775609296875 0.33975619375 0.28304696875 0.34212541406249997
29 0.0058679234375 0.22327949375 0.0164840953125 0.3242856234375 0.0234079671875 0.3569439125 0.028894004687500002 0.3593131328125 0.039457765625 0.36016671875 0.07999292031250001 0.3571828265625 0.2341783453125 0.3409772859375 0.23791474687499997 0.3383261078125 0.235873175 0.31890185312499997 0.21714312812499997 0.24035124218749998 0.20676605312500002 0.20805590000000002 0.201280015625 0.2056866796875 0.1838098546875 0.205558984375 0.0074924453125 0.2221268078125 0.0058679234375 0.22327949375