46 0.1341145828125 0.37109375 0.21744791718749998 0.36328125 0.22395833281250002 0.3583984375 0.2265625 0.2841796875 0.22395833281250002 0.2685546875 0.22265625 0.267578125 0.20703125 0.267578125 0.12890625 0.2734375 0.1197916671875 0.2783203125 0.1171875 0.2958984375 0.1145833328125 0.3310546875 0.1145833328125 0.3701171875 0.1158854171875 0.37109375 0.1341145828125 0.37109375
50 0.2877604171875 0.357421875 0.37109375 0.357421875 0.3763020828125 0.35546875 0.3802083328125 0.3505859375 0.390625 0.2626953125 0.38671875 0.259765625 0.2877604171875 0.259765625 0.2838541671875 0.2646484375 0.2760416671875 0.3056640625 0.2682291671875 0.3486328125 0.2682291671875 0.3525390625 0.2721354171875 0.35546875 0.2877604171875 0.357421875
41 0.4283854171875 0.353515625 0.47265625 0.353515625 0.5169270828125 0.3515625 0.53515625 0.349609375 0.5390625 0.3408203125 0.5364583328125 0.2802734375 0.5338541671875 0.2568359375 0.5299479171875 0.25390625 0.4908854171875 0.25390625 0.4388020828125 0.255859375 0.4270833328125 0.2587890625 0.4244791671875 0.3017578125 0.4244791671875 0.3486328125 0.4270833328125 0.3525390625 0.4283854171875 0.353515625
41 0.7942708328125 0.7724609375 0.796875 0.7763671875 0.80078125 0.779296875 0.8528645828125001 0.779296875 0.9361979171874999 0.775390625 0.9401041671874999 0.7724609375 0.9401041671874999 0.7607421875 0.90625 0.6396484375 0.9010416671874999 0.6279296875 0.89453125 0.625 0.8815104171874999 0.625 0.7721354171875 0.630859375 0.7682291671875 0.6337890625 0.7682291671875 0.6474609375 0.7916666671875 0.7607421875 0.7942708328125 0.7724609375
50 1 0.6220703125 0.99609375 0.619140625 0.98046875 0.619140625 0.9466145828125001 0.62109375 0.9453125 0.6220703125 0.9427083328125001 0.6259765625 0.96875 0.7353515625 0.9765625 0.7626953125 0.9830729171874999 0.76953125 0.9908854171874999 0.771484375 0.99609375 0.771484375 1 0.7685546875 1 0.6220703125
21 1 0.4755859375 0.99609375 0.47265625 0.9622395828125001 0.470703125 0.9283854171874999 0.470703125 0.9244791671874999 0.4736328125 0.9244791671874999 0.4912109375 0.9322916671874999 0.5927734375 0.9388020828125001 0.59765625 0.99609375 0.6015625 1 0.5986328125 1 0.4755859375
21 0.1080729171875 0.5 0.19921875 0.498046875 0.20442708281250002 0.49609375 0.20833333281250002 0.4912109375 0.22135416718749998 0.3994140625 0.22135416718749998 0.3896484375 0.21744791718749998 0.38671875 0.20442708281250002 0.38671875 0.13671875 0.388671875 0.11328125 0.390625 0.109375 0.3955078125 0.1067708328125 0.4052734375 0.09114583281250001 0.4814453125 0.09114583281250001 0.4970703125 0.09505208281250001 0.5 0.1080729171875 0.5
17 0.75390625 0.623046875 0.7877604171875 0.623046875 0.8528645828125001 0.619140625 0.8763020828125001 0.6171875 0.8815104171874999 0.615234375 0.8828125 0.6142578125 0.8828125 0.6025390625 0.8541666671874999 0.4990234375 0.8489583328125001 0.4892578125 0.84765625 0.48828125 0.82421875 0.48828125 0.73046875 0.494140625 0.7239583328125 0.4990234375 0.7239583328125 0.5048828125 0.75 0.6201171875 0.75390625 0.623046875
17 0.39453125 0.474609375 0.3984375 0.4697265625 0.3984375 0.3681640625 0.3919270828125 0.365234375 0.2955729171875 0.369140625 0.2903645828125 0.37109375 0.2864583328125 0.3740234375 0.28125 0.4365234375 0.2786458328125 0.4736328125 0.2825520828125 0.478515625 0.3736979171875 0.4765625 0.39453125 0.474609375
29 1 0.2255859375 0.99609375 0.22265625 0.9075520828125001 0.224609375 0.9010416671874999 0.2294921875 0.9010416671874999 0.2314453125 0.9140625 0.2998046875 0.9192708328125001 0.3193359375 0.92578125 0.32421875 0.9986979171874999 0.322265625 1 0.3212890625 1 0.2255859375
29 0.2578125 0.8134765625 0.26171875 0.81640625 0.2669270828125 0.81640625 0.3763020828125 0.802734375 0.3919270828125 0.798828125 0.3932291671875 0.7978515625 0.3932291671875 0.7802734375 0.3776041671875 0.6630859375 0.375 0.6552734375 0.3684895828125 0.65234375 0.27734375 0.6640625 0.25390625 0.66796875 0.24869791718749998 0.669921875 0.24739583281250002 0.6708984375 0.24739583281250002 0.6943359375 0.2552083328125 0.8095703125 0.2578125 0.8134765625
33 0.4674479171875 0.80078125 0.5872395828125 0.78515625 0.5911458328125 0.7822265625 0.5911458328125 0.7685546875 0.5677083328125 0.6689453125 0.5598958328125 0.6416015625 0.5559895828125 0.638671875 0.54296875 0.638671875 0.4388020828125 0.65234375 0.4322916671875 0.6552734375 0.4296875 0.6611328125 0.453125 0.7958984375 0.4596354171875 0.80078125 0.4674479171875 0.80078125
1 0.6145833328125 0.7900390625 0.62109375 0.794921875 0.6341145828125 0.794921875 0.7513020828125 0.7890625 0.7578125 0.7841796875 0.7578125 0.7744140625 0.7317708328125 0.6416015625 0.7252604171875 0.638671875 0.7122395828125 0.638671875 0.6028645828125 0.64453125 0.5989583328125 0.6474609375 0.5989583328125 0.6689453125 0.6067708328125 0.7373046875 0.6145833328125 0.7900390625
1 0.59765625 0.349609375 0.6966145828125 0.349609375 0.70703125 0.34765625 0.7083333328125 0.3466796875 0.7083333328125 0.3017578125 0.703125 0.2529296875 0.69921875 0.25 0.6549479171875 0.25 0.59765625 0.251953125 0.59375 0.2548828125 0.59375 0.3447265625 0.5963541671875 0.3486328125 0.59765625 0.349609375
33 0.7395833328125 0.3388671875 0.7434895828125 0.341796875 0.8502604171874999 0.3359375 0.8541666671874999 0.3330078125 0.8541666671874999 0.3212890625 0.8489583328125001 0.2998046875 0.8359375 0.2509765625 0.8333333328125001 0.2431640625 0.8294270828125001 0.23828125 0.80078125 0.23828125 0.7330729171875 0.2421875 0.7252604171875 0.244140625 0.7213541671875 0.2470703125 0.7213541671875 0.2509765625 0.7369791671875 0.3330078125 0.7395833328125 0.3388671875
13 0.4453125 0.4755859375 0.4466145828125 0.4765625 0.4752604171875 0.4765625 0.55078125 0.47265625 0.55859375 0.470703125 0.5625 0.4677734375 0.5625 0.4501953125 0.5546875 0.3681640625 0.5520833328125 0.3642578125 0.5481770828125 0.361328125 0.5455729171875 0.361328125 0.4466145828125 0.3671875 0.44140625 0.369140625 0.4401041671875 0.3701171875 0.4401041671875 0.4091796875 0.4427083328125 0.4716796875 0.4453125 0.4755859375
13 0.5963541671875 0.6123046875 0.6028645828125 0.619140625 0.6940104171875 0.611328125 0.72265625 0.607421875 0.7265625 0.6044921875 0.7265625 0.5947265625 0.7239583328125 0.5849609375 0.6979166671875 0.4951171875 0.6953125 0.4873046875 0.69140625 0.482421875 0.6731770828125 0.482421875 0.5794270828125 0.4921875 0.57421875 0.494140625 0.5729166671875 0.4951171875 0.5729166671875 0.5087890625 0.5911458328125 0.5908203125 0.5963541671875 0.6123046875
9 0.66015625 0.478515625 0.75390625 0.470703125 0.76953125 0.46875 0.7760416671875 0.4658203125 0.7760416671875 0.4560546875 0.7604166671875 0.3994140625 0.75 0.3662109375 0.74609375 0.359375 0.7408854171875 0.357421875 0.7356770828125 0.357421875 0.63671875 0.3671875 0.6328125 0.3701171875 0.6328125 0.3837890625 0.6536458328125 0.4736328125 0.66015625 0.478515625
9 0.4518229171875 0.640625 0.56640625 0.630859375 0.5729166671875 0.6259765625 0.5729166671875 0.6201171875 0.5546875 0.5126953125 0.5520833328125 0.5068359375 0.5481770828125 0.50390625 0.5299479171875 0.50390625 0.44140625 0.51171875 0.43359375 0.513671875 0.4322916671875 0.5146484375 0.4322916671875 0.5400390625 0.4427083328125 0.6357421875 0.4518229171875 0.640625
5 0.25390625 0.634765625 0.26953125 0.634765625 0.3736979171875 0.62109375 0.3776041671875 0.6181640625 0.3776041671875 0.6044921875 0.3619791671875 0.5009765625 0.3580729171875 0.498046875 0.34765625 0.498046875 0.24869791718749998 0.509765625 0.24348958281250002 0.51171875 0.2421875 0.5126953125 0.2421875 0.5498046875 0.25 0.6318359375 0.25390625 0.634765625
5 0.8502604171874999 0.462890625 0.9674479171874999 0.4609375 0.9739583328125001 0.4560546875 0.9739583328125001 0.4541015625 0.9479166671874999 0.3525390625 0.94140625 0.34765625 0.8606770828125001 0.349609375 0.8294270828125001 0.3515625 0.8255208328125001 0.3544921875 0.8255208328125001 0.3583984375 0.8463541671874999 0.4599609375 0.8502604171874999 0.462890625
37 0.05338541718749999 0.71484375 0.1315104171875 0.720703125 0.1653645828125 0.720703125 0.1692708328125 0.7177734375 0.171875 0.7099609375 0.20052083281250002 0.6123046875 0.20572916718749998 0.5888671875 0.20182291718749998 0.5859375 0.1809895828125 0.583984375 0.12109375 0.580078125 0.08984375 0.580078125 0.0859375 0.5830078125 0.08072916718749999 0.5927734375 0.0494791671875 0.6806640625 0.0416666671875 0.7041015625 0.0416666671875 0.7119140625 0.04296875 0.712890625 0.05338541718749999 0.71484375