46 0.128827159375 0.43486272656249997 0.1424474171875 0.434044021875 0.25681571875000003 0.40339912812499995 0.261639540625 0.3972537328125 0.25960541875 0.379600559375 0.2458891859375 0.3002380484375 0.2397557109375 0.27734760625 0.23582849375 0.27577127031250004 0.1170976890625 0.30556307031249996 0.1120728765625 0.311964525 0.1110739609375 0.3182982546875 0.12377210000000001 0.41599698749999997 0.128827159375 0.43486272656249997
50 0.41425206406250004 0.23129915781250002 0.4066997203125 0.22826774374999997 0.3086099765625 0.2646609296875 0.291008003125 0.2744324234375 0.29555755625 0.29141158906250003 0.339439790625 0.37468849843749996 0.3444827515625 0.38344735937499996 0.3490159734375 0.386782240625 0.3874391953125 0.37648676875 0.42397160781250004 0.363159396875 0.46773286406250003 0.3453675328125 0.4732631828125 0.3408526515625 0.4677026171875 0.3201003390625 0.42735892499999995 0.250029446875 0.41425206406250004 0.23129915781250002
41 0.49850464375000003 0.21772175312500003 0.4929743234375 0.22223663437500002 0.49298642187499997 0.2323435109375 0.5051669546875 0.31804879375 0.51274954375 0.3463474015625 0.5172809515625 0.34816625156250003 0.5353944796875 0.34533476875 0.5871654546875 0.3342936125 0.6453438015625 0.318704771875 0.6490883703125 0.3118375484375 0.6354155140625 0.2406862984375 0.622777865625 0.19352195156250002 0.6081847312499999 0.194399134375 0.5850403390625 0.19857863125 0.49850464375000003 0.21772175312500003
1 0.7120377640625 0.26403334375 0.7196324515625 0.3024388296875 0.7246693640624999 0.306144253125 0.7302057343749999 0.3066828109375 0.7483192625 0.3038513296875 0.8246957578125 0.29005898750000003 0.8594087171875 0.28075767812499997 0.8630241625 0.27412725625 0.8466733375000001 0.19398785937500002 0.836411565625 0.155690403125 0.8291613140624999 0.15278024375000002 0.7929342562499999 0.15844320781250001 0.7109239203125 0.1743517390625 0.7013676984375 0.17893434531250002 0.698858315625 0.1846617921875 0.7120377640625 0.26403334375
1 0.783205575 0.6916290421875 0.78766370625 0.716316396875 0.7969650109375 0.7510293375 0.829712121875 0.8651938390625 0.8332385656250001 0.8682929796875 0.8453162687500001 0.8680898046875001 0.9730729578125 0.8391147640625001 0.9935318046875 0.8336328328124999 0.9973506625 0.828767728125 0.9849152171875 0.7823580171875 0.946732840625 0.66803228125 0.9411843734374999 0.6573868453125 0.933632028125 0.6543554312500001 0.8596734937500001 0.6701285140625 0.7862204640625 0.6877881703125001 0.783205575 0.6916290421875
33 0.940427871875 0.25662223281249996 0.9454526875000001 0.250220778125 0.9435479671874999 0.2355659703125 0.9138494921874999 0.12472975156249999 0.9130942578125 0.1244266109375 0.8632911265625 0.13979334375000002 0.8602762374999999 0.143634215625 0.8936396312499999 0.2681480921875 0.8981710375 0.269966940625 0.940427871875 0.25662223281249996
33 0.60153600625 0.73606100625 0.623862953125 0.8898183984375001 0.6279070015625 0.9049109890624999 0.6324384078125 0.9067298390625 0.637974778125 0.907268396875 0.699404284375 0.8930326359375 0.7892052015625 0.868970553125 0.7924210828125 0.864873621875 0.7893759484375 0.8434473015625 0.7691266765625 0.743727840625 0.75466920625 0.689771828125 0.7519503624999999 0.68868051875 0.7438985609375 0.68881596875 0.6171159578125 0.7187432171875 0.6070542296875 0.7214392484375 0.602029415625 0.727840703125 0.60153600625 0.73606100625
29 0.5568755609375 0.92758345 0.5639163500000001 0.9236748515625001 0.5683381875 0.9180415703125 0.5573939921875 0.8771972781249999 0.5234698265625 0.767695503125 0.5153938265625 0.7476171984375 0.5114666078125001 0.7460408625 0.46744655156250003 0.7578360015625 0.37100925 0.787315940625 0.36397450937500003 0.7962779765625 0.4069546125 0.966743634375 0.41621696718749995 0.9689124484375 0.44006326093750003 0.9625228531250001 0.5568755609375 0.92758345
17 1 0.4499752359375 0.997097984375 0.4495037703125 0.9110677953125 0.470533465625 0.90805290625 0.4743743375 0.9181630249999999 0.512105815625 0.958555109375 0.6226042171875 0.9625870593749999 0.62758993125 0.967118465625 0.6294087796875 0.977432946875 0.627656034375 1 0.6216092109375 1 0.4499752359375
17 0.32665645468750004 0.416026728125 0.36249898593749996 0.5095459640625 0.37612345 0.5402697046875 0.3811603625 0.543975128125 0.41386097812499995 0.535213025 0.49082835312500006 0.5105456312500001 0.5104463015625 0.50326699375 0.5129587078125 0.500066265625 0.5026716609374999 0.461674484375 0.470553675 0.389601728125 0.46046775 0.37208400468749997 0.45593634375000003 0.37026515625 0.43078202499999996 0.3770052359375 0.3316812703125 0.4096252734375 0.32665645468750004 0.416026728125
21 0.10160596875000001 0.480676175 0.10010154843750001 0.48512333124999996 0.106661028125 0.4995419140625 0.1621457046875 0.6059962671875 0.1656197828125 0.60739071875 0.2080048078125 0.5960336859375001 0.29797297500000003 0.5645464015625 0.2998824046875 0.5621138484375 0.2960531984375 0.547823053125 0.2883744109375 0.5337549359375 0.2384503 0.4480528953125 0.23391284375 0.4411806078125 0.22585499531250003 0.43626261875 0.107136290625 0.47616129531249995 0.10160596875000001 0.480676175
37 0.12427563281250001 0.8787033125000001 0.12579215 0.884363034375 0.1358599265625 0.886720440625 0.2702130203125 0.8749849234375 0.2772538109375 0.871076325 0.2817731203125 0.862788296875 0.2832654421875 0.8482342640624999 0.2936875 0.726142278125 0.295167725 0.7014813671875 0.29415671250000003 0.6977082203125 0.2866043671875 0.6946768046875 0.15527221093750002 0.7076248890625 0.148231421875 0.7115334859375 0.1432187046875 0.72804181875 0.12476904062500001 0.8704830078124999 0.12427563281250001 0.8787033125000001
5 0.3256134765625 0.5957608046875 0.35242948749999997 0.715962975 0.358495559375 0.7386018625 0.363026965625 0.7404207109375001 0.368563334375 0.74095926875 0.4007750125 0.7336424906250001 0.5106364984375 0.7042051953125 0.5109379875 0.7038211078125001 0.47100301718750004 0.554781771875 0.4664716109375 0.5529629218750001 0.460935240625 0.5524243640625001 0.349245228125 0.5783075656250001 0.3291217734375 0.583699628125 0.326106884375 0.5875405015624999 0.3256134765625 0.5957608046875
9 0.5535141515625 0.557847175 0.5944601328125 0.710659659375 0.602012478125 0.7136910750000001 0.694984775 0.6903968421875 0.7236606984375 0.6827131515625 0.7453920921875 0.675272621875 0.7482059890625 0.6716878078125 0.7402695421875001 0.6420685875000001 0.71051823125 0.5501524640625 0.7004202109375 0.5225278640625 0.6968937656249999 0.5194287234375 0.687331496875 0.5189578906250001 0.556529040625 0.554006303125 0.5535141515625 0.557847175
13 0.7602383890625 0.644148903125 0.7633093375 0.6556098359375 0.7661792296875001 0.6567617734375 0.9163505093750001 0.6165235015625 0.916651996875 0.6161394140625001 0.9181564171875 0.6116922578125 0.897716346875 0.4871125828125 0.8901944203125 0.45904036875000004 0.8862672 0.4574640328125 0.837968490625 0.468383609375 0.74741294375 0.4926478953125 0.7443980546875 0.4964887671875 0.742893634375 0.5009359234375 0.7602383890625 0.644148903125
13 0.5449139796875 0.4362015265625 0.55098973125 0.46692591875 0.56069544375 0.5031481328125 0.5646226640625 0.50472446875 0.5877670562499999 0.500544971875 0.667736746875 0.48255459843750004 0.700060046875 0.47389359531249997 0.704481884375 0.468260315625 0.6899136312499999 0.40584147656249997 0.6710077109375 0.33528362343749996 0.6670804921875 0.3337072875 0.661544121875 0.3331687296875 0.5448232453124999 0.360399946875 0.535267025 0.3649825515625 0.5322521359375 0.368823425 0.5449139796875 0.4362015265625
9 0.8068781062499999 0.455988509375 0.8089001296875 0.4635348046875 0.8146399125 0.4658386796875 0.951982490625 0.429037846875 0.9553006828124999 0.42632891875 0.956805103125 0.4218817625 0.9400064468749999 0.3249784578125 0.9291633453125 0.2845114453125 0.9264445 0.28342013593750004 0.7956420453125 0.3184685484375 0.7926271578125 0.322309421875 0.7911227359375 0.3267565765625 0.7926513515625 0.3425231765625 0.8068781062499999 0.455988509375