55 0.5598958328125 0.3251953125 0.5598958328125 0.2060546875 0.5559895828125 0.203125 0.5169270828125 0.201171875 0.4361979171875 0.203125 0.4296875 0.2080078125 0.4270833328125 0.2548828125 0.4244791671875 0.3232421875 0.4283854171875 0.328125 0.5559895828125 0.328125 0.5598958328125 0.3251953125
55 0.6119791671875 0.3095703125 0.6158854171875 0.3125 0.62890625 0.314453125 0.73828125 0.310546875 0.7434895828125 0.30859375 0.7473958328125 0.3037109375 0.7473958328125 0.3017578125 0.7369791671875 0.1982421875 0.734375 0.1884765625 0.7278645828125 0.18359375 0.71484375 0.18359375 0.62109375 0.1875 0.6080729171875 0.189453125 0.6041666671875 0.1923828125 0.6041666671875 0.2138671875 0.609375 0.2978515625 0.6119791671875 0.3095703125
55 0.2565104171875 0.328125 0.2981770828125 0.330078125 0.3346354171875 0.330078125 0.3385416671875 0.3271484375 0.3411458328125 0.3193359375 0.3567708328125 0.2236328125 0.3567708328125 0.2080078125 0.33984375 0.205078125 0.2981770828125 0.203125 0.23567708281250002 0.203125 0.23177083281250002 0.2060546875 0.22916666718749998 0.2138671875 0.21875 0.2646484375 0.20833333281250002 0.3193359375 0.21223958281250002 0.32421875 0.21744791718749998 0.326171875 0.2565104171875 0.328125
55 0.1809895828125 0.521484375 0.2799479171875 0.5234375 0.2864583328125 0.5185546875 0.2890625 0.5068359375 0.2994791671875 0.4130859375 0.2994791671875 0.3857421875 0.2903645828125 0.3828125 0.1705729171875 0.3828125 0.1666666671875 0.3916015625 0.15625 0.4580078125 0.1484375 0.5126953125 0.1484375 0.5146484375 0.15234375 0.51953125 0.1809895828125 0.521484375
55 0.3606770828125 0.53125 0.3815104171875 0.533203125 0.4908854171875 0.533203125 0.4947916671875 0.5302734375 0.4973958328125 0.5146484375 0.5026041671875 0.4345703125 0.5026041671875 0.3974609375 0.4986979171875 0.39453125 0.47265625 0.392578125 0.37109375 0.392578125 0.3671875 0.4013671875 0.3645833328125 0.4267578125 0.3567708328125 0.5068359375 0.3567708328125 0.5263671875 0.359375 0.5302734375 0.3606770828125 0.53125
55 0.7096354171875 0.505859375 0.7161458328125 0.5009765625 0.7161458328125 0.3701171875 0.7122395828125 0.3671875 0.7018229171875 0.365234375 0.5846354171875 0.365234375 0.5807291671875 0.3681640625 0.578125 0.3759765625 0.5729166671875 0.4892578125 0.5755208328125 0.4990234375 0.5846354171875 0.50390625 0.7096354171875 0.505859375
55 0.6341145828125 0.701171875 0.6627604171875 0.701171875 0.75390625 0.6953125 0.7721354171875 0.693359375 0.77734375 0.69140625 0.7786458328125 0.6904296875 0.7786458328125 0.6767578125 0.7604166671875 0.5810546875 0.75 0.5400390625 0.7486979171875 0.5390625 0.7122395828125 0.5390625 0.6315104171875 0.544921875 0.6158854171875 0.546875 0.609375 0.5498046875 0.6067708328125 0.5556640625 0.625 0.6728515625 0.6302083328125 0.6982421875 0.6341145828125 0.701171875
55 0.4609375 0.7099609375 0.46484375 0.712890625 0.4908854171875 0.712890625 0.6028645828125 0.703125 0.6067708328125 0.7001953125 0.609375 0.6943359375 0.5859375 0.5654296875 0.5833333328125 0.5537109375 0.5807291671875 0.5498046875 0.5794270828125 0.548828125 0.55078125 0.548828125 0.4466145828125 0.55859375 0.4401041671875 0.5634765625 0.4401041671875 0.5693359375 0.4583333328125 0.7041015625 0.4609375 0.7099609375
55 0.2838541671875 0.6943359375 0.2877604171875 0.697265625 0.3059895828125 0.697265625 0.3763020828125 0.69140625 0.42578125 0.685546875 0.4296875 0.6806640625 0.4270833328125 0.6513671875 0.4140625 0.5537109375 0.4114583328125 0.5400390625 0.4088541671875 0.5361328125 0.4075520828125 0.53515625 0.3841145828125 0.53515625 0.30078125 0.54296875 0.2825520828125 0.544921875 0.2747395828125 0.546875 0.2708333328125 0.5498046875 0.2708333328125 0.5634765625 0.28125 0.6865234375 0.2838541671875 0.6943359375
55 0.109375 0.7060546875 0.11328125 0.708984375 0.1184895828125 0.708984375 0.22526041718749998 0.689453125 0.24609375 0.68359375 0.25 0.6787109375 0.25 0.6748046875 0.23958333281250002 0.6259765625 0.21875 0.5419921875 0.21484375 0.5390625 0.20442708281250002 0.5390625 0.1028645828125 0.556640625 0.08723958281250001 0.560546875 0.08333333281250001 0.5634765625 0.08333333281250001 0.5771484375 0.1041666671875 0.6904296875 0.109375 0.7060546875
55 0.05598958281250001 0.921875 0.1236979171875 0.921875 0.1861979171875 0.919921875 0.1927083328125 0.9150390625 0.1953125 0.9052734375 0.20052083281250002 0.7861328125 0.20052083281250002 0.7509765625 0.1940104171875 0.74609375 0.1627604171875 0.74609375 0.05859375 0.75 0.05208333281250001 0.7568359375 0.0442708328125 0.8427734375 0.0416666671875 0.8759765625 0.0416666671875 0.9169921875 0.0455729171875 0.919921875 0.05598958281250001 0.921875
55 0.3736979171875 0.904296875 0.4049479171875 0.904296875 0.4088541671875 0.9013671875 0.4114583328125 0.8935546875 0.4244791671875 0.7607421875 0.4244791671875 0.7353515625 0.4205729171875 0.732421875 0.4127604171875 0.73046875 0.3033854171875 0.724609375 0.2825520828125 0.724609375 0.2786458328125 0.7275390625 0.2760416671875 0.7333984375 0.2734375 0.7470703125 0.2552083328125 0.8740234375 0.2552083328125 0.8916015625 0.2643229171875 0.896484375 0.3736979171875 0.904296875
55 0.5690104171875 0.904296875 0.58984375 0.904296875 0.59375 0.9013671875 0.5989583328125 0.7958984375 0.5989583328125 0.7392578125 0.5963541671875 0.7333984375 0.5872395828125 0.73046875 0.4986979171875 0.7265625 0.4544270828125 0.7265625 0.4505208328125 0.7314453125 0.4427083328125 0.8173828125 0.4401041671875 0.8935546875 0.4440104171875 0.896484375 0.45703125 0.8984375 0.5690104171875 0.904296875
55 0.6171875 0.9091796875 0.6236979171875 0.9140625 0.76171875 0.91796875 0.7747395828125 0.916015625 0.7786458328125 0.9130859375 0.7786458328125 0.8876953125 0.7682291671875 0.7509765625 0.765625 0.7431640625 0.76171875 0.740234375 0.74609375 0.73828125 0.6158854171875 0.73828125 0.6145833328125 0.7392578125 0.6119791671875 0.7431640625 0.6119791671875 0.7724609375 0.6145833328125 0.8974609375 0.6171875 0.9091796875
55 0 0.6669921875 0.00390625 0.66796875 0.03515625 0.662109375 0.0403645828125 0.66015625 0.0442708328125 0.6552734375 0.0442708328125 0.6513671875 0.0208333328125 0.5224609375 0.0182291671875 0.5185546875 0.01171875 0.515625 0.0013020828125 0.517578125 0 0.5185546875 0 0.6669921875
55 0 0.4951171875 0.0013020828125 0.49609375 0.06119791718749999 0.49609375 0.06901041718749999 0.494140625 0.07291666718749999 0.4892578125 0.08333333281250001 0.3818359375 0.08333333281250001 0.3623046875 0.07942708281250001 0.359375 0.014322917187500001 0.359375 0.0013020828125 0.361328125 0 0.3623046875 0 0.4951171875
55 0 0.3369140625 0.0013020828125 0.337890625 0.05859375 0.337890625 0.06640625 0.3359375 0.0703125 0.3271484375 0.08072916718749999 0.2177734375 0.07421875 0.212890625 0.0377604171875 0.212890625 0.0013020828125 0.21484375 0 0.2158203125 0 0.3369140625