0 0.62973714375 0.275300825 0.6154638390625 0.1842701 0.488777390625 0.18869408906250001 0.5049682375 0.30908531093749997 0.550998703125 0.3074778921875 0.6306742453124999 0.302135878125 0.62973714375 0.275300825
0 0.9383489062500001 0.6957585953125001 0.9382107046874999 0.6918010078125 0.9145547703125001 0.5365589828124999 0.768039140625 0.5416754218750001 0.7824205656250001 0.7008273468749999 0.8536091625 0.698717771875 0.9383489062500001 0.6957585953125001
40 0.7686440078125 0.716130825 0.6164657250000001 0.712355275 0.6159726421875 0.887743875 0.7650598375000001 0.8925511765625 0.7747928734375 0.8922112921875 0.7686440078125 0.716130825
40 0.459658640625 0.284974434375 0.44953357499999996 0.1832275078125 0.3282686765625 0.1849805046875 0.33681458124999997 0.30401319843749997 0.460173059375 0.2997054265625 0.459658640625 0.284974434375
45 0.959348459375 0.894164309375 0.9248129875 0.7225328484375 0.7728181015625 0.7286678515625 0.7900693078125001 0.908875803125 0.8712474265625 0.9060410015624999 0.9596105765624999 0.9016703859374999 0.959348459375 0.894164309375
49 1 0.7263127796875 0.94986198125 0.7316242609375 0.9539848640624999 0.9125324609375 0.9637777281250001 0.9121904859375001 1 0.907452203125 1 0.7263127796875
49 0.31202132968749996 0.3104798125 0.289926996875 0.202779103125 0.1708653421875 0.20445515625000002 0.1921768015625 0.32157168125 0.3122622265625 0.31737820625 0.31202132968749996 0.3104798125
45 0.042817909375000004 0.20857717031249998 0.019419600000000002 0.3276044953125 0.1405933171875 0.323373015625 0.15681050937500002 0.20865112031250002 0.15666908906250002 0.2046013984375 0.042817909375000004 0.20857717031249998
32 0.8004212687500001 0.28296996406249997 0.7907059734375 0.1823259171875 0.65964189375 0.18773 0.6672119875 0.311236896875 0.801244925 0.30655636249999996 0.8004212687500001 0.28296996406249997
32 0.71230465 0.6697824031249999 0.697731190625 0.5329258875 0.555650896875 0.5387146625 0.564197309375 0.6900628281250001 0.7128316046875 0.684872403125 0.71230465 0.6697824031249999
8 0.56306069375 0.738822325 0.4151246875 0.7282954562499999 0.381323296875 0.897402196875 0.53305186875 0.9131606921875 0.536370475 0.9130448046874999 0.5631034500000001 0.7400467171875 0.56306069375 0.738822325
8 0.5904501640625 0.44864007656249993 0.52935385625 0.328391115625 0.40895452343749994 0.3549305875 0.46878160781249995 0.48232874062500003 0.478607746875 0.48198560468749996 0.5905795859375 0.4523462203125 0.5904501640625 0.44864007656249993
12 0.36331119218749997 0.7494866703125 0.2281407609375 0.7345024609374999 0.17555410625 0.90261075 0.30743885937500004 0.922602725 0.31336145000000004 0.9223959031250001 0.36342284999999996 0.752684121875 0.36331119218749997 0.7494866703125
12 0.410269234375 0.348103725 0.2822609390625 0.3484706328125 0.2636855234375 0.4798206125 0.38009805625 0.48229873437500004 0.396241715625 0.48173498593749997 0.4105118734375 0.3550519921875 0.410269234375 0.348103725
24 0.35288558281250004 0.6747933765624999 0.3263868109375 0.5357993234375 0.19210442187500001 0.5437974624999999 0.21158866718749997 0.6929954781250001 0.235068021875 0.6921755609375 0.353229196875 0.6846331875 0.35288558281250004 0.6747933765624999
28 0.4165050984375 0.68896654375 0.5360398359375 0.6813889078125 0.53590939375 0.6776535328125 0.5124615828125 0.5299901109375 0.3738015609375 0.5389683437499999 0.37320901875 0.540437709375 0.37342619374999997 0.546656796875 0.391139540625 0.689852328125 0.4165050984375 0.68896654375
28 0.9859438515625 0.312614153125 0.9832101390625001 0.23433086093750002 0.980249725 0.185759740625 0.8403149703125001 0.1898191453125 0.8469037328125 0.3153270328125 0.96871496875 0.3132158 0.9859438515625 0.312614153125
20 0.241472065625 0.48401275625 0.24101902968750002 0.4710395015625 0.22414075156250002 0.3547831828125 0.0995709875 0.356651584375 0.1161897515625 0.485118109375 0.2164493796875 0.4848865671875 0.241472065625 0.48401275625
4 0.7627221734375 0.4570088296875 0.7066079281250001 0.33599315 0.5731045484374999 0.36629911875 0.6351986562499999 0.49684221093750003 0.6454777953125 0.49648325625 0.7630174421875 0.46546425156250004 0.7627221734375 0.4570088296875
16 0.16832556406250002 0.762256265625 0.147771275 0.6974327171875 0.007052273437500001 0.7106189671875 0.053386687499999995 0.8751901359375 0.0668170734375 0.8747211359374999 0.1718714734375 0.8637977953125 0.16832556406250002 0.762256265625
16 0 0.384083815625 0.0374262484375 0.5005189078125001 0.073563253125 0.49925697500000005 0.090311153125 0.4981582609375 0.0856657953125 0.3651326265625 0 0.37045144531249996 0 0.384083815625
20 0.1748262 0.54546735 0.043010578125 0.5443528671875 0.0151841703125 0.695052040625 0.14431573125 0.6953446999999999 0.148683634375 0.6951921703124999 0.17509274218749998 0.55310011875 0.1748262 0.54546735
44 0.9695579265625 0.470182515625 0.9523922312499999 0.3457745359375 0.80941228125 0.35738529375 0.8208203671875 0.4981774203125 0.8594896750000001 0.4968270578125 0.970077659375 0.485065696875 0.9695579265625 0.470182515625
44 1 0.5455070828124999 0.9487621734375 0.54647818125 0.97093651875 0.710255134375 1 0.7092402140625 1 0.5455070828124999