39 0.6041666671875 0.7451171875 0.6080729171875 0.751953125 0.6315104171875 0.751953125 0.81640625 0.724609375 0.82421875 0.72265625 0.828125 0.7197265625 0.828125 0.6962890625 0.8203125 0.6044921875 0.8138020828125001 0.59765625 0.7981770828125 0.59765625 0.60546875 0.6171875 0.59765625 0.619140625 0.59375 0.6220703125 0.59375 0.6533203125 0.6015625 0.7275390625 0.6041666671875 0.7451171875
48 0.5729166671875 0.5986328125 0.5768229171875 0.6015625 0.58203125 0.603515625 0.58984375 0.603515625 0.7721354171875 0.587890625 0.7903645828125 0.5859375 0.7981770828125 0.583984375 0.8020833328125001 0.5810546875 0.8020833328125001 0.5615234375 0.7942708328125 0.4658203125 0.7916666671875 0.4599609375 0.7877604171875 0.45703125 0.7565104171875 0.45703125 0.5846354171875 0.466796875 0.5690104171875 0.46875 0.5651041671875 0.4716796875 0.5625 0.4755859375 0.5625 0.4833984375 0.5703125 0.5771484375 0.5729166671875 0.5986328125
52 0.5546875 0.4404296875 0.55859375 0.4453125 0.5638020828125 0.447265625 0.5716145828125 0.447265625 0.69140625 0.44140625 0.7799479171875 0.435546875 0.7838541671875 0.4326171875 0.7864583328125 0.4267578125 0.7760416671875 0.3154296875 0.7721354171875 0.306640625 0.7643229171875 0.3046875 0.7591145828125 0.3046875 0.55078125 0.30859375 0.5442708328125 0.3134765625 0.5442708328125 0.3466796875 0.5520833328125 0.4228515625 0.5546875 0.4404296875
43 0.5338541671875 0.2744140625 0.5403645828125 0.28125 0.5794270828125 0.28125 0.7591145828125 0.275390625 0.765625 0.2705078125 0.765625 0.2490234375 0.7552083328125 0.1611328125 0.7526041671875 0.1455078125 0.7486979171875 0.142578125 0.7434895828125 0.140625 0.5221354171875 0.140625 0.5182291671875 0.1435546875 0.5182291671875 0.1650390625 0.5234375 0.2060546875 0.5338541671875 0.2744140625
3 0.4856770828125 0 0.484375 0.0009765625 0.484375 0.0048828125 0.5078125 0.1083984375 0.5130208328125 0.1240234375 0.5169270828125 0.126953125 0.5638020828125 0.126953125 0.73046875 0.119140625 0.7408854171875 0.1171875 0.7473958328125 0.1123046875 0.7265625 0.0185546875 0.7200520828125 0 0.4856770828125 0
11 0.1549479171875 0 0.1536458328125 0.0009765625 0.1536458328125 0.0107421875 0.1692708328125 0.0810546875 0.1783854171875 0.087890625 0.4231770828125 0.083984375 0.44140625 0.08203125 0.4479166671875 0.0771484375 0.4322916671875 0.0048828125 0.4283854171875 0 0.1549479171875 0
7 0.20833333281250002 0.2685546875 0.21484375 0.275390625 0.22265625 0.27734375 0.34765625 0.271484375 0.46484375 0.265625 0.4791666671875 0.2626953125 0.4817708328125 0.2587890625 0.4817708328125 0.2509765625 0.4609375 0.1357421875 0.4583333328125 0.1259765625 0.4518229171875 0.12109375 0.2903645828125 0.12109375 0.1861979171875 0.123046875 0.1822916671875 0.1259765625 0.1822916671875 0.1396484375 0.1848958328125 0.1552734375 0.20833333281250002 0.2685546875
38 0.24088541718749998 0.4375 0.24609375 0.439453125 0.2565104171875 0.439453125 0.4700520828125 0.419921875 0.4986979171875 0.416015625 0.5052083328125 0.4111328125 0.5052083328125 0.4013671875 0.5026041671875 0.3857421875 0.484375 0.2919921875 0.4817708328125 0.2802734375 0.4752604171875 0.275390625 0.4596354171875 0.275390625 0.21744791718749998 0.2890625 0.2109375 0.2939453125 0.2109375 0.3076171875 0.23697916718749998 0.4326171875 0.24088541718749998 0.4375
47 0.24479166718749998 0.5888671875 0.24869791718749998 0.591796875 0.2565104171875 0.59375 0.3424479171875 0.587890625 0.48828125 0.576171875 0.50390625 0.57421875 0.5104166671875 0.5712890625 0.5130208328125 0.5634765625 0.5026041671875 0.4443359375 0.49609375 0.4375 0.4908854171875 0.435546875 0.4778645828125 0.435546875 0.24088541718749998 0.4453125 0.23567708281250002 0.447265625 0.23177083281250002 0.4501953125 0.23177083281250002 0.4794921875 0.2421875 0.5830078125 0.24479166718749998 0.5888671875
51 0.2421875 0.7451171875 0.24869791718749998 0.75 0.26171875 0.75 0.2799479171875 0.748046875 0.4986979171875 0.720703125 0.5065104171875 0.71875 0.5104166671875 0.7158203125 0.5104166671875 0.6904296875 0.5 0.5947265625 0.4973958328125 0.5849609375 0.4934895828125 0.58203125 0.4674479171875 0.58203125 0.29296875 0.59765625 0.23567708281250002 0.603515625 0.22916666718749998 0.6064453125 0.2265625 0.6103515625 0.2265625 0.6162109375 0.23958333281250002 0.7314453125 0.2421875 0.7451171875
42 0.28515625 0.91796875 0.2955729171875 0.91796875 0.5247395828125 0.884765625 0.53515625 0.8828125 0.5416666671875 0.8798828125 0.5442708328125 0.8759765625 0.5442708328125 0.8603515625 0.5364583328125 0.7509765625 0.5299479171875 0.74609375 0.5169270828125 0.74609375 0.3216145828125 0.767578125 0.27734375 0.7734375 0.2708333328125 0.7783203125 0.2708333328125 0.8037109375 0.2786458328125 0.9130859375 0.28515625 0.91796875
22 0 0.2861328125 0.00390625 0.2890625 0.1731770828125 0.2890625 0.1783854171875 0.287109375 0.1848958328125 0.2822265625 0.1848958328125 0.2763671875 0.1692708328125 0.1435546875 0.1666666671875 0.1396484375 0.16015625 0.134765625 0.13671875 0.1328125 0.00390625 0.130859375 0 0.1337890625 0 0.2861328125
18 0 0.4501953125 0.00390625 0.453125 0.0299479171875 0.453125 0.1809895828125 0.443359375 0.1888020828125 0.44140625 0.1927083328125 0.4384765625 0.1953125 0.4326171875 0.1744791671875 0.2978515625 0.171875 0.2939453125 0.1627604171875 0.2890625 0.1471354171875 0.2890625 0.006510417187500001 0.29296875 0.0013020828125 0.294921875 0 0.2958984375 0 0.4501953125
14 0 0.6240234375 0.00390625 0.626953125 0.0221354171875 0.626953125 0.18359375 0.607421875 0.19140625 0.60546875 0.1953125 0.6025390625 0.1953125 0.5908203125 0.1901041671875 0.5556640625 0.1744791671875 0.4658203125 0.171875 0.4619140625 0.1653645828125 0.45703125 0.1497395828125 0.45703125 0.01171875 0.466796875 0.0013020828125 0.46875 0 0.4697265625 0 0.6240234375
10 0 0.7841796875 0.00390625 0.787109375 0.01171875 0.787109375 0.0403645828125 0.783203125 0.19921875 0.7578125 0.22005208281250002 0.75390625 0.2265625 0.7509765625 0.22916666718749998 0.7470703125 0.22916666718749998 0.7412109375 0.20572916718749998 0.6181640625 0.203125 0.6123046875 0.1966145828125 0.607421875 0.1809895828125 0.607421875 0.1419270828125 0.611328125 0.00390625 0.62890625 0 0.6318359375 0 0.7841796875
6 0 0.9541015625 0.0013020828125 0.955078125 0.014322917187500001 0.955078125 0.0299479171875 0.953125 0.23307291718749998 0.916015625 0.2513020828125 0.912109375 0.2552083328125 0.9091796875 0.2578125 0.9052734375 0.2552083328125 0.8818359375 0.23697916718749998 0.7802734375 0.234375 0.7724609375 0.23046875 0.767578125 0.21223958281250002 0.767578125 0.006510417187500001 0.80078125 0.0013020828125 0.802734375 0 0.8037109375 0 0.9541015625