26 0.6708049796875 0.2550616734375 0.6715364265625 0.260575875 0.6735123109375001 0.2650410453125 0.6906399109375 0.2689952625 0.8913422437499999 0.2939497125 0.9071525859375 0.29492715 0.9115445281250001 0.29326844375 0.9183525296875 0.285485859375 0.9578963406250001 0.0968379140625 0.9572377124999999 0.0953495234375 0.9251784859375001 0.086611734375 0.848104290625 0.0688177546875 0.8030893234375001 0.0597615625 0.7240376109375 0.0548743734375 0.7196456687499999 0.0565330796875 0.715912353125 0.059680175 0.71225185625 0.06685308437500001 0.6708049796875 0.2550616734375
30 0.641490121875 0.4853593640625 0.6422215687499999 0.490873565625 0.644197453125 0.4953387359375 0.8782746359375 0.5493797109375 0.8826665796875 0.5477210046875001 0.8861218796875001 0.5431733875 0.935388503125 0.3297761953125 0.934876490625 0.32591625468749996 0.93063634375 0.3219974046875 0.9067845906249999 0.31649079375 0.873319734375 0.31036842343750004 0.6991146953125 0.28351335624999996 0.694722753125 0.2851720625 0.6885005609375 0.2904172234375 0.652034703125 0.43968576718749997 0.641490121875 0.4853593640625
34 0.5956176046875 0.7222578171875 0.6083532609375 0.7278707421874999 0.6948683375 0.7612076562500001 0.8163700578125 0.8079672078125 0.8226650687499999 0.8067478578125 0.828887259375 0.8015026953125 0.875924215625 0.6359660140625001 0.88682028125 0.5887699640624999 0.88431749375 0.583114084375 0.881097171875 0.579697946875 0.8531369828124999 0.5705701609375 0.6806969703125 0.5176631796875 0.6520621546875 0.5110523125 0.6468015328125001 0.513579534375 0.6431410359374999 0.52075244375 0.5974511171875 0.6839274453125 0.5910072078125 0.7118390890625 0.591738653125 0.717353290625 0.5956176046875 0.7222578171875
2 0.7897476796875 1 0.81374651875 0.8410371187499999 0.8165299312500001 0.8202983859374999 0.8163842953125 0.8122467625 0.81250534375 0.8073422359375 0.797866621875 0.801289953125 0.717937828125 0.7828369359375 0.588674940625 0.7610122484375 0.57667073125 0.760913525 0.572937415625 0.764060621875 0.567079315625 0.7894348421874999 0.542763303125 0.9468537328125001 0.5399798890625 0.967592465625 0.540711334375 0.9731066687500001 0.5459075437500001 0.9809879734375 0.620524075 1 0.7897476796875 1
7 0.4951640828125 0 0.49389795937500003 0.00548418125 0.4945565890625 0.0069725703125 0.4977769109375 0.0103887078125 0.50729224375 0.0125854953125 0.6369953046875 0.0238211375 0.650243953125 0.022870828125 0.649585325 0.0213824390625 0.5569678031249999 0 0.4951640828125 0
11 0.6438650625 0.2936092765625 0.6883866265624999 0.1007652 0.6869965515625001 0.0937626078125 0.6818731625 0.0899071125 0.6392742515625 0.07472704687500001 0.53460461875 0.041341456250000005 0.4918094203125 0.031461406250000004 0.48695611093749996 0.0355526328125 0.44536359843750006 0.2157095984375 0.4467536734375 0.22271218906249998 0.44997399531250004 0.22612832656249998 0.46461271875000004 0.23218060937499999 0.6224183390625 0.2953395765625 0.637642871875 0.2988544359375 0.6438650625 0.2936092765625
3 0.2670656734375 0 0.23986562031249997 0.1264394140625 0.2323957265625 0.167477521875 0.23437161093749997 0.1719426921875 0.2476930765625 0.1750181953125 0.381202271875 0.187132553125 0.40711375624999996 0.18776935625 0.4133771171875 0.1806093796875 0.4365048984375 0.0804319578125 0.449510534375 0.0171524046875 0.451122328125 0.0014885140625 0.45046364531250005 0 0.2670656734375 0
15 0.604057965625 0.4799246703125 0.644361696875 0.3053500328125 0.643922828125 0.3020415109375 0.6400438765625001 0.29713698437499997 0.63623774375 0.29625827031249996 0.47593998125 0.26994128281249996 0.44490510624999996 0.2654489859375 0.4405131640625 0.2671076921875 0.43777540000000004 0.2694155625 0.39454261874999996 0.4566773109375 0.3959916015625 0.45995176718749997 0.41443645625 0.46688276562500003 0.5533603125 0.4989558640625 0.5939105203125 0.50564495 0.5976438359375 0.5024978531250001 0.604057965625 0.4799246703125
35 0.3093054515625 0.4555737953125 0.318820784375 0.45777058437499996 0.3262145953125 0.44745057812500005 0.3631140984375 0.357080821875 0.38717969218750004 0.2940828953125 0.38840989375 0.288754309375 0.3883006671875 0.28271559062499996 0.38310445937500004 0.274834284375 0.251504859375 0.1936714515625 0.2474865703125 0.1915410546875 0.23175455781249998 0.187909034375 0.224494571875 0.202135303125 0.17016966875 0.3419354265625 0.1684122390625 0.3495476921875 0.1717053796875 0.35698964218749996 0.1800490921875 0.36426127343750003 0.3093054515625 0.4555737953125
31 0.131355446875 0.633783121875 0.1408707796875 0.635979909375 0.150971921875 0.6356392750000001 0.30673537031250003 0.620819428125 0.3129575609375 0.6155742671875 0.314714990625 0.6079620015625 0.316766959375 0.581709065625 0.32101979375 0.5025109015625 0.3236608359375 0.4389766265625 0.3209535046875 0.42899725625 0.31805521406250004 0.42592273281250004 0.313234109375 0.42480969375 0.1684103796875 0.44723323906249995 0.1495253515625 0.4508912875 0.14140009375 0.4556970921875 0.1386166796875 0.476435825 0.1293795625 0.6293179531249999 0.131355446875 0.633783121875
27 0.060452935937499994 0.8367063109374999 0.20508599218749998 0.8700974828125 0.22660553437500003 0.8723929921875 0.23033884843750002 0.8692458953125 0.2339993453125 0.8620729875 0.24410375156250003 0.8269884359375 0.26065207031250004 0.7639922421875001 0.27822637031249997 0.68786958125 0.27657980000000004 0.6841486078125001 0.215364484375 0.6700159375 0.1532826078125 0.660360375 0.10834045781249999 0.6553299953125 0.102118265625 0.6605751578125 0.093185478125 0.690584865625 0.05715979375 0.8292643609375 0.060452935937499994 0.8367063109374999
23 0.2646174609375 0.9395665109375001 0.31336574375000004 0.945475603125 0.44306880625 0.9567112468750001 0.4588791484375 0.957688684375 0.4651741578125 0.9564693359374999 0.468907471875 0.9533222390624999 0.469214940625 0.9528586906250001 0.49015765 0.8621458531249999 0.5044962484375 0.7904878703125 0.5107945218750001 0.7545246046874999 0.508291734375 0.7488687234375 0.49215958593750003 0.7451443234374999 0.3324159953125 0.7414056796875 0.3084075765625 0.7412082343749999 0.30028231875 0.7460140359375 0.2972076328125 0.7506495234375 0.2613243203125 0.9321245609375 0.2646174609375 0.9395665109375001
19 0.3406565203125 0.6783623484375 0.3390447265625 0.6940262390624999 0.3403235953125 0.700468621875 0.366433665625 0.7064966078125 0.3790819421875 0.7072785578125 0.5295730984375 0.715295509375 0.5415773078125 0.7153942328125 0.5471009609374999 0.7127406484375001 0.5568795953125 0.67038473125 0.577242165625 0.521841759375 0.577682340625 0.5112527140625 0.57465265 0.5044061203125 0.5643760921875 0.502033590625 0.5547727234375001 0.5019546109374999 0.38803105000000004 0.5035492671874999 0.36973183125000003 0.50466989375 0.3659985171875 0.5078169906250001 0.36072622656250003 0.5306537890625 0.3406565203125 0.6783623484375