45 0.7468013734375 0.4040982546875 0.750269165625 0.490856503125 0.7533499046875 0.49948460624999996 0.7592689859374999 0.5028540375 0.8548969359375 0.49771209531249994 0.8977985421874999 0.4934904953125 0.8998799937499999 0.48963413750000007 0.8964501125 0.293136290625 0.893533175 0.1931719734375 0.8907925640625001 0.148074046875 0.8860986562500001 0.13695635625 0.8693182890625 0.1372492578125 0.755283146875 0.162594 0.7455796078125 0.166236128125 0.7407884375 0.171528884375 0.73895680625 0.1785063578125 0.739380996875 0.2028082125 0.7468013734375 0.4040982546875
40 0.6591994328124999 0.5034721156249999 0.691095609375 0.502915365625 0.6937447296875 0.49800727343749995 0.6904845234375 0.31123016875 0.68627 0.1928829203125 0.6841353765625 0.1825019265625 0.679825471875 0.1780625796875 0.6537877812499999 0.1785170703125 0.5660196109375 0.18630002031249998 0.5612284390625 0.1915927765625 0.5640159765625 0.351290675 0.5683321515624999 0.486652628125 0.5733657171875 0.4952466453125 0.6591994328124999 0.5034721156249999
49 0.6028106890625 0.8420077953125 0.630638471875 0.841522059375 0.719949553125 0.8298053328125 0.723794609375 0.8262654640625 0.7259706718750001 0.8222338171875 0.7246880015625 0.748749640625 0.715926578125 0.543373584375 0.7134889624999999 0.5156341249999999 0.708606403125 0.5072979281250001 0.6996233953125001 0.5074547265625 0.618988921875 0.5294382578125 0.5937233609375 0.536824771875 0.588932190625 0.5421175296875 0.5871005609375 0.5490950031249999 0.59792813125 0.8336716 0.6028106890625 0.8420077953125
36 0.8367317140624999 0.88949504375 0.8964367375 0.88550105 0.901167309375 0.8767366000000001 0.902998940625 0.8697591250000001 0.8933970140625 0.5434881203125 0.8868298046875 0.5354417875 0.8797940484375 0.535564596875 0.7559953671875 0.56151385625 0.7501974828125 0.565087809375 0.7454669109375 0.573852259375 0.7528130156249999 0.8827988843749999 0.7575445671875001 0.890877259375 0.8367317140624999 0.88949504375
55 0.11756714374999999 1 0.11852990468749999 0.9943196625 0.1180822515625 0.912717825 0.1166157640625 0.8287028453125 0.1125404328125 0.819050278125 0.0652005640625 0.7998214609375001 0.0592758234375 0.799924878125 0.0567333515625 0.811342515625 0.059884481249999996 0.9918705718749999 0.0629046203125 0.99702698125 0.0672438328125 1 0.11756714374999999 1
0 0.06410765 0.6183024734375 0.0738717875 0.6181320390625 0.1245241046875 0.610302396875 0.129254678125 0.601537946875 0.1295678328125 0.5859051 0.1278710703125 0.48869768437500005 0.1233629390625 0.3759119625 0.12119850624999999 0.3722165359375 0.1013040765625 0.37256379375000004 0.081407446875 0.37838067343750004 0.0580947140625 0.38573310312500003 0.053364140625 0.3944975515625 0.05487910625 0.4812898875 0.061087509375 0.6131460625 0.06410765 0.6183024734375
4 0.2083786296875 0.45664539218750005 0.17719398749999998 0.460662471875 0.1402114625 0.4682535078125 0.13737311875 0.473512178125 0.13748064531249998 0.591583840625 0.1394804 0.7061497218749999 0.1404871125 0.7078685250000001 0.21274173125 0.706607315625 0.2155194765625 0.697876953125 0.21438177343749998 0.5207865015625 0.21139876875 0.4618018015625 0.2083786296875 0.45664539218750005
8 0.2270338796875 0.7196411203124999 0.2623665703125 0.7294426374999999 0.289827353125 0.7359088109374999 0.299591490625 0.735738378125 0.302429834375 0.7304797078124999 0.3040190703125 0.7096154593749999 0.3045048203125 0.5807679125 0.302717159375 0.478352959375 0.3009050765625 0.4752591125 0.2432810140625 0.466975334375 0.2180895515625 0.467415053125 0.21775840937500002 0.46802856562499995 0.216532765625 0.509722971875 0.2163372984375 0.61043616875 0.218094659375 0.7111152749999999 0.2211147984375 0.7162716875 0.2270338796875 0.7196411203124999
12 0.39836207031250004 0.4965649703125 0.39534193125 0.49140855937500005 0.3718474015625 0.4883459078125 0.30740409375 0.48947076875000006 0.30456574999999997 0.4947294390625 0.3089288515625 0.7446913625 0.3139624171875 0.7532853796875 0.327692809375 0.7565184656249999 0.38645943125 0.7659109453124999 0.40012922343749996 0.7656723375000001 0.40296756718750004 0.7604136687499999 0.39836207031250004 0.4965649703125
16 0.4267125078125 0.8113959140624999 0.4287865328125 0.8183052140625 0.429793246875 0.8200240187500001 0.4434630390625 0.8197854109374999 0.4570722328125 0.8160751093749999 0.5250576046875 0.7940519140625 0.5289026609375 0.790512046875 0.5300379984375 0.7884085796875 0.5290684203125 0.732861484375 0.509378265625 0.5112963796875001 0.5072641671875 0.50768689375 0.49300852656250005 0.5079357265625 0.4248847578125 0.5388168531249999 0.4113361609375 0.545998846875 0.4066055890625 0.5547632984375 0.40684798437499997 0.5686500703124999 0.42427489218750003 0.783656453125 0.4267125078125 0.8113959140624999
20 0.4631836765625 0.4835393328125 0.5257953546875 0.48939194375 0.5297010109375 0.4893237703125 0.53449218125 0.48403101406250004 0.5362632125 0.47358184531249997 0.5377720187499999 0.2466691015625 0.5368105203125 0.19158490156250002 0.5349481015625 0.1884051140625 0.444141625 0.189990146875 0.43075380625 0.19239430156249998 0.4279154625 0.1976529734375 0.4276457265625 0.40602275 0.4288576984375 0.475456615625 0.43383066562500006 0.48057894062499995 0.4631836765625 0.4835393328125
24 0.31773045 0.47674520625000005 0.3207505890625 0.4819016171875 0.3812882421875 0.4808449296875 0.4085672296875 0.476896021875 0.41197324062499996 0.470585615625 0.41107759374999997 0.4192739890625 0.3989281671875 0.20445330625000002 0.3968541421875 0.19754400625 0.3965772984375 0.1970713375 0.3720998125 0.19749859375 0.3101654125 0.2112117921875 0.3053742421875 0.21650455000000002 0.3035426125 0.22348202343749998 0.30366380937500004 0.230425409375 0.31559582656249996 0.4663642140625 0.31773045 0.47674520625000005
28 0.29490540625 0.44489044375000003 0.297365303125 0.44033292968750004 0.29715926875 0.42852917343749997 0.29482134375 0.38411876718750004 0.281845478125 0.2002894515625 0.27965025625 0.186436765625 0.277032803125 0.1819678765625 0.26486017500000003 0.18218035 0.20669191874999998 0.2033376375 0.19894120625 0.206945678125 0.196533828125 0.2145119921875 0.1967721828125 0.22816731875000001 0.19920706562499998 0.278132434375 0.20938172187499998 0.4133921296875 0.21401456093750001 0.454984278125 0.2170347 0.46014068750000003 0.23070449218750003 0.4599020796875 0.29490540625 0.44489044375000003
32 0.117853378125 0.3176659140625 0.1198668046875 0.3211035203125 0.1201697984375 0.3384619875 0.12218322343750002 0.3418995921875 0.12278921093749999 0.376616528125 0.1248026359375 0.380054134375 0.12492383437500001 0.3869975203125 0.126937259375 0.390435128125 0.127785640625 0.4390388359375 0.13281920625000002 0.4476328515625 0.13477203437500002 0.447598765625 0.13666426250000002 0.4440929859375 0.15033405625000001 0.443854378125 0.15222628437500002 0.4403485984375 0.16199042187499998 0.4401781640625 0.16388265156249998 0.436672384375 0.17755244375 0.43643377812499995 0.179444671875 0.432927996875 0.193114465625 0.4326893890625 0.19500669375 0.429183609375 0.20086517656249997 0.42908135 0.20332507500000002 0.42452383437499996 0.20287664374999997 0.3988333046875 0.201265903125 0.39608321874999997 0.20059931875 0.35789459218749997 0.1985858921875 0.354456984375 0.198101103125 0.3266834390625 0.19608767656249998 0.32324583125 0.195239296875 0.2746421234375 0.1932258703125 0.2712045171875 0.192983475 0.25731774375 0.19097005 0.2538801375 0.1903640625 0.219163203125 0.1883506375 0.21572559375 0.1878658484375 0.1879520484375 0.185852421875 0.184514440625 0.1850163609375 0.18044855312500002 0.17245317031250001 0.1806678453125 0.171175915625 0.183034246875 0.16336460625 0.18317059375 0.1614723765625 0.186676375 0.1536610671875 0.186812721875 0.1517688375 0.19031850156250002 0.1459103546875 0.1904207609375 0.1440181265625 0.193926540625 0.13815964375 0.1940288015625 0.1362674140625 0.19753458125 0.1284561046875 0.197670928125 0.1265638765625 0.20117670625 0.11679973749999999 0.20134713906249999 0.11490750937500001 0.204852921875 0.11295468125000001 0.20488700781250002 0.110494784375 0.20944452187499998 0.1109432140625 0.2351350546875 0.1125539546875 0.2378851390625 0.11297814531249999 0.2621869921875 0.114991571875 0.2656246 0.11535516406249999 0.2864547609375 0.1173685890625 0.2898923671875 0.117853378125 0.3176659140625