46 0.2903645828125 0.34375 0.296875 0.3388671875 0.2994791671875 0.3212890625 0.3072916671875 0.2353515625 0.3072916671875 0.2177734375 0.3033854171875 0.21484375 0.1809895828125 0.212890625 0.1744791671875 0.2177734375 0.171875 0.2236328125 0.1588541671875 0.3212890625 0.1588541671875 0.3408203125 0.1731770828125 0.34375 0.2903645828125 0.34375
50 0.41015625 0.34765625 0.4544270828125 0.3515625 0.48828125 0.3515625 0.4921875 0.3466796875 0.4947916671875 0.3369140625 0.515625 0.2451171875 0.515625 0.2275390625 0.49609375 0.22265625 0.3919270828125 0.212890625 0.3854166671875 0.2177734375 0.3776041671875 0.2392578125 0.3567708328125 0.3173828125 0.3567708328125 0.3388671875 0.36328125 0.341796875 0.41015625 0.34765625
41 0.57421875 0.359375 0.6497395828125 0.36328125 0.6861979171875 0.36328125 0.6927083328125 0.3564453125 0.6979166671875 0.2841796875 0.6979166671875 0.2353515625 0.68359375 0.232421875 0.66015625 0.23046875 0.5716145828125 0.2265625 0.5651041671875 0.2294921875 0.5625 0.2392578125 0.5520833328125 0.3251953125 0.5520833328125 0.3544921875 0.5559895828125 0.357421875 0.57421875 0.359375
41 1 0.7626953125 0.99609375 0.759765625 0.9596354171874999 0.7578125 0.9361979171874999 0.7578125 0.9322916671874999 0.7607421875 0.9296875 0.7646484375 0.9296875 0.7724609375 0.9401041671874999 0.9384765625 0.9427083328125001 0.9423828125 0.94921875 0.9453125 0.99609375 0.9453125 1 0.9423828125 1 0.7626953125
1 0.7903645828125 0.375 0.8841145828125001 0.3828125 0.90234375 0.3828125 0.9088541671874999 0.3759765625 0.9140625 0.2900390625 0.9140625 0.2548828125 0.9075520828125001 0.25 0.87109375 0.24609375 0.7877604171875 0.240234375 0.77734375 0.2421875 0.7734375 0.2470703125 0.765625 0.3271484375 0.7630208328125 0.3662109375 0.7669270828125 0.37109375 0.7721354171875 0.373046875 0.7903645828125 0.375
1 0.73828125 0.9453125 0.8893229171874999 0.951171875 0.8958333328125001 0.9462890625 0.8958333328125001 0.9072265625 0.8880208328125001 0.7783203125 0.8854166671874999 0.7666015625 0.87890625 0.76171875 0.8033854171874999 0.7578125 0.7278645828125 0.755859375 0.7239583328125 0.7587890625 0.7213541671875 0.7900390625 0.7239583328125 0.9384765625 0.7265625 0.9423828125 0.73828125 0.9453125
33 1 0.2490234375 0.99609375 0.24609375 0.9440104171874999 0.244140625 0.9401041671874999 0.2470703125 0.9401041671874999 0.3056640625 0.9427083328125001 0.3544921875 0.9453125 0.3740234375 0.9518229171874999 0.37890625 0.99609375 0.380859375 1 0.3779296875 1 0.2490234375
33 0.5286458328125 0.9287109375 0.53515625 0.93359375 0.57421875 0.93359375 0.6888020828125 0.9296875 0.6940104171875 0.927734375 0.6979166671875 0.9248046875 0.6979166671875 0.9091796875 0.6796875 0.7548828125 0.6770833328125 0.7470703125 0.6705729171875 0.7421875 0.66015625 0.7421875 0.5299479171875 0.74609375 0.5221354171875 0.748046875 0.5182291671875 0.7509765625 0.5182291671875 0.7802734375 0.5260416671875 0.9072265625 0.5286458328125 0.9287109375
29 0.4440104171875 0.927734375 0.4518229171875 0.92578125 0.4583333328125 0.9208984375 0.4583333328125 0.8994140625 0.453125 0.7646484375 0.4505208328125 0.7431640625 0.4466145828125 0.740234375 0.4127604171875 0.740234375 0.30078125 0.744140625 0.2916666671875 0.7509765625 0.2890625 0.9267578125 0.2981770828125 0.931640625 0.30859375 0.931640625 0.4440104171875 0.927734375
17 1 0.5830078125 0.9934895828125001 0.580078125 0.9049479171874999 0.578125 0.9010416671874999 0.5810546875 0.9010416671874999 0.6201171875 0.9114583328125001 0.7373046875 0.9140625 0.7431640625 0.91796875 0.74609375 0.9388020828125001 0.748046875 0.9986979171874999 0.748046875 1 0.7470703125 1 0.5830078125
17 0.4622395828125 0.51171875 0.49609375 0.51171875 0.5 0.5068359375 0.5052083328125 0.4736328125 0.515625 0.3740234375 0.5091145828125 0.369140625 0.4049479171875 0.36328125 0.37890625 0.36328125 0.375 0.3662109375 0.3697916671875 0.3857421875 0.3567708328125 0.4677734375 0.3541666671875 0.5009765625 0.3606770828125 0.505859375 0.3815104171875 0.5078125 0.4622395828125 0.51171875
21 0.22526041718749998 0.517578125 0.2591145828125 0.517578125 0.2630208328125 0.5146484375 0.2890625 0.3974609375 0.2916666671875 0.3818359375 0.2890625 0.3779296875 0.2825520828125 0.375 0.1575520828125 0.3671875 0.1510416671875 0.3740234375 0.1484375 0.3818359375 0.1223958328125 0.4775390625 0.1171875 0.4990234375 0.1171875 0.5068359375 0.12109375 0.509765625 0.22526041718749998 0.517578125
37 0.1809895828125 0.802734375 0.1888020828125 0.80078125 0.1953125 0.7939453125 0.20052083281250002 0.7802734375 0.2421875 0.6650390625 0.25 0.6416015625 0.25 0.6376953125 0.24348958281250002 0.6328125 0.11328125 0.611328125 0.10546875 0.61328125 0.09635416718749999 0.6279296875 0.0416666671875 0.7607421875 0.0390625 0.7685546875 0.0390625 0.7744140625 0.0481770828125 0.779296875 0.1809895828125 0.802734375
5 0.34765625 0.703125 0.44921875 0.69921875 0.4544270828125 0.697265625 0.4583333328125 0.6943359375 0.4583333328125 0.6708984375 0.453125 0.5478515625 0.4505208328125 0.5400390625 0.4466145828125 0.537109375 0.42578125 0.537109375 0.3111979171875 0.541015625 0.3059895828125 0.54296875 0.3020833328125 0.5458984375 0.3020833328125 0.7001953125 0.3059895828125 0.703125 0.34765625 0.703125
9 0.6627604171875 0.734375 0.69140625 0.732421875 0.6953125 0.7294921875 0.6953125 0.7041015625 0.6901041671875 0.6025390625 0.6875 0.5732421875 0.6848958328125 0.5693359375 0.67578125 0.56640625 0.5403645828125 0.56640625 0.5364583328125 0.5693359375 0.5364583328125 0.7275390625 0.54296875 0.732421875 0.6627604171875 0.734375
13 0.7291666671875 0.7197265625 0.7330729171875 0.72265625 0.8424479171874999 0.72265625 0.8841145828125001 0.720703125 0.8880208328125001 0.7177734375 0.8880208328125001 0.7099609375 0.8671875 0.5634765625 0.8645833328125001 0.5595703125 0.8606770828125001 0.556640625 0.7669270828125 0.556640625 0.7174479171875 0.55859375 0.7135416671875 0.5615234375 0.7135416671875 0.5849609375 0.7265625 0.7158203125 0.7291666671875 0.7197265625
13 0.5846354171875 0.5234375 0.6809895828125 0.52734375 0.69921875 0.52734375 0.7057291671875 0.5224609375 0.7083333328125 0.4423828125 0.7083333328125 0.3857421875 0.7044270828125 0.3828125 0.69921875 0.380859375 0.5794270828125 0.376953125 0.5690104171875 0.37890625 0.5651041671875 0.3818359375 0.5598958328125 0.4501953125 0.5572916671875 0.4892578125 0.5572916671875 0.5185546875 0.5611979171875 0.521484375 0.5846354171875 0.5234375
9 0.8203125 0.5458984375 0.8268229171874999 0.548828125 0.96484375 0.548828125 0.9713541671874999 0.5439453125 0.9713541671874999 0.5361328125 0.9557291671874999 0.4228515625 0.953125 0.4072265625 0.9505208328125001 0.4033203125 0.9466145828125001 0.400390625 0.8111979171874999 0.400390625 0.8072916671874999 0.4033203125 0.8072916671874999 0.4267578125 0.8177083328125001 0.5419921875 0.8203125 0.5458984375