44 0.5559762296875 0.7128672968750001 0.551640996875 0.726206025 0.5004503828125 0.9040464406250001 0.49803860312500003 0.9177243265625 0.5013398718750001 0.9271208968750001 0.6397464734375 0.972063425 0.6751219640625 0.9783010781250001 0.678469440625 0.974219659375 0.682201728125 0.964300403125 0.7195544640625 0.808700503125 0.722296371875 0.795962275 0.7295317125 0.7549286171875 0.72854133125 0.7521096468749999 0.72337391875 0.7476727046875 0.6199958046875 0.71534120625 0.5879000546875 0.7061560734375 0.5628951703125 0.7017470375 0.5559762296875 0.7128672968750001
44 0.25902880625 0.69911481875 0.251075903125 0.7329703765625 0.2176846890625 0.8998461609374999 0.21587585312500002 0.9101045750000001 0.2172536703125 0.9191619890625 0.2204976296875 0.9232597734375 0.23396179843749998 0.92563386875 0.387608775 0.9315712546875 0.3997524359375 0.9301867234375001 0.40253147343749995 0.9267983765625001 0.420378646875 0.8255820249999999 0.43466594062499997 0.7265585984375 0.43636015937500006 0.7057026140625 0.434379396875 0.700064671875 0.4151448703125 0.6966731046875 0.2672682515625 0.6917531890624999 0.25902880625 0.69911481875
55 0.015070571875 0.4371470390625 0.0268655671875 0.640196665625 0.029869721874999998 0.64874754375 0.045786296875 0.651554065625 0.0723681765625 0.646457109375 0.0797864921875 0.642627584375 0.129314121875 0.3617424359375 0.1261449046875 0.3527217296875 0.12290094375 0.3486239453125 0.109436775 0.3462498484375 0.0832260015625 0.3486797546875 0.036574809375 0.3545570390625 0.0199812984375 0.358682728125 0.0164443421875 0.3629951703125 0.0159016921875 0.36607269531250003 0.01329159375 0.3909981296875 0.015070571875 0.4371470390625
55 0.8216205953125 0.7359966499999999 0.8486931859375 0.7407702781250001 0.91919719375 0.74667933125 0.9409581171875001 0.7469905828125001 0.944242434375 0.7429861734375 0.9472119390625 0.7261452765625 0.9492572796875001 0.6268143015625001 0.9508965953124999 0.482546096875 0.9488012171875001 0.46631058437500006 0.9460438515625 0.4628274671875 0.9292136453125 0.45985984843749994 0.8379585265625 0.4538176 0.83164253125 0.46151838749999996 0.82934536875 0.48579384374999995 0.818402784375 0.716566303125 0.8185174015625 0.727163875 0.8216205953125 0.7359966499999999
55 0.6619481625 0.42736574843749997 0.6588429953125 0.44497602656249996 0.6416538593750001 0.5863260890624999 0.631747646875 0.6762498140625001 0.6324652093750001 0.6834279140625 0.6355023765625 0.6920727578125 0.69666818125 0.7028579390624999 0.7479296765625 0.70907609375 0.752982471875 0.7029154656250001 0.75759069375 0.676780934375 0.7697228640625 0.5348665859375 0.7757821734375 0.44426454687500005 0.7724809046875001 0.43486797812500005 0.7301649453125 0.4274065328125 0.6680115171875001 0.4199729921875 0.6619481625 0.42736574843749997
55 0.516183584375 0.3958459703125 0.490745275 0.5288661984374999 0.46964219687500003 0.6485476968749999 0.471622959375 0.6541856375 0.55628355625 0.671757925 0.58513531875 0.6768452703125 0.5885459562500001 0.6726868453125 0.6056093015624999 0.5759158046875 0.6302702359375 0.4124367390625 0.628289475 0.4067987984375 0.607734440625 0.399648603125 0.5442605031250001 0.388456434375 0.5205761265625 0.387806028125 0.516183584375 0.3958459703125
55 0.3690636328125 0.381010984375 0.36269032968750003 0.3834129859375 0.3589007328125 0.388033459375 0.34913899531250003 0.43214742812500007 0.3181595625 0.5853453265625 0.30730655156250003 0.6468958109375 0.3079007796875 0.64858719375 0.3482932984375 0.655709484375 0.42073294843750003 0.661607265625 0.42710625156250004 0.6592052640625 0.43003461249999997 0.6538453015625 0.45465486874999994 0.5142168875 0.4705756046875 0.41830211093749997 0.472269821875 0.3974461265625 0.4702890609375 0.3918081859375 0.43374346093750005 0.385364209375 0.3889011046875 0.3809830796875 0.3690636328125 0.381010984375
55 0.15566691875 0.5395934234374999 0.1451876171875 0.5765292953125 0.1409670015625 0.60046559375 0.14261763593750001 0.6051638796875001 0.2550022265625 0.624980315625 0.26142695625 0.6146543609374999 0.26696807968749997 0.594476690625 0.3158748953125 0.4014693453125 0.322092765625 0.366206046875 0.32077225781249996 0.36244741875 0.3040641296875 0.3559755375 0.22135566562500003 0.3413918046875 0.21690581562500003 0.3441329625 0.2105898203125 0.35183375 0.15566691875 0.5395934234374999
55 0.106822296875 0.3397068609375 0.0722001484375 0.3336020421875 0.0672046625 0.3450614578125 0.065998771875 0.3519004 0.0667072265625 0.3633078390625 0.08388090625 0.366336021875 0.11666879375000001 0.3625977859375 0.13326230625 0.3584720953125 0.1370519015625 0.3538516234375 0.1363916484375 0.351972309375 0.1312242359375 0.3475353671875 0.106822296875 0.3397068609375
55 0.066369690625 0.42909238906249997 0.0645608546875 0.4393508046875 0.0490836609375 0.605859525 0.051781984375 0.6186755640625 0.0581888078125 0.62676869375 0.0772309859375 0.6301263421875001 0.08268320625 0.59920526875 0.0750102984375 0.45882225625000006 0.071537103125 0.4335293296875 0.069556340625 0.42789138906249996 0.0676328890625 0.4275522328125 0.066369690625 0.42909238906249997
55 0.11420273750000001 0.257358940625 0.1148629921875 0.25923825312500004 0.12387730937500001 0.264353509375 0.23708104843750002 0.29656649062499996 0.2555101203125 0.299816034375 0.26049975625 0.2937324125 0.2636291 0.287232625 0.30161747499999997 0.1673944296875 0.3056036109375 0.14478792499999998 0.3042831046875 0.14102929687500002 0.1739766515625 0.10394960625 0.1657372046875 0.1113112359375 0.132749559375 0.1971650828125 0.11721746250000001 0.240261584375 0.11420273750000001 0.257358940625
55 0.3610458109375 0.219526503125 0.3476839953125 0.26606136406249997 0.34434770000000003 0.284982440625 0.3458002578125 0.28911692968749997 0.4170826234375 0.3122632953125 0.48357652343749996 0.3305106703125 0.4893468921875 0.331528140625 0.49275752968750003 0.327369715625 0.49769570781250005 0.310611515625 0.5225276062499999 0.21027418125000003 0.529396540625 0.1713185109375 0.518512240625 0.1644360921875 0.41068427500000004 0.1348457515625 0.39144975 0.1314541859375 0.387660153125 0.1360746578125 0.383927865625 0.145993915625 0.3610458109375 0.219526503125
55 0.6260283796875 0.1755492125 0.6199989296874999 0.209743925 0.6038340296875 0.3126672234375 0.6034030109375 0.33198304843750004 0.6054304875 0.334544165625 0.644380375 0.3414120828125 0.7072694546875 0.3502975046875 0.7540352625 0.35501779375 0.7595197890625001 0.3509077296875 0.764228790625 0.324201659375 0.7743634687500001 0.2228594109375 0.7760576859375 0.2020034265625 0.7733593625 0.189187384375 0.707961971875 0.1776560609375 0.6298179765625 0.17092874062500002 0.6260283796875 0.1755492125
55 1 0.2290621 0.975721653125 0.224781171875 0.8681229234375 0.2163859734375 0.8598261671874999 0.2184488171875 0.8509837750000001 0.22922992031249997 0.8165353859375 0.3604851359375 0.8147566968750001 0.3705725765625 0.8148369296875 0.3779908765625 0.8153651328124999 0.379494328125 0.8493621546875 0.3854889203125 0.969861721875 0.3929856765625 0.976235025 0.390583675 0.9806275671875 0.38254373125 0.9934040312500001 0.321332403125 1 0.28862292031250003 1 0.2290621