27 0.2254580328125 0.46494726093749994 0.27481171249999997 0.2598554328125 0.274080265625 0.25434123125 0.27210438125 0.2498760609375 0.2319943484375 0.23259792968749998 0.169633325 0.2075100859375 0.15440879375 0.20399522656250002 0.1531643546875 0.205044259375 0.15008966875000002 0.20967974374999998 0.144817378125 0.2325165421875 0.11288909843749999 0.38817800468749997 0.107176634375 0.42160384687499997 0.11237284218750002 0.429485153125 0.204011309375 0.46667756093749996 0.22113890781249998 0.47063177968750003 0.2254580328125 0.46494726093749994
23 0.07730340625 0.7519976390625 0.147336246875 0.76816599375 0.14994956718750002 0.7659630265625 0.15375733281249998 0.74946978125 0.1633139703125 0.7015636015625 0.185578015625 0.5703976468749999 0.19407389375 0.5162330703125 0.193342446875 0.5107188671875 0.1913665625 0.506253696875 0.17356576875000002 0.500005928125 0.0620460734375 0.47425957656250006 0.058810534375 0.47698706093750004 0.054124053125 0.4972864375 0.027170262499999997 0.683495684375 0.02233488125 0.7304873546875 0.027531089062500003 0.7383686609375 0.07730340625 0.7519976390625
31 0.40099782812500007 0.46431474687499996 0.4067222453125 0.459489196875 0.40959271406250003 0.447055828125 0.409857796875 0.430279228125 0.40957958281250006 0.2752003125 0.4091426734375 0.2510454421875 0.40611298281249997 0.24419885 0.39883655 0.242518953125 0.289319034375 0.262135646875 0.2849270921875 0.263794353125 0.27920267656250003 0.26861990156250004 0.27745696249999996 0.27618141875 0.269901428125 0.48082042812500003 0.27187731249999997 0.485285596875 0.2794895796875 0.487043028125 0.2876876546875 0.48626303593750003 0.3966058859375 0.465973453125 0.40099782812500007 0.46431474687499996
35 0.48535171093749996 0.5178658781250001 0.49296397656249996 0.5196233078125 0.4966972921875 0.5164762109375001 0.5527763609375 0.4038077390625 0.5832319546875 0.341349625 0.5864166843749999 0.334066878125 0.5894921875 0.3207454109375 0.5878456171875001 0.3170244375 0.5795019046875 0.30975280625 0.49784079999999997 0.25415068281250003 0.47480010000000006 0.24883131875000003 0.47417788125 0.24935583593750002 0.3885203015625 0.43804824687500005 0.3867628703125 0.44566051250000005 0.3900560125 0.45310246093749995 0.4783252546875 0.513571025 0.48535171093749996 0.5178658781250001
3 0.5760819078125 0.4838892890625 0.5722725109375 0.5177544890625 0.5755656515625 0.5251964390625 0.58888711875 0.5282719421875 0.6888725609375 0.537992065625 0.7027798375 0.538530146875 0.7081907625 0.5359307171875 0.7126940453125 0.516424859375 0.73200405 0.3381453984375 0.7340560171875 0.3118924640625 0.732475309375 0.308320328125 0.7075070765625 0.3025559578125 0.6206762890624999 0.29507102500000004 0.610575146875 0.29541165937499997 0.604938765625 0.2981193984375 0.600252284375 0.318418775 0.5929280265625 0.367508509375 0.5760819078125 0.4838892890625
43 0.907718771875 0.3454376359375 0.906401515625 0.34246085625 0.888285978125 0.3362740546875 0.7769565828125 0.3105716390625 0.7738454875 0.31319421875 0.770184990625 0.320367128125 0.7097036421875 0.5224317593750001 0.7089755640625001 0.5255854140625 0.714023309375 0.5332415390625 0.8308418140624999 0.5655565499999999 0.83706400625 0.5603113875 0.8413103124999999 0.550601059375 0.9000153703124999 0.3788047359375 0.907718771875 0.3454376359375
52 1 0.35404726875 0.943611659375 0.34102899375 0.9380157 0.34574625625 0.9337693937499999 0.35545658593749996 0.87212023125 0.5443464437500001 0.868605371875 0.5595709765625 0.8724843234374999 0.5644755031249999 0.9882790625 0.593844853125 1 0.54307589375 1 0.35404726875
7 0.6598854859375 0.8632451046874999 0.6631058078125001 0.86666124375 0.670718075 0.8684186734375 0.776558353125 0.8875084937500001 0.801884028125 0.8906827187499999 0.8048706796875 0.8881650421874999 0.8107999140625 0.86248270625 0.8334547453125 0.64540436875 0.834920903125 0.6216888546875 0.8329450171874999 0.6172236859375 0.83069079375 0.6148323890625 0.8038575328125 0.6086374421875 0.7080740734375001 0.5937402875 0.6979729296875 0.594080925 0.694239615625 0.597228021875 0.6901389453125 0.6149899750000001 0.657178153125 0.853265734375 0.6598854859375 0.8632451046874999
11 0.4757414625 0.8247411078125 0.4753012890625 0.8353301546875 0.4772771734375 0.8397953234375001 0.5096293046875 0.8472644015625 0.6147381375000001 0.8608400203125001 0.6192472437500001 0.8586738281249999 0.6278440046875 0.8214371609375 0.6391237046875 0.742190859375 0.6568501703125 0.6046319890625 0.656631715625 0.5925545546875 0.6543774921875001 0.5901632578125 0.62840061875 0.584166025 0.5311749609375 0.57160858125 0.5229768859374999 0.572388571875 0.5192435703125 0.57553566875 0.5139712796875 0.5983724671874999 0.5019605421875 0.6677615765625 0.4757414625 0.8247411078125
15 0.3192190734375 0.815064471875 0.321194959375 0.8195296421875 0.3535470890625 0.82699871875 0.42513217187499996 0.8381801046874999 0.4542639796875 0.8422330453125 0.45865592343749995 0.8405743375 0.4641314515625 0.8359585968750001 0.4671190828125 0.82301774375 0.509697478125 0.589100515625 0.5101376515625 0.57851146875 0.5081617671875 0.5740463 0.4815188359375 0.5678952953125 0.3846080796875 0.553539684375 0.37831306875 0.554759034375 0.3745797546875 0.55790613125 0.3499757328125 0.66447785625 0.31848762656249996 0.8095502703124999 0.3192190734375 0.815064471875
19 0.18946585625 0.7923247828125 0.1989811890625 0.7945215703125 0.3092134109375 0.8119526828125 0.313605353125 0.8102939765625001 0.31671645000000004 0.8076713968749999 0.31964549999999997 0.7949842859375 0.32656599375 0.758496503125 0.34853876562499997 0.6112273015625 0.356303196875 0.551548521875 0.3555717515625 0.5460343203125 0.3516928 0.5411297921875 0.34217746718750003 0.5389330046875 0.22755330156250003 0.5231606 0.21935522500000001 0.5239405921875 0.21562190937499998 0.5270876890625 0.211521240625 0.5448496421875 0.1842696484375 0.7844434765625 0.18946585625 0.7923247828125
2 0 0.872962796875 0.10562322500000002 0.9221030015625 0.11647342499999999 0.9246079671875 0.12308691249999999 0.9170477437500001 0.14212410625 0.8519534859375 0.14505315624999998 0.839266375 0.1445262546875 0.8380756640625 0.0033187171874999996 0.8054753343750001 0.0023231671875 0.8063145609375001 0 0.814957334375 0 0.872962796875
34 0.308130415625 0.886537328125 0.3052324515625 0.8799884125 0.17201779374999998 0.8492333859375 0.165795603125 0.8544785484374999 0.160377675 0.8692637218750001 0.150859078125 0.90181085 0.14441516875 0.9297224937499999 0.145073796875 0.9312108828125 0.2878037859375 0.9641626984375 0.2907904390625 0.9616450203125 0.308130415625 0.886537328125
30 0.46328753125000005 0.9368573890624999 0.472880171875 0.8953071015624999 0.47255085625 0.8945629078125 0.326014734375 0.860732378125 0.3247702953125 0.8617814109375 0.3146658890625 0.8968659625000001 0.302363878125 0.9501518250000001 0.30565701875 0.9575937734375 0.3107804078125 0.96144926875 0.421303903125 0.9949836281250001 0.438431503125 0.9989378468749999 0.4471425703125 0.9915946203124999 0.46328753125000005 0.9368573890624999
26 0.6199551765625 1 0.63279976875 0.89547828125 0.6320683218750001 0.8899640796874999 0.6268721140625 0.882082771875 0.61735678125 0.879885984375 0.49072840624999997 0.8640148546875001 0.484506215625 0.8692600171875 0.47747649531249997 0.8997090812499999 0.4638539625 0.9847620812500001 0.46228600000000003 1 0.6199551765625 1
22 0.8019759765625001 1 0.813196565625 0.929375428125 0.8085861671875 0.9189567015625 0.706055221875 0.8907420328125 0.669516346875 0.8823063687499999 0.6664419875 0.8834674625 0.662708671875 0.886614559375 0.6562647625 0.9145262031250001 0.6411862 1 0.8019759765625001 1
18 0.8945107578125 1 0.90540725625 0.952802078125 0.8260493828125 0.93448086875 0.82368495 0.9364740296875 0.8188528328125001 0.9487217828125001 0.8026711078125001 1 0.8945107578125 1
38 0.8192025875000001 0.8877320890625 0.8205926609375 0.8947346812499999 0.8238129843750001 0.8981508187499999 0.8466497828125 0.903423109375 0.9049133984375001 0.911528990625 0.9167352687499999 0.9106810218750001 0.979211675 0.6400659796875 0.849750584375 0.6208362890625 0.84601726875 0.6239833859374999 0.8413307890624999 0.6442827609374999 0.8397189953125 0.6599466515625 0.82066874375 0.8640165765625 0.8192025875000001 0.8877320890625