27 0.484375 0.2216796875 0.48828125 0.224609375 0.4934895828125 0.2265625 0.7044270828125 0.224609375 0.7109375 0.2216796875 0.7109375 0.2041015625 0.6953125 0.1064453125 0.6888020828125 0.099609375 0.6549479171875 0.09765625 0.49609375 0.09375 0.47265625 0.09375 0.4674479171875 0.095703125 0.4661458328125 0.0966796875 0.4661458328125 0.1123046875 0.4765625 0.1787109375 0.484375 0.2216796875
23 0.1653645828125 0.203125 0.1705729171875 0.205078125 0.22526041718749998 0.208984375 0.3580729171875 0.216796875 0.4231770828125 0.21875 0.4270833328125 0.2158203125 0.4270833328125 0.1572265625 0.4244791671875 0.0927734375 0.41796875 0.0859375 0.37109375 0.080078125 0.18359375 0.064453125 0.1627604171875 0.064453125 0.1588541671875 0.0673828125 0.1588541671875 0.1767578125 0.1614583328125 0.2001953125 0.1653645828125 0.203125
31 0.5104166671875 0.3916015625 0.5130208328125 0.3955078125 0.51953125 0.400390625 0.5299479171875 0.400390625 0.5481770828125 0.396484375 0.69921875 0.361328125 0.72265625 0.35546875 0.7291666671875 0.3505859375 0.7291666671875 0.3447265625 0.6848958328125 0.2412109375 0.6822916671875 0.2373046875 0.67578125 0.232421875 0.6705729171875 0.232421875 0.4674479171875 0.271484375 0.4635416671875 0.2744140625 0.4635416671875 0.2822265625 0.4661458328125 0.2900390625 0.5104166671875 0.3916015625
35 0.5182291671875 0.5341796875 0.5234375 0.5439453125 0.52734375 0.546875 0.5377604171875 0.546875 0.5481770828125 0.544921875 0.6158854171875 0.529296875 0.73828125 0.5 0.7421875 0.4970703125 0.7421875 0.4892578125 0.7395833328125 0.4814453125 0.7005208328125 0.3818359375 0.6940104171875 0.376953125 0.6861979171875 0.376953125 0.4830729171875 0.41796875 0.4791666671875 0.4208984375 0.4791666671875 0.4306640625 0.4817708328125 0.4404296875 0.5182291671875 0.5341796875
3 0.5078125 0.7060546875 0.51171875 0.7109375 0.5299479171875 0.7109375 0.7096354171875 0.689453125 0.7356770828125 0.685546875 0.7395833328125 0.6826171875 0.7395833328125 0.6630859375 0.7265625 0.5712890625 0.7239583328125 0.5615234375 0.7200520828125 0.556640625 0.69921875 0.556640625 0.6497395828125 0.560546875 0.5325520828125 0.5703125 0.4986979171875 0.57421875 0.4921875 0.5791015625 0.4921875 0.5927734375 0.5052083328125 0.6923828125 0.5078125 0.7060546875
43 0.515625 0.8603515625 0.51953125 0.86328125 0.54296875 0.86328125 0.7330729171875 0.84375 0.7434895828125 0.841796875 0.75 0.8369140625 0.7447916671875 0.7158203125 0.73828125 0.708984375 0.5247395828125 0.72265625 0.5169270828125 0.724609375 0.5104166671875 0.7294921875 0.5104166671875 0.7646484375 0.5130208328125 0.8349609375 0.515625 0.8603515625
52 0.7565104171875 1 0.7578125 0.9990234375 0.7552083328125 0.8779296875 0.7513020828125 0.873046875 0.7356770828125 0.873046875 0.5377604171875 0.890625 0.52734375 0.892578125 0.5208333328125 0.8974609375 0.5182291671875 0.9033203125 0.5182291671875 0.9814453125 0.5208333328125 0.9990234375 0.5221354171875 1 0.7565104171875 1
7 0.1875 0.8818359375 0.19140625 0.884765625 0.21223958281250002 0.884765625 0.43359375 0.857421875 0.45703125 0.853515625 0.4609375 0.8505859375 0.4635416671875 0.8466796875 0.4635416671875 0.8310546875 0.4557291671875 0.7236328125 0.453125 0.7138671875 0.44921875 0.7109375 0.4309895828125 0.7109375 0.19140625 0.732421875 0.1822916671875 0.7373046875 0.1796875 0.7412109375 0.1796875 0.7490234375 0.1848958328125 0.8564453125 0.1875 0.8818359375
11 0.1783854171875 0.697265625 0.20442708281250002 0.697265625 0.2955729171875 0.689453125 0.43359375 0.67578125 0.4453125 0.6728515625 0.4479166671875 0.6689453125 0.4479166671875 0.6513671875 0.4375 0.5458984375 0.4348958328125 0.5380859375 0.4309895828125 0.53515625 0.4075520828125 0.53515625 0.3372395828125 0.5390625 0.1783854171875 0.548828125 0.16796875 0.55078125 0.1640625 0.5537109375 0.1640625 0.5869140625 0.1744791671875 0.6923828125 0.1783854171875 0.697265625
15 0.15625 0.5322265625 0.1588541671875 0.5361328125 0.1653645828125 0.541015625 0.4153645828125 0.529296875 0.42578125 0.52734375 0.4296875 0.5244140625 0.4296875 0.4970703125 0.421875 0.3994140625 0.4192708328125 0.3935546875 0.4153645828125 0.390625 0.3059895828125 0.390625 0.1575520828125 0.392578125 0.15234375 0.39453125 0.1484375 0.3974609375 0.1484375 0.4306640625 0.1536458328125 0.5029296875 0.15625 0.5322265625
19 0.1549479171875 0.37109375 0.21484375 0.376953125 0.36328125 0.388671875 0.4127604171875 0.390625 0.4166666671875 0.3876953125 0.4192708328125 0.3837890625 0.4270833328125 0.2724609375 0.4270833328125 0.2626953125 0.4205729171875 0.255859375 0.1809895828125 0.228515625 0.1627604171875 0.228515625 0.1588541671875 0.2314453125 0.15625 0.2392578125 0.1458333328125 0.3544921875 0.1458333328125 0.3642578125 0.1497395828125 0.369140625 0.1549479171875 0.37109375
2 0 0.2294921875 0.0013020828125 0.23046875 0.014322917187500001 0.23046875 0.08203125 0.2265625 0.09114583281250001 0.2216796875 0.09114583281250001 0.2119140625 0.06510416718749999 0.0888671875 0.05598958281250001 0.08203125 0.0013020828125 0.083984375 0 0.0849609375 0 0.2294921875
34 0 0.3974609375 0.00390625 0.400390625 0.07942708281250001 0.400390625 0.0859375 0.3955078125 0.0859375 0.2587890625 0.07942708281250001 0.25390625 0.06380208281250001 0.251953125 0.0299479171875 0.25 0.0013020828125 0.25 0 0.2509765625 0 0.3974609375
30 0 0.5615234375 0.0013020828125 0.5625 0.03515625 0.5625 0.1002604171875 0.55859375 0.109375 0.5517578125 0.109375 0.5341796875 0.1015625 0.4189453125 0.09895833281250001 0.4130859375 0.09244791718749999 0.408203125 0.0377604171875 0.408203125 0.0013020828125 0.41015625 0 0.4111328125 0 0.5615234375
26 0 0.7294921875 0.00390625 0.732421875 0.014322917187500001 0.732421875 0.14453125 0.71875 0.1497395828125 0.716796875 0.15625 0.7099609375 0.15625 0.7001953125 0.1432291671875 0.5732421875 0.13671875 0.568359375 0.10546875 0.568359375 0.01953125 0.57421875 0.00390625 0.576171875 0 0.5791015625 0 0.7294921875
22 0 0.9072265625 0.006510417187500001 0.912109375 0.01171875 0.912109375 0.15234375 0.90234375 0.1614583328125 0.8955078125 0.1666666671875 0.7705078125 0.1666666671875 0.7529296875 0.1640625 0.7490234375 0.16015625 0.74609375 0.1315104171875 0.74609375 0.01953125 0.751953125 0.0013020828125 0.75390625 0 0.7548828125 0 0.9072265625
18 0.1497395828125 1 0.1510416671875 0.9990234375 0.1510416671875 0.9326171875 0.1484375 0.9072265625 0.14453125 0.904296875 0.1158854171875 0.904296875 0.0169270828125 0.912109375 0.00390625 0.9140625 0 0.9169921875 0 0.9990234375 0.0013020828125 1 0.1497395828125 1
38 0.4700520828125 1 0.4713541671875 0.9990234375 0.4609375 0.8681640625 0.45703125 0.865234375 0.4361979171875 0.865234375 0.4205729171875 0.8671875 0.21744791718749998 0.89453125 0.1940104171875 0.8984375 0.1875 0.9013671875 0.1848958328125 0.9052734375 0.1848958328125 0.9287109375 0.1901041671875 0.9873046875 0.1940104171875 1 0.4700520828125 1