9 0.1721245609375 0.508077534375 0.1729062078125 0.500176040625 0.12156321249999999 0.27778509375 0.11879103124999998 0.2727234140625 0.110958678125 0.269186321875 0.031711696875 0.27322770625000004 0.0088748984375 0.27849999531249997 0.007416315625 0.283469359375 0.012649553124999999 0.3061369953125 0.0617682546875 0.503265071875 0.0660145609375 0.5129754015625 0.07004078124999999 0.5173912109375001 0.07653106093749999 0.5194563671875 0.147384696875 0.5137891828125001 0.1721245609375 0.508077534375
5 0.066906271875 0.5771808078125 0.094684246875 0.70618288125 0.1243652890625 0.8347456 0.13297872187499998 0.8416659203125001 0.224084275 0.8455774390625 0.241211875 0.8416232203125 0.239770534375 0.8223564234375 0.20909364843749997 0.6638670234374999 0.1891077625 0.577298640625 0.18521574999999998 0.573030025 0.1787254703125 0.57096486875 0.083032703125 0.5645488375000001 0.0678081703125 0.5680636984375 0.067247178125 0.5699749921875 0.066906271875 0.5771808078125
50 0.193447590625 0.5696150453125 0.193106684375 0.5768208593749999 0.1946688453125 0.583587321875 0.2616863 0.7783649234375 0.2783306203125 0.8244120609375001 0.2817958453125 0.8307391609374999 0.28313791875 0.832211096875 0.307877784375 0.8264994484375 0.3778510734375 0.7996541765625 0.382779190625 0.7949528703125 0.3832840859375 0.79323270625 0.37203653281250004 0.7445142078125 0.34292255625 0.6527033734375001 0.303385275 0.5335432609375 0.29667490937499996 0.52618358125 0.285256509375 0.5288197265625 0.1970336359375 0.56344180625 0.193447590625 0.5696150453125
46 0.18389046250000002 0.516497275 0.250497790625 0.5011197609375 0.285874975 0.4893887390625 0.2875579546875 0.48365485937499997 0.284774540625 0.462916125 0.25599539843749997 0.3252362984375 0.2388116375 0.2508052515625 0.236127490625 0.2478613796875 0.232457721875 0.24585776875 0.21342703125 0.25025135 0.14097416406250002 0.26982925625 0.13738811875 0.27600249374999997 0.13782829218749998 0.2865915390625 0.173175428125 0.4744265875 0.18254838906249998 0.5150253390625 0.18389046250000002 0.516497275
1 0.489074928125 0.741369590625 0.4940030484375 0.7366682890625 0.495686028125 0.7309344078125 0.492121534375 0.7068124453125 0.46557395625 0.559263084375 0.445168240625 0.47087621874999996 0.44449720312499996 0.47014025000000004 0.4322977234375 0.469393165625 0.3503655078125 0.4720054375 0.3346652203125 0.47563013437499996 0.332337096875 0.48356200312500003 0.33746375156249997 0.5144504249999999 0.3833058359375 0.7390616390625 0.3900162015625 0.7464213203125001 0.398409546875 0.7480471171875 0.489074928125 0.741369590625
41 0.313945403125 0.45903234687500005 0.31797162343749996 0.463448153125 0.3255838890625 0.46169072343749995 0.40316944374999997 0.43308801875 0.4138067625 0.4270686453125 0.4149287484375 0.4232460578125 0.401552753125 0.36530825624999996 0.3586694328125 0.20994874375 0.353642046875 0.1968551828125 0.35015265625 0.19302815 0.316848996875 0.2007169046875 0.261733859375 0.21985563749999998 0.2543416796875 0.226907590625 0.2540007734375 0.2341134078125 0.255562934375 0.24087986562500002 0.3104801765625 0.45270524375 0.313945403125 0.45903234687500005
25 0.4454442328125 0.370052953125 0.4519345125 0.37211811093749997 0.5324153421875 0.370642715625 0.5434966234374999 0.3680844 0.5454048593749999 0.355884115625 0.5210499890625 0.17442019375 0.5113701749999999 0.1324923140625 0.50583296875 0.1280435359375 0.4936334890625 0.127296453125 0.41497960312500004 0.1283500640625 0.41071673906250006 0.1293342234375 0.40677424218749997 0.13309526562500001 0.4074345015625 0.14897883437499998 0.4109989953125 0.173100796875 0.43751261250000006 0.348721 0.44141801249999996 0.36563714687500004 0.4454442328125 0.370052953125
33 0.519137503125 0.6718886875 0.5250667890625 0.6758651375 0.5391693359375 0.6761728640625 0.604313771875 0.6718237546875 0.625247503125 0.666990821875 0.6245872421875001 0.651107253125 0.5932048453125 0.43138957187500004 0.588002853125 0.4088572640625 0.584916084375 0.4054718125 0.5784258046875 0.40340665624999994 0.5038969421874999 0.40609150937500005 0.476426175 0.41243363750000006 0.47578103125000004 0.4146316234375 0.475440125 0.42183744062499995 0.47900461875 0.445959403125 0.5002923140625 0.5728963203124999 0.5121077828125 0.6414396234375 0.519137503125 0.6718886875
29 0.5891897562499999 0.3688496 0.5856037109375001 0.3750228375 0.58872803125 0.3885557546875 0.6779997390625 0.6102675609375 0.6820259578125001 0.61468336875 0.6953474234375 0.6116078671875 0.7682464984374999 0.5627057859375 0.774296603125 0.5541818968750001 0.7758673843749999 0.548830275 0.7753987375 0.5468003375 0.7701711171875 0.5319712265625001 0.68290174375 0.3276149265625 0.675410296875 0.3168720171875 0.663991896875 0.31950816249999997 0.6290548874999999 0.34182822968750004 0.5891897562499999 0.3688496
21 0.6214330875 0.294054434375 0.690185121875 0.253236884375 0.69435509375 0.244383440625 0.689164259375 0.2218994640625 0.6226066734375 0.0603705765625 0.6141140609375 0.040949915625 0.609643271875 0.033696809375 0.5960268234375 0.0368404140625 0.5234271265625 0.07792264531250001 0.5217441468749999 0.08365652500000001 0.5248684671875 0.0971894421875 0.60027926875 0.29359284375 0.6043054890625 0.2980086515625 0.6214330875 0.294054434375
13 0.9457384078125 0.513621459375 0.943488896875 0.503877759375 0.8532258718750001 0.2848180359375 0.8458414453125 0.2742285953125 0.8279607765625 0.2783566734375 0.76400183125 0.3107623609375 0.755267578125 0.316342378125 0.7538089953125 0.321311740625 0.759258178125 0.34491474218749996 0.84217449375 0.5581996984375001 0.848750653125 0.5654121828124999 0.8647205515625 0.5617252406250001 0.9374486390625 0.52373148125 0.9442798265624999 0.5185908218749999 0.9457384078125 0.513621459375
17 0.8224687515625 0.233209290625 0.8253375890625 0.22827070156249998 0.819010840625 0.20086654375 0.7593782499999999 0.0250526359375 0.7511065453125 0.009055440625 0.6873235390625 0.0237809078125 0.6597585296874999 0.032015659375 0.6570657625 0.0411898671875 0.657710153125 0.043981031250000004 0.7174807390625 0.2342845703125 0.7232892046875 0.250761359375 0.72675443125 0.25708845937499997 0.7280965046875 0.2585603953125 0.7851885015625 0.24537967031250002 0.8224687515625 0.233209290625