36 0 0.8095703125 0.00390625 0.8125 0.07421875 0.8125 0.1627604171875 0.810546875 0.171875 0.8076171875 0.1744791671875 0.8037109375 0.1770833328125 0.7939453125 0.1822916671875 0.7314453125 0.1901041671875 0.6318359375 0.1861979171875 0.625 0.1809895828125 0.623046875 0.16796875 0.623046875 0.0299479171875 0.626953125 0.0234375 0.6318359375 0.0182291671875 0.6572265625 0.0026041671875 0.7646484375 0 0.7861328125 0 0.8095703125
28 0.69921875 0.79296875 0.7096354171875 0.794921875 0.8606770828125001 0.80859375 0.8671875 0.8037109375 0.8671875 0.6279296875 0.8580729171874999 0.623046875 0.72265625 0.611328125 0.70703125 0.611328125 0.703125 0.6142578125 0.7005208328125 0.6298828125 0.6901041671875 0.7783203125 0.6901041671875 0.7861328125 0.6927083328125 0.7900390625 0.69921875 0.79296875
24 1 0.6435546875 0.99609375 0.640625 0.9752604171874999 0.638671875 0.9075520828125001 0.634765625 0.8971354171874999 0.634765625 0.8919270828125001 0.63671875 0.890625 0.6376953125 0.890625 0.6787109375 0.8984375 0.8037109375 0.9010416671874999 0.8173828125 0.9075520828125001 0.822265625 0.9674479171874999 0.826171875 0.99609375 0.826171875 1 0.8232421875 1 0.6435546875
0 1 0.4521484375 0.99609375 0.44921875 0.9778645828125001 0.447265625 0.8971354171874999 0.439453125 0.87890625 0.439453125 0.875 0.4423828125 0.8723958328125001 0.4736328125 0.8697916671874999 0.5615234375 0.8697916671874999 0.5888671875 0.8723958328125001 0.5927734375 0.87890625 0.595703125 0.9283854171874999 0.6015625 0.99609375 0.607421875 1 0.6044921875 1 0.4521484375
32 0.7955729171875 0.595703125 0.8294270828125001 0.599609375 0.8359375 0.5947265625 0.8385416671874999 0.5869140625 0.8567708328125001 0.4794921875 0.859375 0.4619140625 0.859375 0.4482421875 0.8502604171874999 0.443359375 0.7252604171875 0.423828125 0.7122395828125 0.423828125 0.7083333328125 0.4267578125 0.6770833328125 0.5537109375 0.6744791671875 0.5673828125 0.6770833328125 0.5712890625 0.6861979171875 0.576171875 0.7955729171875 0.595703125
45 0.4986979171875 0.578125 0.6263020828125 0.5859375 0.6341145828125 0.583984375 0.6380208328125 0.5791015625 0.640625 0.5673828125 0.6458333328125 0.4443359375 0.6458333328125 0.4365234375 0.6432291671875 0.4326171875 0.6393229171875 0.4296875 0.50390625 0.421875 0.4947916671875 0.4248046875 0.4921875 0.4345703125 0.4791666671875 0.5576171875 0.4791666671875 0.5712890625 0.4856770828125 0.576171875 0.4986979171875 0.578125
49 0.2877604171875 0.578125 0.3033854171875 0.578125 0.43359375 0.568359375 0.4401041671875 0.5634765625 0.4401041671875 0.5478515625 0.4270833328125 0.4267578125 0.4244791671875 0.4189453125 0.41796875 0.4140625 0.41015625 0.4140625 0.27734375 0.423828125 0.2734375 0.4267578125 0.2734375 0.4443359375 0.28125 0.5751953125 0.2877604171875 0.578125
44 0.05338541718749999 0.5625 0.1940104171875 0.5625 0.19921875 0.560546875 0.203125 0.5537109375 0.21354166718749998 0.4755859375 0.21875 0.4326171875 0.21875 0.4111328125 0.21484375 0.408203125 0.07421875 0.408203125 0.0703125 0.4111328125 0.06510416718749999 0.4287109375 0.0416666671875 0.5517578125 0.0416666671875 0.5556640625 0.0442708328125 0.5595703125 0.05338541718749999 0.5625
37 0.5260416671875 0.2353515625 0.5299479171875 0.23828125 0.5533854171875 0.23828125 0.6236979171875 0.232421875 0.6549479171875 0.228515625 0.6614583328125 0.2255859375 0.6614583328125 0.2119140625 0.6328125 0.1201171875 0.6302083328125 0.1142578125 0.6263020828125 0.111328125 0.6158854171875 0.111328125 0.5065104171875 0.12109375 0.5013020828125 0.123046875 0.5 0.1240234375 0.5 0.1298828125 0.5026041671875 0.1435546875 0.5260416671875 0.2353515625
9 1 0.2744140625 0.99609375 0.271484375 0.9752604171874999 0.267578125 0.9596354171874999 0.267578125 0.9583333328125001 0.2685546875 0.9557291671874999 0.2724609375 0.9479166671874999 0.3251953125 0.9401041671874999 0.3818359375 0.9401041671874999 0.3955078125 0.94921875 0.400390625 0.9856770828125001 0.40625 0.9986979171874999 0.40625 1 0.4052734375 1 0.2744140625
50 0.8072916671874999 0.2158203125 0.8098958328125001 0.2236328125 0.8138020828125001 0.2265625 0.9075520828125001 0.2265625 0.94140625 0.224609375 0.9479166671874999 0.2197265625 0.9270833328125001 0.1376953125 0.9192708328125001 0.1142578125 0.9127604171874999 0.109375 0.79296875 0.111328125 0.7916666671875 0.1123046875 0.7916666671875 0.1162109375 0.796875 0.1669921875 0.8072916671874999 0.2158203125
46 0.66796875 0.224609375 0.6809895828125 0.2265625 0.76171875 0.228515625 0.79296875 0.228515625 0.7981770828125 0.2265625 0.8020833328125001 0.2236328125 0.8020833328125001 0.2119140625 0.7916666671875 0.1162109375 0.7890625 0.1123046875 0.7877604171875 0.111328125 0.6731770828125 0.107421875 0.6627604171875 0.109375 0.6614583328125 0.1103515625 0.6614583328125 0.2060546875 0.6640625 0.2216796875 0.66796875 0.224609375
13 0.7630208328125 0.3837890625 0.7721354171875 0.388671875 0.8138020828125001 0.390625 0.9075520828125001 0.390625 0.9114583328125001 0.3876953125 0.9114583328125001 0.3779296875 0.8984375 0.2705078125 0.8958333328125001 0.2607421875 0.8919270828125001 0.2578125 0.7591145828125 0.25390625 0.7552083328125 0.2568359375 0.7552083328125 0.2978515625 0.7604166671875 0.3779296875 0.7630208328125 0.3837890625
17 0.5611979171875 0.375 0.5768229171875 0.376953125 0.67578125 0.384765625 0.6940104171875 0.384765625 0.6979166671875 0.3818359375 0.7005208328125 0.3759765625 0.7109375 0.2607421875 0.7109375 0.2568359375 0.7044270828125 0.251953125 0.5872395828125 0.2421875 0.57421875 0.2421875 0.5703125 0.2451171875 0.5677083328125 0.2529296875 0.5598958328125 0.3017578125 0.5520833328125 0.3525390625 0.5520833328125 0.3701171875 0.5559895828125 0.373046875 0.5611979171875 0.375
21 0.5065104171875 0.376953125 0.5221354171875 0.376953125 0.52734375 0.375 0.53125 0.3701171875 0.5338541671875 0.2978515625 0.5338541671875 0.2470703125 0.5299479171875 0.244140625 0.5221354171875 0.2421875 0.3971354171875 0.2421875 0.3932291671875 0.2470703125 0.3854166671875 0.3251953125 0.3828125 0.3681640625 0.3893229171875 0.373046875 0.4231770828125 0.375 0.5065104171875 0.376953125
25 0.23828125 0.3671875 0.2669270828125 0.369140625 0.3138020828125 0.37109375 0.3684895828125 0.37109375 0.375 0.3642578125 0.390625 0.2470703125 0.3880208328125 0.2412109375 0.38671875 0.240234375 0.3528645828125 0.23828125 0.2955729171875 0.236328125 0.25390625 0.236328125 0.25 0.2412109375 0.24739583281250002 0.2509765625 0.2265625 0.3544921875 0.2265625 0.3623046875 0.23046875 0.365234375 0.23828125 0.3671875
29 0.06901041718749999 0.36328125 0.1966145828125 0.361328125 0.20442708281250002 0.359375 0.20833333281250002 0.3564453125 0.2109375 0.3447265625 0.21875 0.2451171875 0.21875 0.2333984375 0.21484375 0.23046875 0.20703125 0.228515625 0.08203125 0.232421875 0.078125 0.2353515625 0.07552083281250001 0.2451171875 0.0703125 0.2822265625 0.0625 0.3408203125 0.0625 0.3603515625 0.06380208281250001 0.361328125 0.06901041718749999 0.36328125
44 0.26953125 0.806640625 0.40234375 0.81640625 0.4075520828125 0.81640625 0.4127604171875 0.814453125 0.4166666671875 0.8095703125 0.421875 0.7763671875 0.4401041671875 0.6474609375 0.4401041671875 0.6337890625 0.43359375 0.62890625 0.28515625 0.619140625 0.2799479171875 0.62109375 0.2760416671875 0.6259765625 0.2682291671875 0.6611328125 0.2421875 0.7880859375 0.2421875 0.7998046875 0.24869791718749998 0.8046875 0.26953125 0.806640625
40 0.50390625 0.791015625 0.6184895828125 0.796875 0.6627604171875 0.796875 0.6692708328125 0.7919921875 0.6692708328125 0.6181640625 0.6627604171875 0.61328125 0.5455729171875 0.607421875 0.51171875 0.607421875 0.5052083328125 0.6123046875 0.4973958328125 0.7119140625 0.4947916671875 0.7548828125 0.4947916671875 0.7861328125 0.4986979171875 0.7890625 0.50390625 0.791015625