2 0.9829842031249999 0.14750665937500002 0.9712672390625 0.1477111796875 0.9206300703125001 0.15640874531249999 0.8953342093750001 0.1620594125 0.8943805203125 0.1633783421875 0.8926094890625 0.1738275078125 0.8915606531250001 0.192077759375 0.894210328125 0.343877553125 0.8960087765625 0.3461902671875 0.9128519140625 0.34589627031250003 0.9686810828124999 0.3352848828125 0.9803525984375 0.33247659218750003 0.987119321875 0.328451634375 0.9884813125 0.2945685375 0.98598161875 0.15136118437499999 0.9829842031249999 0.14750665937500002
34 0.8645384703125 0.154783265625 0.8000497125000001 0.15330435781250001 0.7952812671875 0.15989899999999999 0.782752290625 0.3150240984375 0.78319428125 0.34034576250000004 0.7837937640625 0.3411166671875 0.78774486875 0.3436522640625 0.8229184671875001 0.34434058749999996 0.8733665343749999 0.34346001406250004 0.876575796875 0.3407994328125 0.8784377265625001 0.33555780625 0.8933316843749999 0.18162859375 0.8929680921875001 0.1607984328125 0.889970678125 0.1569439078125 0.8645384703125 0.154783265625
30 0.7799311921875 0.1645946921875 0.7369689875 0.1653446 0.6881937484375 0.1688005390625 0.6834253015625 0.17539518125 0.6817187859375 0.2566873453125 0.6834094875 0.35354759062499996 0.6854077640625 0.356117275 0.69419545625 0.35596388437500004 0.771486553125 0.35227065625 0.7763004484375 0.34827978437499996 0.7778896843750001 0.3274155359375 0.7816575140625 0.20753985625000002 0.78093033125 0.165879534375 0.7799311921875 0.1645946921875
26 0.6638904296875 0.1921449109375 0.6208827765625 0.19029105 0.5798733984375 0.191006871875 0.577489175 0.1943041921875 0.5806024296875 0.372662440625 0.5811019984375 0.3733048609375 0.5889587578125 0.375772284375 0.644682521875 0.37870646875 0.6729985125 0.3782122109375 0.6749286171875 0.3768762359375 0.6777442359375 0.370315684375 0.6771534 0.33646667343750003 0.672837225 0.201104715625 0.6707935 0.19593126249999998 0.6638904296875 0.1921449109375
22 0.5078618578125 0.200598440625 0.4727109609375 0.20121200312499998 0.46984989375 0.20516878749999998 0.4682888140625 0.2947930171875 0.46983407968749996 0.3833211984375 0.472032184375 0.38614785 0.55374671875 0.38967018593749997 0.55823823125 0.3895917875 0.5628159390625 0.38326093125 0.568263903125 0.2477285421875 0.56753671875 0.20606822187499998 0.56653758125 0.20478338125 0.548916684375 0.20248639062499998 0.5078618578125 0.200598440625
18 0.369889475 0.33141173125 0.3725694859375 0.37303796562499997 0.3755669015625 0.376892490625 0.4371127875 0.377641396875 0.4640618015625 0.37717100000000003 0.46635065625000005 0.374005571875 0.46753554375000006 0.341167390625 0.46496767656250004 0.194054384375 0.46217009062500003 0.190456828125 0.370341746875 0.189455134375 0.3674806796875 0.19341191875 0.3665497140625 0.1960327328125 0.3677541125 0.2650326375 0.369889475 0.33141173125
14 0.263408459375 0.184810253125 0.260639028125 0.24997267812500001 0.259341109375 0.3210999125 0.2600410234375 0.36119797187499997 0.26064050625 0.3619688765625 0.355352640625 0.3603156703125 0.3572827453125 0.3589796953125 0.3600529140625 0.349815371875 0.3609589375 0.177898375 0.355963246875 0.1714741671875 0.266178628125 0.1756459265625 0.263408459375 0.184810253125
10 0.1553261984375 0.181487709375 0.155689790625 0.20231786875000002 0.1699518984375 0.347924471875 0.1721319703125 0.360909234375 0.176528178125 0.36656253906249997 0.24643940312499998 0.3653422328125 0.2669122796875 0.3631616828125 0.26786596875 0.3618427546875 0.2673660296875 0.33320128437499996 0.26473146718749996 0.2941788203125 0.2570095765625 0.18752650937499998 0.254920403125 0.1797492859375 0.25192298750000003 0.1758947609375 0.15818726562500002 0.17753092343750002 0.1553261984375 0.181487709375
6 0.15605051875 0.1782193609375 0.0662204515625 0.17978734999999998 0.061497454687499994 0.1889857640625 0.050133209375 0.332500225 0.050747451562500004 0.36769017656249997 0.052100520312499995 0.36873443125 0.1441112390625 0.367128378125 0.1476058796875 0.36589532343750003 0.1503306 0.35412722812499997 0.15187438749999999 0.3306592109375 0.1594569734375 0.205507815625 0.15904793281250001 0.1820738859375 0.15605051875 0.1782193609375
42 0.16265652656250001 0.5566773375 0.162292934375 0.5358471781249999 0.15593303593750002 0.39531176874999996 0.1489845171875 0.38892164687499997 0.1020257578125 0.38453218906250003 0.060970931250000006 0.382644240625 0.0588728140625 0.38554588125 0.05923640625 0.40637604375 0.0665589375 0.5349136578125 0.0687844578125 0.5505021906249999 0.0717818734375 0.554356715625 0.08744994218749999 0.5566877921875 0.159795459375 0.5606341234375 0.16265652656250001 0.5566773375
51 0.239214090625 0.37666797343749997 0.1766781609375 0.3751549796875 0.17286340312499998 0.3804306921875 0.1733406171875 0.407770278125 0.1804951359375 0.5378735625 0.18358344843750002 0.546935628125 0.1972986890625 0.549300790625 0.22173177187499998 0.5501765921875 0.27250527343750003 0.5492903375 0.274412653125 0.5466524796875001 0.2730491828125 0.46853937968750003 0.2700055796875 0.40608298437499996 0.2676437125 0.38268314062500003 0.26464629687499996 0.378828615625 0.239214090625 0.37666797343749997
47 0.3700997234375 0.43298603281250003 0.3674197125 0.3913597984375 0.3664205734375 0.3900749578125 0.34298664375 0.39048399843750004 0.2942114046875 0.3939399375 0.2786342328125 0.39681639999999996 0.275773165625 0.40077318437500004 0.275546659375 0.443752434375 0.2776373125 0.5635258546874999 0.2796355890625 0.5660955390625 0.3089280015625 0.5655842375 0.34208062031250003 0.5624009937500001 0.3674219296875 0.559354096875 0.372235825 0.555363225 0.3700997234375 0.43298603281250003
38 0.47411903125 0.56165899375 0.46993920312500004 0.434108346875 0.46744098906250003 0.40289719375 0.4644435734375 0.39904266875 0.40976440312499995 0.399997096875 0.376611784375 0.4031803421875 0.37489514375 0.4055544140625 0.37574049375 0.4539845359375 0.3822452390625 0.5580535281250001 0.3853790015625 0.5697193640625 0.3893301046875 0.5722549609375001 0.4537279640625 0.568526328125 0.4712579625 0.565615778125 0.47411903125 0.56165899375
39 0.1565080578125 0.6073131875 0.1549821546875 0.6094234734375 0.155913859375 0.6628007593749999 0.16186881875 0.74656375625 0.16504802968750001 0.7608333593750001 0.1709519609375 0.7633348703125 0.22019503437500001 0.7642985234374999 0.24812046406250002 0.763811084375 0.2519715796875 0.7606183859375 0.24556623125 0.61747920625 0.2425233671875 0.6110209109375 0.2346666078125 0.6085534890625001 0.19361178125 0.606665540625 0.1565080578125 0.6073131875
48 0.2601821015625 0.7273971171875 0.2621443140625 0.7502830234375 0.2651417296875 0.7541375484375 0.2827626265625 0.7564345390625 0.332791378125 0.7576449328125 0.34568003125 0.7574199609375001 0.34968552656249996 0.7518804625 0.347167653125 0.6076316015625001 0.34456989375 0.6042910140625 0.3308546515625 0.60192585 0.2933239984375 0.6004973 0.25817310937500004 0.6011108609375 0.25798237031250004 0.601374646875 0.2601821015625 0.7273971171875
52 0.40663345 0.6011240390625 0.36367124375 0.601873946875 0.3627175546875 0.6031928765625 0.3612280109375 0.6073861765624999 0.363754975 0.752155790625 0.36635273437500004 0.7554963796874999 0.3921573375 0.756608696875 0.44917989062499997 0.7556133640625 0.44937062812499995 0.7553495781249999 0.4512325578125 0.7501079515625 0.45182191562499996 0.6719607640625 0.45068569218750004 0.6068665125 0.4476882765625 0.6030119875 0.40663345 0.6011240390625
43 0.47534777968749997 0.7551566015625 0.5550231421875 0.7537658640625 0.557121259375 0.7508642203125 0.5585286984375 0.7195848921875 0.5589638265625 0.6549841265625 0.558082115625 0.6044709890625 0.55548435625 0.6011304 0.4753729796875 0.5999241859375 0.47055908437499994 0.6039150578125 0.46906954062499995 0.608108359375 0.47155105468749997 0.750274203125 0.47534777968749997 0.7551566015625
3 0.6102497328125 0.593923515625 0.58100276875 0.5970385859375 0.569331253125 0.5998468765625 0.567423875 0.602484734375 0.568071521875 0.6395884578125 0.5728755343749999 0.7469428421875 0.57547329375 0.750283428125 0.6157015484375 0.7495812421875 0.65780080625 0.7441581828125 0.6587544953125 0.7428392546875 0.6605709765625 0.7349938578125 0.6562093531250001 0.5970281328125 0.6532119390625 0.5931736078125 0.6102497328125 0.593923515625
35 0.6767869078125 0.6120358718750001 0.6723999375 0.6181029437500001 0.67247265625 0.622268975 0.6742894328125 0.63682281875 0.6938191859375 0.7484781484374999 0.6959083609375 0.756255371875 0.698106465625 0.759082025 0.7051366406249999 0.7589593125 0.714482946875 0.757233434375 0.7766098359375 0.735312496875 0.779089428125 0.7318832828125 0.7787122015625 0.7102719937499999 0.7615303859375 0.598836134375 0.7594412109374999 0.5910589109375 0.756443796875 0.5872043859375 0.7486324859375 0.5873407328125 0.7389137984375 0.5901149375 0.6767869078125 0.6120358718750001
31 0.8463646125000001 0.5796443171875 0.79009620625 0.6014629921875 0.77265710625 0.6095810828125 0.7707497265625001 0.612218940625 0.771099684375 0.6322679703125 0.7915513125 0.7407817328124999 0.7964034203125 0.75424076875 0.8046958375000001 0.7540960250000001 0.8743419625 0.72761608125 0.8791558578125 0.723625209375 0.8789286125 0.7106063609375 0.8571733375000001 0.5833624953125 0.8541759234375 0.5795079703125 0.8463646125000001 0.5796443171875
27 0.9060735624999999 0.5870669234375 0.8828349140625 0.5874725546875 0.8845846999999999 0.6877177031249999 0.8858203203125001 0.7137417687500001 0.888091290625 0.731934071875 0.8901350156250001 0.737107525 0.9009437406249999 0.740825703125 0.9349888484375001 0.7440080609375 0.9762911437499999 0.7432871265625 0.978103153125 0.7407811625 0.96801939375 0.6107290078125 0.965839321875 0.59774424375 0.9628419078125001 0.5938897187500001 0.9510794921875 0.5914904703125 0.9060735624999999 0.5870669234375
23 1 0.52814546875 0.9808393453124999 0.3939357921875 0.9787956203125001 0.3887623390625 0.9777964828125001 0.387477496875 0.8918720703125 0.3889773125 0.892411778125 0.4198970828125 0.9093588390624999 0.5514572906249999 0.912356253125 0.555311815625 0.918260184375 0.5578133249999999 1 0.5537894062500001 1 0.52814546875
19 0.7784150640624999 0.3910879421875 0.7778428500000001 0.3918792984375 0.778170909375 0.410673784375 0.8017603140625 0.553465659375 0.8022598828125 0.554108078125 0.8527893000000001 0.553226084375 0.8885929656249999 0.54804314375 0.89302175 0.5443715421875 0.892702696875 0.526093075 0.8672459921875 0.388235109375 0.8652022671875 0.38306165625 0.8622048515625 0.37920713125 0.8485350593750001 0.3794457390625 0.7822752703125 0.388415996875 0.7784150640624999 0.3910879421875
15 0.781932278125 0.3799571546875 0.7272531078125 0.3809115828125 0.6941004875 0.3840948265625 0.6912394203125001 0.38805161093749996 0.6894229390625 0.39589700781250003 0.687785040625 0.5146936875 0.6883561828125 0.5474143984375 0.690952759375 0.552925475 0.7079814453125 0.5526282390625 0.7751223234375 0.549372640625 0.7779833921875 0.5454158546875 0.779799871875 0.5375704578125 0.7827510984375 0.4828231140625 0.7849296921875 0.3838116796875 0.781932278125 0.3799571546875
11 0.5947674125 0.5574694171875 0.597764828125 0.5613239421875 0.609499965625 0.5621609296875001 0.686636659375 0.560814503125 0.6852322875 0.480358009375 0.6818705406250001 0.3996752265625 0.6788731265625 0.39582070156250004 0.5948106453124999 0.3920788890625 0.5919495765625 0.396035675 0.5947674125 0.5574694171875
7 0.47649335156249994 0.496243009375 0.47762957500000003 0.561337259375 0.480626990625 0.565191784375 0.5140612390625 0.5669522953125 0.568740415625 0.565997865625 0.5714107453125 0.5623048671875 0.5686838078124999 0.40607866406250004 0.5666400828125 0.4009052125 0.56564094375 0.39962036875 0.5462670390625 0.397614434375 0.479558459375 0.3987788375 0.4768554640625 0.4050769703125 0.47649335156249994 0.496243009375