49 0.37847222187499996 0.5439453125 0.38368055624999997 0.546875 0.421875 0.546875 0.5572916671875 0.5390625 0.605902778125 0.53515625 0.6145833328125 0.5302734375 0.6145833328125 0.5224609375 0.5833333328125 0.3896484375 0.5798611109375 0.3759765625 0.5763888890625 0.3701171875 0.5677083328125 0.3671875 0.5607638890625 0.3671875 0.36631944375000003 0.37890625 0.359375 0.380859375 0.3576388890625 0.3818359375 0.3576388890625 0.4033203125 0.375 0.5322265625 0.37847222187499996 0.5439453125
45 0.7100694437499999 0.546875 0.8524305562500001 0.552734375 0.9114583328125001 0.552734375 0.9166666671874999 0.5498046875 0.9166666671874999 0.4638671875 0.9131944437499999 0.3876953125 0.909722221875 0.3837890625 0.9010416671874999 0.380859375 0.7204861109375 0.375 0.6892361109375 0.375 0.684027778125 0.3798828125 0.6805555562500001 0.3916015625 0.6736111109375 0.5009765625 0.6736111109375 0.5400390625 0.6822916671875 0.544921875 0.7100694437499999 0.546875
40 0.734375 0.78515625 0.953125 0.79296875 0.980902778125 0.79296875 0.9895833328125001 0.7880859375 0.9895833328125001 0.7587890625 0.972222221875 0.5986328125 0.96875 0.5888671875 0.9635416671874999 0.5859375 0.9427083328125001 0.583984375 0.7447916671875 0.578125 0.730902778125 0.578125 0.722222221875 0.5810546875 0.71875 0.5849609375 0.71875 0.6865234375 0.722222221875 0.7802734375 0.734375 0.78515625
44 0.574652778125 0.814453125 0.5920138890625 0.814453125 0.5989583328125 0.8125 0.6041666671875 0.8076171875 0.6076388890625 0.7841796875 0.621527778125 0.6416015625 0.621527778125 0.6083984375 0.612847221875 0.603515625 0.4114583328125 0.59375 0.38368055624999997 0.59375 0.37847222187499996 0.5966796875 0.375 0.6044921875 0.34375 0.7529296875 0.33680555624999997 0.7939453125 0.34027777812500004 0.7978515625 0.3489583328125 0.80078125 0.574652778125 0.814453125
44 0.24479166718749998 0.53125 0.25694444375000003 0.5263671875 0.2604166671875 0.5224609375 0.27430555624999997 0.3896484375 0.27430555624999997 0.3662109375 0.26909722187499996 0.36328125 0.06423611093750001 0.36328125 0.05729166718749999 0.365234375 0.05208333281250001 0.3701171875 0.03819444375 0.4326171875 0.0208333328125 0.5185546875 0.0208333328125 0.5263671875 0.0295138890625 0.53125 0.24479166718749998 0.53125
36 0 0.8076171875 0.0052083328125 0.810546875 0.078125 0.810546875 0.22743055625 0.806640625 0.23611111093749998 0.8017578125 0.246527778125 0.6220703125 0.246527778125 0.6044921875 0.24305555625 0.6005859375 0.24131944375 0.599609375 0.15798611093749998 0.599609375 0.050347221875 0.6015625 0.00868055625 0.603515625 0.0034722218749999997 0.6064453125 0 0.6103515625 0 0.8076171875
37 0.7048611109375 0.1591796875 0.7118055562500001 0.1728515625 0.7170138890625 0.17578125 0.7586805562500001 0.17578125 0.8385416671874999 0.169921875 0.9045138890625 0.1640625 0.9131944437499999 0.1591796875 0.9131944437499999 0.1513671875 0.90625 0.1376953125 0.8541666671874999 0.0458984375 0.8489583328125001 0.04296875 0.8420138890625 0.041015625 0.668402778125 0.052734375 0.6631944437499999 0.0556640625 0.6631944437499999 0.0634765625 0.6701388890625 0.0810546875 0.7048611109375 0.1591796875
46 1 0.0439453125 0.9947916671874999 0.041015625 0.9010416671874999 0.0390625 0.8958333328125001 0.0419921875 0.8958333328125001 0.0498046875 0.9131944437499999 0.1533203125 0.9166666671874999 0.1572265625 0.925347221875 0.16015625 0.9947916671874999 0.162109375 1 0.1591796875 1 0.0439453125
17 0.7760416671875 0.322265625 0.8350694437499999 0.326171875 0.953125 0.33203125 0.9739583328125001 0.33203125 0.9861111109375 0.3271484375 0.9895833328125001 0.1923828125 0.980902778125 0.1875 0.8038194437499999 0.1796875 0.7829861109375 0.1796875 0.777777778125 0.1845703125 0.7708333328125 0.2275390625 0.7638888890625 0.2919921875 0.7638888890625 0.3173828125 0.769097221875 0.3203125 0.7760416671875 0.322265625
21 0.574652778125 0.32421875 0.7170138890625 0.32421875 0.7274305562500001 0.322265625 0.7326388890625 0.3173828125 0.7326388890625 0.2978515625 0.7256944437499999 0.1865234375 0.722222221875 0.1826171875 0.7204861109375 0.181640625 0.5225694437499999 0.181640625 0.5173611109375 0.1845703125 0.5138888890625 0.2158203125 0.5138888890625 0.3193359375 0.519097221875 0.322265625 0.574652778125 0.32421875
25 0.296875 0.318359375 0.421875 0.322265625 0.4704861109375 0.322265625 0.49131944375 0.3203125 0.49652777812500004 0.3173828125 0.5 0.2998046875 0.5104166671875 0.2119140625 0.5104166671875 0.1826171875 0.5052083328125 0.1796875 0.3107638890625 0.177734375 0.30555555624999997 0.1826171875 0.2916666671875 0.2451171875 0.28125 0.2958984375 0.28125 0.3134765625 0.2864583328125 0.31640625 0.296875 0.318359375
29 0.17534722187500001 0.314453125 0.237847221875 0.3125 0.24826388906250002 0.310546875 0.25347222187499996 0.3076171875 0.25694444375000003 0.2744140625 0.25694444375000003 0.1728515625 0.2552083328125 0.171875 0.078125 0.173828125 0.0607638890625 0.17578125 0.055555556250000006 0.1787109375 0.0486111109375 0.2119140625 0.03819444375 0.2919921875 0.03819444375 0.3115234375 0.043402778125 0.314453125 0.17534722187500001 0.314453125