37 0.8871878359375 0.3017221765625 0.8756471203125 0.29968723750000004 0.8185103671875 0.29754550625 0.8161347062500001 0.299770953125 0.81421281875 0.31067051874999996 0.8147239015625001 0.324643421875 0.8217550515625 0.4422341703125 0.8245504140625 0.4477513125 0.8363796499999999 0.44983712656249997 0.8984097437499999 0.45178395 0.9019732359375 0.4484457796875 0.9028776531249999 0.44331657187499995 0.9017440015625 0.4272506375 0.8893947015625001 0.3060778171875 0.8871878359375 0.3017221765625
37 0.17119369375 0.4582852671875 0.16480233125 0.4664134890625 0.134154228125 0.5614943265625 0.1327976015625 0.5691881359375001 0.13419528281249998 0.5719467093749999 0.2066132734375 0.5847159546875 0.2085478765625 0.5838671234375 0.21211136874999997 0.580528953125 0.23800814843749998 0.489899009375 0.24117360937500001 0.47194678593750006 0.2404379890625 0.4704949046875 0.17119369375 0.4582852671875
38 0.9555369656250001 0.7104249921875 0.9459426234375 0.7108487234374999 0.9380800171875 0.716073184375 0.9134002390625 0.782929775 0.909162396875 0.8069637734375 0.9195490375 0.8087952187499999 0.9445985203125 0.8084523062500001 0.95372495 0.806183178125 0.9700647625000001 0.713515503125 0.9697705125 0.7129347515625 0.9555369656250001 0.7104249921875
46 0.7183735312499999 0.6562443890625 0.7105729296875001 0.7004838 0.70594649375 0.7486544359375 0.7069655296875 0.7541227984375001 0.71686620625 0.759835065625 0.7563542937500001 0.7720865625 0.7698184625 0.7744606578125001 0.7733819546875 0.7711224875 0.7795919984374999 0.67966558125 0.7785729640625 0.6741972171875 0.7686722875 0.6684849515625 0.7214903890625 0.6548768296875 0.7183735312499999 0.6562443890625
46 0.257859125 0.12649707968749999 0.25446442812500003 0.12325416250000001 0.17130375625 0.1112350328125 0.1663148671875 0.1159084703125 0.165365228125 0.1212941375 0.16537086406249998 0.1617535359375 0.16787366406249998 0.26003543125 0.1696566640625 0.2767447328125 0.22046540312500001 0.285703684375 0.24905670624999998 0.2888940640625 0.25454365156250003 0.28589505000000004 0.25635248593750004 0.2756366359375 0.2577028515625 0.22298793906249997 0.25882398125 0.1491441 0.257859125 0.12649707968749999
50 0.6108649171875 0.6720828296875 0.6091713984375 0.711493390625 0.6086108328125001 0.748415309375 0.609934953125 0.75102869375 0.6737935796875 0.76228869375 0.675931675 0.760285790625 0.6763713625000001 0.667811415625 0.6746167046875 0.6608911703125 0.6149896734375 0.6503773171875 0.6146333234375 0.6507111328125 0.6108649171875 0.6720828296875
50 0.3676257609375 0.1844592640625 0.3693199796875 0.16360328125 0.36846973906249997 0.1515538296875 0.363151590625 0.14797175625 0.286213484375 0.1344054921875 0.28160445156249997 0.13692466406249998 0.2771999375 0.161903903125 0.270338259375 0.286300159375 0.2716407078125 0.2957850078125 0.35242571875 0.310029584375 0.35361355 0.30891686093750004 0.3576834296875 0.285835428125 0.3676257609375 0.1844592640625
41 0.3704601828125 0.2808604515625 0.367415309375 0.29812878125000003 0.3693279265625 0.3019036703125 0.3823398859375 0.3068423703125 0.4222801828125 0.3165292625 0.4511319734375 0.3216166109375 0.452319803125 0.32050388750000003 0.4555998828125 0.31314923281249996 0.487396109375 0.175564746875 0.4887753453125 0.1677427078125 0.48833397187500005 0.1668715796875 0.47532201250000006 0.1619328796875 0.41037683124999996 0.1478369515625 0.40636113125 0.153739725 0.401724425 0.16878818906249998 0.3704601828125 0.2808604515625
41 0.528684353125 0.635159359375 0.526328475 0.6386223203125 0.5219948078125001 0.663199771875 0.51300950625 0.7310293484375 0.515216371875 0.7353849890624999 0.5348585156250001 0.7409639 0.5787132328125 0.7486966703125 0.5794259312500001 0.7480290359375 0.58394801875 0.722383 0.590501915625 0.6627188078125 0.59083950625 0.6495566328125 0.587259896875 0.6454878093749999 0.528684353125 0.635159359375
1 0.4268763171875 0.619455546875 0.42651996875 0.6197893624999999 0.409471696875 0.716474915625 0.41079581718749997 0.7190883 0.4752314796875 0.7304500453125 0.47820105625 0.7276682375 0.48000989218749995 0.7174098234375 0.4910858765625 0.63209959375 0.486955559375 0.627404796875 0.433098884375 0.6179084125000001 0.4268763171875 0.619455546875
1 0.48893985625 0.2657885875 0.4809659078125 0.311011096875 0.48641430156250004 0.3155416546875 0.5009252359375 0.319290278125 0.5642068124999999 0.330448528125 0.566463690625 0.328334353125 0.593144009375 0.1770227453125 0.59093714375 0.1726671046875 0.5187503609374999 0.154649946875 0.5128112078125 0.1602135640625 0.48893985625 0.2657885875
33 0.692635271875 0.17909635 0.67724765 0.1763830984375 0.6614078203125 0.1762344484375 0.61151266875 0.178013946875 0.6071231140625 0.1804131578125 0.600373896875 0.21868986562499998 0.5893002593750001 0.320858178125 0.589414878125 0.3314557484375 0.5913274953125 0.3352306359375 0.5953667515625 0.335942865625 0.6290717609375001 0.33712615625 0.6669739875 0.335876321875 0.672913140625 0.33031270468749996 0.6934855109375 0.1911458015625 0.6933708937499999 0.1805482296875 0.692635271875 0.17909635
33 0.40646063125 0.624449815625 0.4042537640625 0.620094175 0.3927130484375 0.6180592359375 0.339875409375 0.6140312140625 0.336549484375 0.6171468390625 0.33295442343750004 0.6375354390625 0.3293058125 0.6795981828125 0.327274003125 0.7136163421874999 0.3291866203125 0.7173912296875 0.337649825 0.7188835203124999 0.3703255828125 0.7225296671875 0.39193577031250004 0.7236957859375 0.39312360156250004 0.7225830625 0.395951471875 0.7177930124999999 0.40216777812500004 0.6712909921875 0.40646063125 0.624449815625
29 0.2071728296875 0.703016625 0.2082027015625 0.7050492562499999 0.23707741875 0.7122561203125 0.2505415796875 0.714630215625 0.27552354375 0.7169197375 0.2790870359375 0.7135815671875 0.2946913703125 0.6475801875 0.2996656671875 0.6193695499999999 0.29922429375 0.618498421875 0.23498097499999998 0.607170590625 0.231892615625 0.6100636734375 0.22770811875 0.6225475328125001 0.21033829218750003 0.6850644 0.2071728296875 0.703016625
29 0.7479279437499999 0.174037634375 0.7373874265625 0.1721790578125 0.7351305484374999 0.1742932328125 0.7085858921875 0.3248354578125 0.710277821875 0.3281747828125 0.7194428765625 0.33243516875 0.7782072578125 0.35548974843750003 0.786901259375 0.357022734375 0.7899896203125001 0.354129653125 0.80615451875 0.25120635625 0.811918615625 0.2072689390625 0.81089958125 0.2018005765625 0.8048458093749999 0.1967666234375 0.7479279437499999 0.174037634375
25 0.1435886328125 0.5906590046875 0.13912072343749998 0.59912638125 0.1134469171875 0.66599658125 0.10984518750000001 0.6791120671875001 0.10842072968750001 0.68719056875 0.10974485 0.689803953125 0.17802741875 0.7018440125 0.1809969953125 0.699062203125 0.2098362625 0.6142397796875 0.2107406796875 0.6091105734375 0.2085338140625 0.6047549328125 0.18013423281250002 0.5971029796875 0.1435886328125 0.5906590046875
25 0.18545534218749998 0.29698311093749996 0.181439640625 0.302885884375 0.14125295468750002 0.4110089796875 0.1383012640625 0.42774884531249996 0.143611628125 0.4308126984375 0.2200688703125 0.4442941734375 0.222755346875 0.4397436265625 0.23530883593750002 0.4022920421875 0.2622246515625 0.3171304625 0.2600177859375 0.312774821875 0.22777129999999998 0.30444455625 0.18545534218749998 0.29698311093749996
21 0.33019515781250003 0.3225046453125 0.2791790625 0.31826894375000003 0.2748799484375 0.320155234375 0.27369211875 0.3212679578125 0.2676987859375 0.3440102328125 0.2472347734375 0.4488198203125 0.249147390625 0.4525947078125 0.2764604140625 0.45741073125 0.311896540625 0.45889926406250003 0.32773637187500004 0.4590479140625 0.333675525 0.45348429687499997 0.35345809375 0.330044171875 0.3515454765625 0.3262692828125 0.33019515781250003 0.3225046453125
21 0.7699139578125 0.525909525 0.7635225953125 0.5340377453125 0.73423111875 0.621424771875 0.731517865625 0.63681239375 0.7319592390625 0.637683521875 0.7962025578125 0.6490113515625 0.7992909171875 0.646118271875 0.8286970109375 0.5693288140625 0.8366137953124999 0.546925696875 0.8379704218749999 0.5392318859375 0.8372348000000001 0.53778000625 0.7699139578125 0.525909525
17 0.6175952921875 0.6339129796874999 0.6208320281249999 0.640301253125 0.6269870875 0.64138655625 0.68105839375 0.6485408796875001 0.6865453375 0.645541865625 0.695366540625 0.618009540625 0.7147044140625 0.55107988125 0.7167845749999999 0.5392827062500001 0.7148719578125 0.5355078171875001 0.680249809375 0.5294029984375 0.649022359375 0.5265410968750001 0.6430832046875 0.532104715625 0.6185901515625 0.628270853125 0.6175952921875 0.6339129796874999
17 0.46735774531249996 0.33082406875000003 0.4300427671875 0.32424443125 0.40506080312500004 0.321954909375 0.3892209734375 0.3218062609375 0.388508275 0.32247389531250004 0.38414898124999997 0.3471966734375 0.37775321875 0.437457321875 0.37696341875 0.4531841 0.3803472796875 0.4598627484375 0.38669466875 0.4609819640625 0.441172978125 0.465828146875 0.45124244999999996 0.46495932656249994 0.45480594218750003 0.46162115625 0.4570669859375 0.44879813906250005 0.4692703625 0.33459895781250004 0.46735774531249996 0.33082406875000003
13 0.55709316875 0.35167109218750003 0.551322809375 0.350653621875 0.49803296250000006 0.3491902046875 0.4860400375 0.34971986875 0.48055309218750003 0.35271888281249997 0.47970473125 0.3541558984375 0.47622272343749994 0.37390334531249997 0.475578796875 0.380929521875 0.4689165421875 0.47495103125 0.47010735312499996 0.48362289062499997 0.48266475 0.4858371 0.541272121875 0.48638710312500005 0.5448356125 0.4830489328125 0.5519563375 0.43141770468749996 0.5589624421875 0.36918890625 0.559300034375 0.3560267328125 0.55709316875 0.35167109218750003
13 0.525812215625 0.6145559390625001 0.5277248328125 0.6183308281250001 0.5691363734375 0.6309214812499999 0.5941412578125 0.6353305171875 0.5972296171875 0.6324374374999999 0.59912889375 0.6216661015625 0.6119461953124999 0.52872989375 0.6109271609375 0.523261528125 0.6087202953124999 0.5189058890625 0.5456985671875 0.50514911875 0.54498586875 0.5058167515624999 0.525812215625 0.6145559390625001
9 0.5856421609375 0.33541811093749996 0.581626459375 0.3413208859375 0.57361569375 0.37944125624999997 0.5581230203125 0.467304571875 0.56167509375 0.4713420984375 0.5956661578125 0.48196323437500005 0.6344557921875 0.48880289374999997 0.6350497078124999 0.48824653281249997 0.651329225 0.3959208046875 0.6557366953125 0.35967720000000003 0.6535298296875001 0.355321559375 0.5952594234374999 0.33711389375 0.5856421609375 0.33541811093749996
9 0.46498107343750006 0.4882721046875 0.41746158437499997 0.48782615625 0.414373225 0.4907192375 0.41358939531249994 0.49516455156249994 0.40926764843749996 0.5511676765625 0.40644603906250004 0.6009126140625 0.44058732031250003 0.60693264375 0.471560015625 0.6084274546875 0.47704695937499997 0.605428440625 0.4815690484375 0.57978240625 0.490269371875 0.4966976234375 0.48806250625 0.49234198281249997 0.46498107343750006 0.4882721046875
5 0.7012314546875 0.36373264375000003 0.6976679625 0.3670708140625 0.689069325 0.4085251703125 0.6745534234375 0.4908489421875 0.676245353125 0.49418826562499996 0.6834869546875 0.498109496875 0.723236959375 0.5123904296874999 0.7500450875 0.5171174265625 0.7506390015625 0.516561065625 0.761944221875 0.4524459765625 0.770421571875 0.3931209375 0.7648200093749999 0.38552238125 0.708925265625 0.36508926875 0.7012314546875 0.36373264375000003
5 0.3764079578125 0.486140409375 0.3114627765625 0.47204448125000004 0.3071636625 0.473930771875 0.3059758328125 0.47504349375 0.284981509375 0.5496802046875 0.27845839687499996 0.5866746109375 0.27912045625 0.5879813031250001 0.3171373 0.5973290390625 0.3479125421875 0.6027555453125 0.353851696875 0.5971919265625 0.3786148234375 0.49049604843749994 0.3764079578125 0.486140409375
6 1 0.37040211093750003 0.986151246875 0.3613402265625 0.9814597562499999 0.3879469921875 0.9661891593749999 0.48959525625 0.9694943140625 0.494655234375 1 0.50904598125 1 0.37040211093750003
44 0.9759004687499999 0.6711773171875001 0.976419053125 0.6712687578125001 0.9976467843749999 0.55562611875 0.9729081546874999 0.5326151359375 0.9722691625 0.532502465625 0.9361804453125 0.6267425640625001 0.9355748609375001 0.6301770062500001 0.9759004687499999 0.6711773171875001