46 0.8292075421874999 0.2217404578125 0.7435236734374999 0.211514825 0.7257882359375001 0.21040738750000001 0.720271503125 0.21522504687500002 0.695275175 0.3328235203125 0.6951938906249999 0.34341125156249996 0.7260736203125 0.349974940625 0.8125155015625 0.35663441093750003 0.818788271875 0.355305384375 0.824917975 0.34995243125000003 0.8484550546875 0.2298251609375 0.8464015437500001 0.22539515625 0.8292075421874999 0.2217404578125
50 0.6871455046875 0.3936162484375 0.6829262453125 0.39937528125 0.6674490515625 0.4440077171875 0.6550750046875 0.48437440781249996 0.6475436203125 0.5198067859375 0.6513490171874999 0.5244494265624999 0.660359803125 0.5290270734375 0.744750959375 0.56799749375 0.7631310296875 0.5719042984375 0.771850090625 0.5540562375 0.80305978125 0.45419625 0.7996372609375 0.4468129078125 0.78024668125 0.434704278125 0.70816039375 0.39808309999999997 0.6871455046875 0.3936162484375
41 0.7521906359375 0.6268192703125 0.7506785609375 0.6198420062500001 0.741667775 0.615264359375 0.6597739625 0.587207909375 0.6311172953125 0.581116746875 0.6274394734375 0.5843285203125 0.6217389718749999 0.6017532578125 0.608073184375 0.6528941140625 0.5955505265625 0.7118085859375001 0.59996926875 0.718262675 0.6695728437499999 0.7383820640625001 0.71733395625 0.7485340015624999 0.723177525 0.735133190625 0.7299609 0.712613934375 0.7521906359375 0.6268192703125
41 0 0.89628215 0.1295371421875 0.9324259859374999 0.1371789203125 0.934050296875 0.141541246875 0.9323151921875 0.14521906874999999 0.9291034187499999 0.1500919984375 0.906178084375 0.1557616671875 0.8701103765625 0.15370815625 0.8656803703125 0 0.8330086937500001 0 0.89628215
1 0.664011634375 0.9472590359374999 0.6695998999999999 0.9444533406250001 0.6736760921875 0.9346703812499999 0.6852707328125 0.8519398484374999 0.6890299578125 0.8154660609375 0.6856074375000001 0.8080827203125001 0.6512194359375 0.800773325 0.566077003125 0.78800043125 0.5611380546875 0.791039228125 0.55024744375 0.8422755296875 0.54239685625 0.9041037718749999 0.54051724375 0.9223406656250001 0.5413448140625 0.9278412609375 0.5453087703125 0.93267734375 0.5840590984375 0.9382516359374999 0.664011634375 0.9472590359374999
1 0 0.7959178421875001 0.105834334375 0.8203615171875001 0.14098649375 0.827833340625 0.1658733359375 0.8309933265625 0.16955115781250002 0.8277815531250001 0.183342378125 0.753504953125 0.195223153125 0.6788222765625 0.19180063281249998 0.6714389328125 0.180879403125 0.666455209375 0.0647120328125 0.63430850625 0.01771510625 0.6243190015625 0.0145276609375 0.6271025359375 0.0035184484374999997 0.6788968109375 0 0.6993122703125 0 0.7959178421875001
33 0.6547933687499999 1 0.6580074203125 0.9872491531250001 0.655953909375 0.9828191484375 0.5986405734375 0.9706368218750001 0.5503380234375 0.9630321437499999 0.530692140625 0.9615186265625001 0.5245624375 0.9668715828125001 0.515978734375 1 0.6547933687499999 1
33 0.2435717203125 0.483299790625 0.096436659375 0.43338884999999994 0.081153103125 0.4301402296875 0.07747528125 0.433352003125 0.07448196406249999 0.4380404453125 0.05927770624999999 0.4992374359375 0.0399484171875 0.5901745953125 0.042138828125 0.5948999359375 0.0626122828125 0.6019140468749999 0.16065595 0.6291435 0.21529466406250003 0.6407573171875 0.21750135625000003 0.638830253125 0.2210361109375 0.631594553125 0.251928834375 0.5050437390625 0.25409458125 0.49485470156250005 0.25067206249999996 0.4874713609375 0.2435717203125 0.483299790625
29 0.1225452625 0.2184962125 0.0937672234375 0.3369770125 0.0886344046875 0.3611250328125 0.0912026828125 0.3699774546875 0.108533175 0.3736611640625 0.26376644531250004 0.40426090312499996 0.2723480296875 0.39676676718750004 0.2967404296875 0.2989187671875 0.30621557187500004 0.25434173125 0.3044358609375 0.2505023921875 0.283962409375 0.24348827812499999 0.159761475 0.2120301 0.13196453125000002 0.20612167656249997 0.1260800171875 0.2112605125 0.1225452625 0.2184962125
17 0.18257917968749998 0.8529144453124999 0.176306409375 0.8542434703125 0.1726285875 0.8574552437499999 0.16950761875 0.8674412421875 0.154888828125 0.9362172453125 0.3159393015625 0.9704495812499999 0.3193147078125 0.9658423562499999 0.339634 0.8796416140625001 0.3375804890625 0.8752116093750001 0.2993715984375 0.8670900578125 0.18257917968749998 0.8529144453124999
17 0.6535170546875 0.3836728375 0.5539186375 0.373151921875 0.5203582078125 0.3713431234375 0.514769940625 0.37414881875 0.5077312640625 0.407263190625 0.494767615625 0.4870403859375 0.492346565625 0.5078245390625 0.49405782656249997 0.5115162093750001 0.532935375 0.5197798875 0.6117339328125 0.5238828984375 0.6319212515625 0.5228491546875 0.6355990734375 0.51963738125 0.641013440625 0.49416478750000004 0.656939575 0.39105618125 0.6535170546875 0.3836728375
21 0.6003415328124999 0.135021946875 0.580409515625 0.1254605765625 0.5727677375 0.12383626562500001 0.569089915625 0.1270480390625 0.5419881125 0.21979415000000002 0.5331626953125 0.2613144765625 0.5348055046875 0.26485848125 0.644017809375 0.3146957265625 0.6543372953125 0.3187528421875 0.6600686265625 0.319971075 0.6631222546875 0.3187565015625 0.6673415140625 0.31299746875 0.700972253125 0.192353328125 0.6956392890624999 0.184563909375 0.688538946875 0.180392340625 0.6003415328124999 0.135021946875
37 0.4611479546875 0.020506625 0.45732706562500003 0.0196944703125 0.432777421875 0.0224633171875 0.3113982078125 0.0392608953125 0.296942221875 0.0415128703125 0.288902075 0.0464597484375 0.2853673203125 0.0536954484375 0.2806793828125 0.18847860624999999 0.28356046562500004 0.1984092078125 0.2892918 0.19962744062499999 0.2974750140625 0.198704490625 0.43875541250000005 0.172825315625 0.454978775 0.1669554890625 0.45851352968750003 0.1597197890625 0.46457047500000004 0.027889967187499996 0.4611479546875 0.020506625
5 0.4938463234375 0.3011459734375 0.374571190625 0.270468571875 0.35164585625 0.2655956421875 0.347968034375 0.26880741406249997 0.3449747171875 0.27349585468750004 0.3368702171875 0.3055184171875 0.3132229703125 0.41676997031249996 0.3134283203125 0.417212971875 0.4643534390625 0.44929309531249995 0.4680312609375 0.4460813234375 0.4710245796875 0.44139288125 0.49866868281250004 0.33012562343749996 0.5030001765625001 0.30974754843749996 0.5009466640625 0.30531754375000003 0.4938463234375 0.3011459734375
9 0.42416287343750003 0.5214193890625001 0.269416865625 0.4885271109375 0.2632871625 0.493880065625 0.2418339359375 0.58729435 0.2356615578125 0.61633310625 0.2324252703125 0.63907385 0.23434188125 0.643208521875 0.264335871875 0.649583940625 0.35974055 0.6648043765625 0.3889386546875 0.6683482796875 0.39330098125 0.6666131734375 0.3980616765625 0.6583068828124999 0.426216384375 0.5258493953125 0.42416287343750003 0.5214193890625001
13 0.39512385625 0.6965526718749999 0.36669644687499997 0.6905102390625 0.241217753125 0.6766181765625 0.236855428125 0.6783532812499999 0.234893921875 0.6800662265625 0.205710484375 0.8173635062500001 0.20368472187500003 0.829712175 0.20546443281250001 0.8335515125 0.21707037968749998 0.8360184328125 0.3609948453125 0.8458442296875001 0.365357171875 0.8441091249999999 0.36903499375000004 0.8408973515625 0.3885267140625 0.7491960140625 0.3969035671875 0.700392009375 0.39512385625 0.6965526718749999
13 0.5364543359375 0.5689825500000001 0.50632036875 0.5604475015625 0.46963983750000005 0.5526508140625 0.4664523921875 0.5554343515625 0.45966901718750003 0.5779536078125 0.439393078125 0.6573745828125 0.43243561562500005 0.690106865625 0.4354474328125 0.6966042078125 0.4976768734375 0.7119613593749999 0.569127490625 0.72714865625 0.5723149359375 0.7243651203125 0.575308253125 0.719676678125 0.6040352312499999 0.6033149015625 0.6042905328125 0.5927197875 0.602237021875 0.5882897828125 0.5364543359375 0.5689825500000001
9 0.530403671875 0.8200867781250001 0.5074783375 0.815213846875 0.3925963640625 0.801444309375 0.3882340390625 0.8031794140624999 0.385139915625 0.8074027062500001 0.3558662375 0.9451245296874999 0.358467353125 0.95073586875 0.3701847546875 0.9532264781249999 0.4804373359375 0.9612197859375 0.496262328125 0.9619211468750001 0.5006246546875001 0.9601860421874999 0.5043024765624999 0.95697426875 0.532457184375 0.8245167828125 0.530403671875 0.8200867781250001