3 0 0.41867266562500005 0.055389521875 0.6059333796875 0.0606446578125 0.6189372046875 0.06474733125 0.6232820734375 0.0731677734375 0.6247611421875 0.146861921875 0.6135441640625 0.1639179015625 0.60929163125 0.164445453125 0.607370840625 0.12580515 0.452393046875 0.106269903125 0.382114821875 0.10269478125 0.3758491640625 0.0958569921875 0.36860771406250004 0.024006709374999997 0.3771283875 0 0.38311393125 0 0.41867266562500005
48 0.149384615625 0.9522483015625 0.2382600125 0.9050395390625001 0.245000440625 0.8997804421875 0.246899625 0.8928655875 0.2127953578125 0.7560808437500001 0.1808474859375 0.6384403062499999 0.174009696875 0.631198859375 0.16263904375 0.6340338812499999 0.0805040765625 0.6759835453124999 0.077553865625 0.6802976359375 0.074916109375 0.6899016 0.138756609375 0.9459518625 0.1428592828125 0.9502967296874999 0.149384615625 0.9522483015625
52 0.2546629484375 0.9013971421875 0.260348275 0.8999796312499999 0.34816856875 0.8566124546875 0.3530138890625 0.8518258624999999 0.35533511406249996 0.8433743734375 0.3425670140625 0.7921643203125 0.2928458703125 0.61454180625 0.285910721875 0.5947998171875 0.28256020625 0.59125150625 0.2619272078125 0.596395890625 0.19799306875 0.6256664468750001 0.1855673125 0.6323430546875 0.183984659375 0.638105434375 0.1837695640625 0.645316103125 0.247825159375 0.8941556953124999 0.2546629484375 0.9013971421875
43 0.4625105921875 0.788829534375 0.4028701265625 0.5496246859375 0.40068203281250003 0.5473074234374999 0.330183978125 0.5648845625 0.3005342484375 0.5751398859375 0.30000669687500003 0.5770606796875 0.2997916015625 0.584271346875 0.35113623125000004 0.8136161828124999 0.3557562671875 0.8321461343750001 0.3603694359375 0.8393458234375 0.364999659375 0.8417698984375 0.4266982453125 0.82280819375 0.46376041562500003 0.8099890375 0.46534306875000003 0.8042266578125 0.4625105921875 0.788829534375
23 0.574444959375 0.76628894375 0.5471549328124999 0.6406878875 0.52048981875 0.5256665828125 0.511756921875 0.518897640625 0.4418529890625 0.5291696078125 0.4115312484375 0.5367296671874999 0.4099485953125 0.542492046875 0.43745371562499996 0.6608824328125 0.47105397968749996 0.795645728125 0.475156653125 0.7999905984375 0.5025281828125 0.796744628125 0.5734872171875 0.7826310734375 0.5750698703125 0.77686869375 0.574444959375 0.76628894375
19 0.5038889906249999 0.476038378125 0.5098867734375 0.4799107421875 0.5917862687500001 0.477383503125 0.6050520296874999 0.47407597656249995 0.606634684375 0.46831359843750003 0.6060097734375 0.45773384687499996 0.5744694484374999 0.29490235 0.5611973453125 0.2416708484375 0.5557271140625 0.2358776890625 0.5454115625 0.2348711265625 0.47606570625 0.23865207968750002 0.46032445781250003 0.24257681406249998 0.46003430468750006 0.24363324843749998 0.459819209375 0.25084391875 0.4644290578125 0.28547975000000003 0.49779384843749996 0.4596654671875 0.50031386875 0.4697727171875 0.5038889906249999 0.476038378125
15 0.585435571875 0.765159009375 0.6801910140625 0.741533825 0.685036334375 0.7367472312500001 0.6865134765625001 0.731369009375 0.6776514078125 0.695825190625 0.6227581109375 0.5071463453125 0.6144554046875 0.4859560671875 0.60982518125 0.4835319921875 0.601572740625 0.482726740625 0.5613964234375 0.492743821875 0.5226501734375 0.5052671625 0.5159097453125 0.510526259375 0.5143270921875 0.5162886375 0.5582225296875001 0.684270253125 0.5813328984374999 0.760814140625 0.585435571875 0.765159009375
11 0.681141159375 0.454299659375 0.7182033296875 0.4414805015625 0.7197859828125 0.4357181234375 0.692976865625 0.2987248265625 0.6703386890624999 0.20792805625000002 0.5745409375 0.23181311875000002 0.573380325 0.2360388625 0.5773652609375 0.26009494375000003 0.6212403234375 0.460288315625 0.6280781125 0.4675297625 0.681141159375 0.454299659375
7 0.821066140625 0.5315095671875001 0.8871798546875 0.52218260625 0.8947602890624999 0.520292590625 0.89634294375 0.5145302125 0.8871028703125001 0.47747030625000003 0.8297469515625 0.2877951296875 0.8220691562500001 0.2771846 0.734616521875 0.2885218203125 0.728504778125 0.29004565000000004 0.7270012593749999 0.295519909375 0.7608166171875 0.423072534375 0.781191871875 0.4967198453125 0.7906470390625 0.5265690828125 0.797484828125 0.533810528125 0.821066140625 0.5315095671875001
23 0.47446109999999997 0.8012375734375 0.4785637734375 0.8055824421875 0.527836603125 0.7932973453125001 0.577324528125 0.77380158125 0.579962284375 0.764197615625 0.513796484375 0.5230411953125 0.5064477359375 0.5128854031250001 0.4957268453125 0.515558421875 0.43683966874999997 0.5332823859375 0.4111481515625 0.54326651875 0.4106206 0.5451873125 0.4104055046875 0.5523979812500001 0.470045971875 0.79160283125 0.47446109999999997 0.8012375734375
31 0.28149358125 0.5217810468749999 0.368238396875 0.5144672140625 0.3700361453125 0.501494165625 0.33780758906249997 0.333883978125 0.324367484375 0.2799786609375 0.3151232625 0.2772139375 0.24876249062500003 0.28083213281249997 0.22038915937499998 0.2879063984375 0.2192153578125 0.2921801609375 0.2603553046875 0.48947695625 0.26539534374999996 0.5096914515625001 0.2689704671875 0.5159571125 0.27307313906249997 0.5203019765625 0.28149358125 0.5217810468749999
35 0.2745860296875 0.5582596625 0.253669865625 0.4743695109375 0.2147263921875 0.3327078328125 0.20599349375 0.325938890625 0.1582339328125 0.33399977812500004 0.1087242015625 0.346343940625 0.1085029359375 0.346667496875 0.10713130312500001 0.351661559375 0.1132633515625 0.376255859375 0.169941153125 0.5728992984375 0.173516275 0.579164959375 0.181409165625 0.5825648203125 0.237207328125 0.5722312953124999 0.273214396875 0.563253725 0.2745860296875 0.5582596625
27 0.3923909859375 0.49104474531250003 0.477670884375 0.469782078125 0.4806210953125 0.46546798906250003 0.48220374843749997 0.459705609375 0.467055440625 0.393701375 0.428625140625 0.23956585625 0.4207655328125 0.2334738078125 0.32980030781249997 0.2561539859375 0.3282176546875 0.261916365625 0.38281808281249996 0.48090672031250004 0.3863932046875 0.4871723796875 0.3923909859375 0.49104474531250003
39 0.7021824265625 0.723168078125 0.7104851328125 0.7443583578124999 0.7151153578125 0.746782434375 0.8033454656250001 0.7212056765625 0.8119810031249999 0.7154740765625001 0.8141967187500001 0.707406746875 0.8091566796875 0.687192253125 0.8009635578125 0.6591754625 0.7379223125000001 0.4709177953125 0.7302445171875 0.460307265625 0.6885521234375 0.470702346875 0.63632908125 0.4873015328125 0.6347464281249999 0.4930639140625 0.6345313328125 0.50027458125 0.6362113468749999 0.507012746875 0.6754969359375 0.6403585296875 0.7021824265625 0.723168078125
11 0.7179190640625001 0.4415513765625 0.7195017171875 0.4357889984375 0.6771119484375 0.2173327046875 0.6726968203125 0.207697959375 0.6724233078124999 0.20740830312499997 0.5742566703125 0.23188399375 0.5730960578125 0.2361097375 0.5770809953125 0.26016581875 0.6209560578125 0.460359190625 0.6277938453125 0.4676006375 0.6808568937499999 0.454370534375 0.7179190640625001 0.4415513765625