55 0.033343540625 0.7399373296875 0.034491815625 0.74109083125 0.03836005 0.7405471859375 0.0937245921875 0.7275066875 0.1127033359375 0.722209640625 0.116994984375 0.71766185 0.11747938124999999 0.707074734375 0.10997974375 0.621434340625 0.10137807343750001 0.5602302734375 0.100459453125 0.5593074734375 0.0861469984375 0.5613189578125 0.0325715890625 0.5730561062499999 0.0213293140625 0.5772658640625 0.018971784375000002 0.5815418328125 0.024645221875 0.678045575 0.030684564062500003 0.73505150625 0.033343540625 0.7399373296875
55 0.111801859375 0.952966225 0.11249082343750001 0.9536583249999999 0.128608465625 0.9513931390625 0.1900743625 0.9275020656249999 0.19902009062499998 0.9209853078125001 0.2005917765625 0.9181346609375 0.1972090984375 0.8940656468749999 0.17636648125 0.7808471828125 0.1700832046875 0.7501731281249999 0.16709769375 0.7471740265625 0.1587165203125 0.7483519234375 0.09725062343749999 0.772242996875 0.087942465625 0.77618093125 0.0817167 0.7810005453125 0.089690159375 0.837734653125 0.1087804515625 0.9455015781249999 0.111801859375 0.952966225
55 0.31545391093749997 0.7586699593749999 0.31200908906249997 0.755209459375 0.294602034375 0.7576558609374999 0.2318634515625 0.774362471875 0.226000115625 0.7817609078125 0.228052728125 0.8103997843749999 0.242742296875 0.926148515625 0.246873996875 0.9555471000000001 0.25215605625 0.9608532015625 0.2579584078125 0.9600377343750001 0.337741615625 0.9383058984374999 0.34135649687499997 0.9317494140625 0.32366991562499997 0.8059028453125 0.31545391093749997 0.7586699593749999
55 0.385781253125 0.9194574734375 0.3869295265625 0.920610975 0.39466599687500004 0.9195236859374999 0.46985610937500005 0.8931778484375 0.475384396875 0.8862021796875 0.4721069953125 0.86288225 0.440919225 0.72236566875 0.434989821875 0.7142578109375 0.4238658796875 0.715821178125 0.361197 0.7375145359374999 0.35188884374999996 0.7414524703125001 0.3495313125 0.7457284390625001 0.37756385937500003 0.8890552421875 0.38312227656250003 0.9145716515625001 0.385781253125 0.9194574734375
55 0.285071515625 0.673002159375 0.294860596875 0.700553746875 0.29830541718750003 0.704014246875 0.3041077703125 0.7031987796875 0.37168338125 0.6647742937500001 0.3770441453125 0.6580100109375 0.37470953125 0.64139836875 0.338149928125 0.53142475 0.3321071140625 0.51649545625 0.3289090234375 0.5114224234375 0.31761378125 0.5130098671875001 0.305815315625 0.5188756484375 0.26737343125 0.540056859375 0.25026782187499996 0.551665053125 0.25244240156250003 0.567137990625 0.25618866875 0.579760284375 0.285071515625 0.673002159375
55 0.3703310609375 0.6460300828125 0.3737758828125 0.649490584375 0.40810559687500003 0.65518489375 0.44630354531250005 0.660335559375 0.4559741328125 0.658976446875 0.45845363125 0.6415345421875001 0.4604722265625 0.5331019968749999 0.45597421093749996 0.501096959375 0.45127296093749997 0.49922183750000004 0.3745146328125 0.48634168281249995 0.3706463984375 0.48688532812499996 0.3682888671875 0.491161296875 0.3677940515625 0.6279783203125 0.3703310609375 0.6460300828125
55 0.6196522812499999 0.886852021875 0.61941181875 0.871107259375 0.609379821875 0.7842887421875 0.5991049328125 0.71117910625 0.5954304578125 0.7074879046875 0.5064610609375 0.7199917390625 0.5056752171875 0.7214170609375 0.5044659593749999 0.72684653125 0.5287487671875 0.8996276765625 0.5341277046874999 0.9028163546875 0.6157230625000001 0.8939786359375 0.6196522812499999 0.886852021875
55 0.7321248078125 0.680913440625 0.7268427484375 0.6756073390624999 0.6631987859375 0.677451565625 0.640182790625 0.680686253125 0.638296765625 0.6841070265625 0.650146140625 0.793680525 0.659170646875 0.8578932187499999 0.6621561578125 0.86089231875 0.7232010843750001 0.8602022921874999 0.7506411578125001 0.8589756015625 0.7545703765625 0.8518489875 0.74596963125 0.7794244828125 0.7321248078125 0.680913440625
55 0.6356161734375 0.64819308125 0.63906099375 0.6516535828125 0.652599815625 0.649750825 0.72077831875 0.629649925 0.7228215125 0.6259440859375001 0.7194146703125 0.6017031484375 0.687366834375 0.4831344421875 0.683982996875 0.47309097343750006 0.6793899031249999 0.4684769703125 0.6648840296875 0.47051563906249994 0.6515264171874999 0.473707809375 0.60232665625 0.4885116625 0.5980350078125001 0.493059453125 0.600934446875 0.5136900375 0.6322323359375 0.6381496125 0.6356161734375 0.64819308125
55 0.7963233890625 0.6476971328125 0.8156235281249999 0.6449846765625 0.8184137859374999 0.6303918296875 0.8191553031250001 0.5142757859375 0.813913271875 0.4769767921875 0.809420965625 0.47518500937499997 0.752280521875 0.4755892734375 0.7269435796875 0.4791501484375 0.7247432171875 0.4831410515625 0.72642298125 0.6354310171875001 0.7275102703125 0.6431674859375 0.7309550921875 0.6466279875 0.7429222249999999 0.647575875 0.7963233890625 0.6476971328125
55 0.7468369906250001 0.6691156703125001 0.771119796875 0.841896815625 0.7749270484374999 0.847936140625 0.7849600640625 0.8491558515625 0.863412046875 0.8460194234375 0.8653461640625 0.8457475999999999 0.8696378125 0.841199809375 0.87072614375 0.8363132859375 0.8682616203125001 0.818777290625 0.8466827578125 0.6918998921874999 0.8411243421875 0.6663834828125 0.8353829734374999 0.6606159828125 0.780502828125 0.6630693640625 0.747622834375 0.6676903453125 0.7468369906250001 0.6691156703125001
55 0.85559363125 0.6682945953125 0.8548077875000001 0.6697199203124999 0.8527517031249999 0.6831576796875 0.856013571875 0.7063670875 0.8822339687499999 0.836799775 0.8852553765625 0.8442644218750001 0.89099674375 0.850031925 0.9797727296875 0.8375552734375 0.9751988624999999 0.8050105249999999 0.9504228906250001 0.6904689625 0.9459517640625 0.672689025 0.940633809375 0.6629173765624999 0.9371889890625 0.6594568765625 0.859461865625 0.6677509515625 0.85559363125 0.6682945953125
55 0.9105802265625 0.62098885625 0.9144484609375001 0.6204452125000001 0.9179542656249999 0.61732274375 0.9199493671875001 0.610467953125 0.9204337640625001 0.5998808375 0.9223030109374999 0.4735450796875 0.919001603125 0.4500543453125 0.9179681562500001 0.4490161953125 0.90406690625 0.4483401296875 0.88203626875 0.449464015625 0.827880978125 0.4570750453125 0.82748805625 0.45778770468749996 0.8266412296875 0.465795996875 0.82832099375 0.6180859609375 0.8317658140624999 0.6215464625 0.8379305953125 0.62330981875 0.9105802265625 0.62098885625
55 0.7884040640625 0.42317677343750004 0.8409876625000001 0.4184163890625 0.8661311875000001 0.414882696875 0.8669170312500001 0.413457375 0.8676425859375 0.41019969375 0.86365585625 0.381832640625 0.8501232859375 0.3079974515625 0.8431151484375 0.2721657484375 0.8393078984375 0.26612642656249996 0.8312089984375 0.2646348921875 0.7984258984375 0.26713844999999997 0.7570357734375001 0.27295545312499997 0.7565642671874999 0.273810646875 0.755355009375 0.2792401140625 0.773598475 0.39501533125 0.7787944609374999 0.4179529171875 0.7822392828125 0.42141341718750003 0.7884040640625 0.42317677343750004
55 0.6471877171875 0.46248365312499995 0.6502091234375 0.4699483 0.6536539453125 0.4734088015625 0.6787974703125 0.46987510937500004 0.7171173875 0.46185983750000004 0.7322278953125 0.4571064359375 0.7329053578125 0.450699803125 0.712681765625 0.3068014734375 0.710844528125 0.3049558734375 0.65511755625 0.315417546875 0.6303364609375001 0.3215300640625 0.6279789296875 0.32580603125 0.627132103125 0.3338143234375 0.6471877171875 0.46248365312499995
55 0.5750342921875 0.3111569375 0.51157085 0.3227059015625 0.496460340625 0.32745930625 0.49410281093749997 0.3317352734375 0.5061849656249999 0.40367049687499995 0.519838809375 0.47275507499999997 0.5232836296875 0.47621557656249996 0.567768328125 0.469963659375 0.5983517765624999 0.46303567812499996 0.60185758125 0.45991320937499997 0.602643425 0.4584878875 0.589595946875 0.36565025625 0.5804132296875 0.314345615625 0.5750342921875 0.3111569375
55 0.4349581890625 0.30244195 0.3724862 0.3112218140625 0.3605549609375 0.31473947343750003 0.3581974296875 0.319015440625 0.36423677187500003 0.376021371875 0.376196959375 0.461122534375 0.3773452328125 0.462276034375 0.45664404375 0.4511313140625 0.46057326249999997 0.4440046984375 0.441364475 0.307327075 0.437919653125 0.30386657499999997 0.4349581890625 0.30244195
55 0.2596174296875 0.48487004375 0.2607657046875 0.48602354375 0.270436290625 0.48466443124999997 0.330878325 0.4656508203125 0.33825236406250003 0.4619847078125 0.3396668828125 0.45941912656249995 0.3328169578125 0.41067937031249996 0.31330220937500003 0.3195395828125 0.31215393593749996 0.31838608125 0.3078385875 0.31715173281250003 0.3013109421875 0.318069134375 0.2436130015625 0.335908159375 0.2362389625 0.339574271875 0.23388143125 0.343850240625 0.2396803109375 0.3851114109375 0.2565960234375 0.47740539687499994 0.2596174296875 0.48487004375
55 0.18361812187499998 0.5026514 0.22387215624999998 0.49436430624999994 0.23009792187500003 0.48954469375 0.2309447484375 0.4815364015625 0.22052662500000003 0.38635691875 0.2155432125 0.3508981015625 0.213025371875 0.3446775609375 0.1643501 0.35151842499999997 0.1432560109375 0.3557978859375 0.1331620109375 0.3611611453125 0.1341273328125 0.3820635515625 0.1453591890625 0.504083703125 0.148804009375 0.5075442046875 0.18361812187499998 0.5026514
55 0.0497287640625 0.5225202265625 0.053173584375000006 0.525980728125 0.06671240625 0.5240779703125 0.130175846875 0.5125290062500001 0.1344674953125 0.5079812140625 0.1353143234375 0.4999729234375 0.12601658437500002 0.3776809484375 0.12420443437499999 0.36478683125 0.12075961406249999 0.36132633125 0.060801976562500006 0.36975282656249997 0.043757351562500005 0.374778053125 0.0413998203125 0.379054021875 0.0409154234375 0.3896411359375 0.0468293234375 0.501889640625 0.0497287640625 0.5225202265625
55 0 0.534963409375 0.000045646875 0.535288203125 0.00027530156249999996 0.5355189031250001 0.025418825 0.5319852109375 0.031318059375 0.529052321875 0.0336755890625 0.524776353125 0.033435128125000005 0.5090315921874999 0.0259964734375 0.416808228125 0.021019103125 0.3813923921875 0.020789446875 0.38116169218749996 0.00067463125 0.3839886453125 0 0.3841682921875 0 0.534963409375
55 0 0.341386571875 0.0308499828125 0.3418792421875 0.046322921875 0.33970466250000003 0.047108765625 0.33827933906249996 0.0417333 0.293014025 0.03031675625 0.21178109687500002 0.0289872671875 0.209338184375 0.017805978125 0.2069649734375 0 0.2055546046875 0 0.341386571875
55 0.14225514687500002 0.3262222671875 0.153473021875 0.3246456984375 0.156277665625 0.322147725 0.1493914953125 0.273150084375 0.13724835625 0.2077978296875 0.1327772296875 0.19001789062500002 0.13162895624999998 0.188864390625 0.109991234375 0.18927561406249999 0.07411352812500001 0.19221408906249998 0.053225065625 0.195149771875 0.05118187187499999 0.19885561093749998 0.054806171875 0.22464384062499998 0.076677409375 0.3241306515625 0.08241877656249999 0.3298981546875 0.10018826249999999 0.330030575 0.14225514687500002 0.3262222671875
55 0.20658997656250003 0.3019279921875 0.24551348437499998 0.3038209765625 0.24899489218749998 0.303331696875 0.2517995359375 0.3008337234375 0.25379463593749996 0.29397893124999996 0.25051445625 0.21801255 0.24349992656250002 0.16810157812499998 0.23682141250000002 0.1661912765625 0.17937916874999998 0.1616414125 0.1650667015625 0.1636528984375 0.1645951953125 0.1645080921875 0.1633859375 0.1699375609375 0.1703871296875 0.2899225359375 0.1734085359375 0.2973871828125 0.174556809375 0.2985406828125 0.20658997656250003 0.3019279921875
55 0.379741221875 0.28495649843750004 0.41842356875000003 0.2795200484375 0.42386349062499995 0.2761257578125 0.4242564125 0.27541309687500004 0.40559127031250003 0.1426037078125 0.40409851406249997 0.14110415781250002 0.3263469984375 0.1520314203125 0.3249324796875 0.1545970015625 0.3318186484375 0.2035946390625 0.342451084375 0.2652145703125 0.3469222125 0.2829945109375 0.35036703281250003 0.2864550125 0.379741221875 0.28495649843750004
55 0.51308745625 0.2549079421875 0.5204005125 0.2578247984375 0.573346540625 0.25564323906249997 0.59462183125 0.25265319218750004 0.5954076749999999 0.2512278671875 0.5955296421875 0.2380619296875 0.58988374375 0.17403184375 0.5820371343749999 0.118200321875 0.5792812781250001 0.115431921875 0.5143681171875001 0.11666559375 0.5046975296875 0.11802470625000001 0.5023399984375 0.1223006734375 0.508738296875 0.22396206406250002 0.51308745625 0.2549079421875
55 0.7150204703124999 0.23783607343750002 0.730880221875 0.23560712968750003 0.732294740625 0.23304155 0.7229440484375 0.1665079140625 0.7172169609375 0.1341778359375 0.710571253125 0.1009249578125 0.7071264328125 0.09746445625 0.6557757843750001 0.1025775125 0.6403028546875 0.10475209062499999 0.629761740625 0.10833735468750001 0.628975896875 0.1097626796875 0.636586925 0.1639179640625 0.649393940625 0.241010834375 0.6528387625 0.2444713359375 0.7150204703124999 0.23783607343750002
55 0.7665659015624999 0.21586518125 0.8323258906250001 0.20662321874999998 0.8455022828125 0.2021416390625 0.8473883078125001 0.1987208640625 0.8464822328125001 0.19227380624999998 0.8203081921875001 0.0860283875 0.816561925 0.0734060953125 0.811279865625 0.0680999953125 0.7575113953125 0.0756566609375 0.737686528125 0.0805466703125 0.7353289968750001 0.08482263906250001 0.737141146875 0.09771675468749999 0.7486204109375 0.15132839375 0.76312108125 0.21240468125 0.7665659015624999 0.21586518125