26 0.570986953125 0.080567565625 0.573017340625 0.0901197875 0.5744940093750001 0.0908042921875 0.6283925328125 0.081344565625 0.714999353125 0.06293571718749999 0.7182111250000001 0.059257895312499996 0.7175426390624999 0.012900457812499998 0.7154056578125 0.0028467484375000003 0.7125999875 0.0015461906250000001 0.6459651656250001 0.0137131 0.5775952390625 0.030242335937499996 0.5743834671875 0.033920157812500004 0.571503825 0.07047390625 0.570986953125 0.080567565625
26 0.0602411703125 0.1821412796875 0.0642207296875 0.20086363281250003 0.06510673125000001 0.201274334375 0.0725233109375 0.2010956234375 0.116081446875 0.19183705625 0.21030051562500002 0.17041244375 0.2160595484375 0.166193184375 0.21354928593750003 0.144363053125 0.20664596875000002 0.1118855 0.19985329375 0.10873678125 0.125982771875 0.12443844531249999 0.062707365625 0.13988480781249998 0.0599016703125 0.1454730734375 0.058978720312499996 0.1536562890625 0.0602411703125 0.1821412796875
47 0.39989595 0.21138077968750002 0.404560146875 0.20380006874999998 0.40673842968749996 0.151421328125 0.4051141203125 0.14377955 0.40068411406250004 0.14172603749999999 0.392636259375 0.14143990312500002 0.2963572734375 0.1519208390625 0.27769214375 0.15429082656249998 0.2574596265625 0.15859138125 0.252795428125 0.1661720921875 0.24592870625000002 0.22154415156249999 0.2467408609375 0.22536504062499998 0.256265384375 0.2263356796875 0.3960295734375 0.212202603125 0.39989595 0.21138077968750002
47 0.441087678125 0.14142454531249998 0.4386880609375 0.14892325625 0.43826704375 0.1945388515625 0.44010792656250003 0.20319953124999998 0.4442992 0.2066349609375 0.4625360921875 0.20475534999999997 0.5008815703125 0.197902659375 0.5936018109375001 0.1781943640625 0.5960641703125 0.1753747 0.5938492953125001 0.139903825 0.59231361875 0.12265876093750001 0.59125781875 0.11769160781250002 0.5885702875 0.11506804687500001 0.5870936171875 0.11438354218749999 0.5688567250000001 0.1162631546875 0.5225999796874999 0.1240985703125 0.45596515625 0.13626548125 0.441087678125 0.14142454531249998
51 0.2866364265625 0.33289667343749996 0.443547603125 0.299544171875 0.445688784375 0.29709229062500003 0.43171971875 0.231373 0.4278803796875 0.2295932890625 0.2750448171875 0.262079490625 0.27183304375 0.2657573125 0.27466816875 0.2891158 0.2836830890625 0.331527665625 0.2866364265625 0.33289667343749996
51 0.440358240625 0.23193293593750003 0.4521344890625 0.2873358265625 0.45859488125 0.2989415609375 0.46024506093750006 0.2991898328125 0.6184298687500001 0.26556661406250004 0.6201428140624999 0.263605109375 0.6040842015625 0.21310597968749997 0.5986944000000001 0.20027430468750002 0.5942643953125 0.19822079374999999 0.4414288328125 0.2307069953125 0.440358240625 0.23193293593750003
42 0.2877176921875 0.4406915015625 0.2907411640625 0.4436430109375 0.29221783437500004 0.44432751406250004 0.363947171875 0.43107773125 0.45564851093750003 0.4115860109375 0.46033695156250004 0.4085926921875 0.461193425 0.40761193906250004 0.4523003265625 0.3657731984375 0.44342933906250004 0.33531129531250004 0.43859325625 0.3313473390625 0.27811591406249997 0.3654578515625 0.274904140625 0.3691356734375 0.28174835625 0.41260798281250005 0.2877176921875 0.4406915015625
42 0.48696348437500003 0.32406106874999996 0.502191390625 0.3957027390625 0.5875245812500001 0.37756460937499997 0.6554884296875 0.3591249296875 0.6678186484374999 0.3545073015625 0.669852771875 0.35217801406250004 0.6607769421875 0.30947959375 0.6567069125 0.29596802499999997 0.650911034375 0.2812259046875 0.646481028125 0.27917239375 0.6082721375 0.28729394375 0.489769178125 0.31847280312500004 0.48696348437500003 0.32406106874999996
18 0.7023306046875 0.269497634375 0.68195253125 0.273829128125 0.6787407578125 0.27750695 0.692953471875 0.3443725078125 0.6981956312500001 0.35024690937499997 0.7062434875 0.35053304375 0.8479670640625001 0.328395803125 0.865797878125 0.324605746875 0.8679390609375 0.322153865625 0.8647919609375 0.307347925 0.852138884375 0.26660790625 0.8459369265625 0.24995534218749998 0.844460259375 0.24927083906249997 0.8389596640624999 0.2484432671875 0.7821078015625 0.2565339859375 0.7023306046875 0.269497634375
18 0.082497575 0.378284484375 0.0866322453125 0.3802010953125 0.18979625 0.358272909375 0.2444515828125 0.3448584765625 0.24980453749999998 0.3387287734375 0.2424914828125 0.29555580625 0.23834949375 0.276069275 0.235997903125 0.273773659375 0.22902063749999998 0.272261584375 0.0791384125 0.30611679375 0.074191534375 0.314156940625 0.0792489546875 0.363000928125 0.082497575 0.378284484375
14 0.0737369265625 0.4598173 0.076173390625 0.4712799671875 0.080603396875 0.4733334796875 0.1960422234375 0.4527897171875 0.2495346703125 0.441419546875 0.25274644375 0.43774172499999997 0.248031509375 0.3667108375 0.24758820625000003 0.36462526562500003 0.2430745296875 0.3609255734375 0.163297334375 0.373889221875 0.078831696875 0.3898461890625 0.0756199234375 0.3935240109375 0.0742908984375 0.39979678125 0.0737369265625 0.4598173
14 0.702728809375 0.40539227968749997 0.7016582171875 0.4066182203125 0.7191195515625 0.48876733593750005 0.72650289375 0.4921898546875 0.873666525 0.4700943515625 0.9026033921875 0.4639436296875 0.90410221875 0.46222731093749997 0.8970364734375 0.42898558906249995 0.8832149953125 0.3840012078125 0.8794495031249999 0.3788113109375 0.875019496875 0.3767578 0.8644243828124999 0.3770131015625 0.70741725 0.40239896249999996 0.702728809375 0.40539227968749997
10 0.088754475 0.512933825 0.0855427015625 0.516611646875 0.07978341875 0.58971914375 0.080484778125 0.6055441359375 0.084914784375 0.6075976484375001 0.1392193859375 0.6000483671875 0.21742761875 0.5872185359375 0.2675067390625 0.576573890625 0.27020020625 0.5712091546875 0.2707170765625 0.5611154953125 0.26842850625 0.4877218640625 0.2610451640625 0.48429934531249996 0.10913255156249999 0.50860233125 0.088754475 0.512933825
10 0.7326308546875 0.5535855484375001 0.740457121875 0.577879890625 0.76404671875 0.6387588140625 0.7686243640625 0.6477696 0.7727590359375001 0.6496862109375 0.874139959375 0.6281370296875 0.9585982265625 0.6083877875 0.9615958812500001 0.6049551546874999 0.9588751609375 0.592155175 0.9394386359375 0.5495623765625 0.9207219703125 0.5116087890625 0.9162919640625 0.5095552765625 0.8042125531250001 0.5333784921875 0.7358426265625 0.5499077265625 0.7326308546875 0.5535855484375001
2 0.630497134375 0.49143086406250003 0.692672421875 0.4758189875 0.6973608625 0.4728256703125 0.6984314546875 0.47159972968749997 0.693152446875 0.44676394999999997 0.6788289390625 0.3919024953125 0.671445596875 0.3884799765625 0.6128586312500001 0.4009330203125 0.5066858921875 0.42749424999999996 0.5034741203124999 0.431172071875 0.505799790625 0.45463884375 0.5154348578125 0.5124936156250001 0.518290359375 0.5152811500000001 0.630497134375 0.49143086406250003
2 0.314445928125 0.558609621875 0.49561975 0.5200999375 0.49615504687499995 0.5194869671875 0.4912821171875 0.4965616328125 0.474005271875 0.44033116874999995 0.4662158515625 0.43499820468749995 0.2985028109375 0.472643471875 0.2952910375 0.47632129375 0.31234629375 0.5565599640625 0.314445928125 0.558609621875
34 0.3101404390625 0.5774956125 0.3069286671875 0.581173434375 0.30641179687500003 0.59126709375 0.3175603765625 0.6687677484375001 0.321731946875 0.6758680890625001 0.3287092125 0.6773801640625 0.4636585609375 0.6546860718749999 0.5133301203125 0.64412805625 0.5165418921875 0.640450234375 0.503141334375 0.5774055640625 0.49409683437499996 0.5473798890625 0.48711956875 0.5458678140625 0.399700596875 0.560455771875 0.3101404390625 0.5774956125
34 0.5154088375 0.5612200656249999 0.5212784109374999 0.613884940625 0.5260405484375 0.6488143796875 0.5293999609375 0.65209383125 0.5363772265625 0.6536059062499999 0.6972753828125 0.6289903906250001 0.7196912656250001 0.6242257484375 0.72354539375 0.6198123625 0.7036475953125 0.5262005796875 0.6977409203125 0.5234625640624999 0.6485308390625 0.529928971875 0.5403277125 0.5469379796875 0.5199496359375 0.5512694734375 0.5167378625 0.5549472953125 0.5154088375 0.5612200656249999
10 0.7326308546875 0.5535855484375001 0.740457121875 0.577879890625 0.76404671875 0.6387588140625 0.7686243640625 0.6477696 0.7727590359375001 0.6496862109375 0.874139959375 0.6281370296875 0.9585982265625 0.6083877875 0.9615958812500001 0.6049551546874999 0.9588751609375 0.592155175 0.9394386359375 0.5495623765625 0.9207219703125 0.5116087890625 0.9162919640625 0.5095552765625 0.8042125531250001 0.5333784921875 0.7358426265625 0.5499077265625 0.7326308546875 0.5535855484375001
6 0.0678591 0.6444689828125 0.08919671875 0.7198038906249999 0.09499259843749999 0.7345460109374999 0.102375940625 0.7379685296875 0.173366946875 0.7243764953125 0.2961448484375 0.698279246875 0.292916534375 0.6830912171875 0.289211978125 0.6712990578125 0.261856890625 0.6052302390625 0.2519262875 0.6023491562500001 0.073212053125 0.6383392796875 0.0678591 0.6444689828125
6 1 0.6653889687500001 0.994272640625 0.6384438640625001 0.991466971875 0.63714330625 0.9507108203125 0.64580629375 0.8012346718750001 0.6815719484375 0.79588171875 0.6877016499999999 0.7957709234375 0.6997057546875001 0.7996838046875 0.7807411640625 0.8041506578125001 0.801756053125 0.8056273265625 0.8024405578125 0.9380848140625 0.7742858499999999 1 0.7593171234375 1 0.6653889687500001
30 0.5463479312499999 0.7944545109375001 0.550814784375 0.8154693999999999 0.55779205 0.8169814750000001 0.72113963125 0.79324305 0.7574380765625001 0.7855275765624999 0.7610780859374999 0.781359378125 0.7377367515625 0.6715470265625 0.7315967578125 0.6702164015625 0.5432103578125 0.6982786125 0.5374513265624999 0.7024978703125 0.5365283765625 0.7106810859375 0.5423979515624999 0.7633459609375 0.5463479312499999 0.7944545109375001
30 0.309737165625 0.8185901390625 0.3171205078125 0.8220126593750001 0.329591 0.8205600296875 0.3886874171875 0.8079986984374999 0.4648615515625 0.7906093296875001 0.5154006609375 0.7778701515625001 0.518398315625 0.77443751875 0.4959828359375 0.6689809796875 0.491848165625 0.66706436875 0.303350971875 0.707130684375 0.29840409375 0.71517083125 0.3003236875 0.736727159375 0.308925009375 0.81476925 0.309737165625 0.8185901390625
38 0.058383954687499996 0.76898415 0.055172181249999994 0.7726619718750001 0.05720256875 0.7822141953124999 0.08474214531249999 0.8742016671874999 0.088101559375 0.8774811187499999 0.0925315640625 0.87953463125 0.1362410515625 0.8722406515625 0.20113339843750003 0.8606437921874999 0.30108785625 0.8393978171875001 0.301854746875 0.8378703546875 0.298589209375 0.8225072046875 0.2681082265625 0.7473686078124999 0.2627184234375 0.7345369328125 0.25533508125000004 0.7311144140625 0.22181463125 0.736242646875 0.134801734375 0.75274105 0.058383954687499996 0.76898415
38 0.41475706093750003 0.067650121875 0.41368646875000004 0.0688760625 0.4146831125 0.09861560312499999 0.4178209375 0.12590326406250002 0.42200729687500005 0.126810509375 0.5636349187499999 0.096706628125 0.5655619828125 0.0944999359375 0.566891009375 0.088227165625 0.55633299375 0.038555607812499997 0.554856325 0.037871103125 0.42963453906250004 0.062491056249999996 0.41475706093750003 0.067650121875
22 0.60415835 0.1270299078125 0.6240932484374999 0.1707148296875 0.6285232546875 0.172768340625 0.6333519671875 0.172940021875 0.672070309375 0.164710184375 0.7733109609375 0.1399960046875 0.7758803796875 0.137053746875 0.7731921453124999 0.1244066046875 0.75282234375 0.0874433640625 0.74422076875 0.0782895109375 0.6779920234375 0.092366865625 0.6023863984375 0.1124308546875 0.6013158078124999 0.11365679531249999 0.60415835 0.1270299078125
22 0.2096024609375 0.2598159453125 0.22896163125000002 0.2557010265625 0.23174516875 0.25251358125 0.2296410859375 0.2050386015625 0.22639246562499998 0.1897550453125 0.2249157984375 0.1890705421875 0.177846896875 0.19308506875 0.07808296406250001 0.2047061046875 0.0736434546875 0.20564975156249998 0.06897925625 0.21323046250000002 0.066800975 0.265609203125 0.06801920781250001 0.27134053593749996 0.0724492125 0.27339404843750004 0.0855915875 0.272597309375 0.2096024609375 0.2598159453125