55 0.893209134375 0.260917884375 0.8816044312500001 0.26254881874999997 0.8808185875 0.26397414375 0.878400071875 0.2748330796875 0.8623103499999999 0.4269906234375 0.861178809375 0.44279671875000004 0.861740575 0.44679389374999995 0.8647863765625001 0.45162535468750004 0.8910171921875 0.45582813125 0.9458652765625001 0.46100555625000006 0.95108739375 0.460271634375 0.956716196875 0.4531691359375 0.9755868640625 0.292731478125 0.9730498531249999 0.2746797171875 0.9676709156250001 0.2714910390625 0.9152092859375 0.263085484375 0.893209134375 0.260917884375
55 0.743457625 0.45842093593750005 0.7457541734375 0.4607279359375 0.7661826359374999 0.46574618125 0.8186442656249999 0.4741517359375 0.828145490625 0.47439428125000005 0.835108309375 0.4734157203125 0.838408853125 0.467429365625 0.8599663265625 0.29944515 0.85840339375 0.288324296875 0.8451329078125 0.2837160890625 0.7722428140625001 0.2702922890625 0.760638109375 0.27192322343750003 0.758643009375 0.27877801562500004 0.7412830453125 0.44294799687499997 0.743457625 0.45842093593750005
55 0.9666133125 0.489909696875 0.9240627312499999 0.49588979218749996 0.8780063453125001 0.5049923546875 0.8756488140625001 0.509268321875 0.8806530625000001 0.6374983624999999 0.8854267828125 0.6714651468749999 0.9525406578125001 0.66203290625 0.9685335390625 0.6579444234375 0.9724627578125 0.650817809375 0.972229240625 0.550919775 0.9700581328125001 0.4933701984375 0.9666133125 0.489909696875
55 0.7431119484375001 0.5457775265625 0.7758595578125 0.68055239375 0.781371271875 0.6860891953125 0.7904616375 0.6848116265625 0.8702078921874999 0.6712372390625 0.8709937359375 0.669811915625 0.8684567265625001 0.6517601546875 0.8311160234375 0.5123712874999999 0.8279008578125 0.5091414859375 0.7441535796875 0.520911396875 0.740998353125 0.52372161875 0.7402125093749999 0.5251469421875 0.7431119484375001 0.5457775265625
55 0.7348698140625001 0.5222161453124999 0.7174627578125 0.5246625484375 0.6473501374999999 0.545035271875 0.6430584890625 0.5495830625 0.6422116609375 0.5575913546875 0.66758523125 0.696032334375 0.672479771875 0.7098081265625 0.6767104359375 0.7118433046875 0.6805786703125001 0.7112996609375 0.7355807828125001 0.6956803390624999 0.75806533125 0.687260825 0.7604228625 0.6829848562499999 0.7616321187499999 0.6775553859375 0.7383146359375 0.525676646875 0.7348698140625001 0.5222161453124999
55 0.6975794390625001 0.2856505984375 0.6821065015625 0.28782517812499997 0.6232361546875 0.30398814375 0.6100597624999999 0.3084697234375 0.60757060625 0.3111074421875 0.6133350546874999 0.3521236234375 0.6524135015625 0.490545084375 0.6529876390625 0.491121834375 0.6957799875 0.48510776250000004 0.748817921875 0.46779216874999996 0.751175453125 0.46351620000000004 0.749363303125 0.4506220859375 0.7381245015625 0.41275520625000006 0.7013866906249999 0.291689921875 0.6975794390625001 0.2856505984375
55 0.49337795 0.3265776265625 0.4972427125 0.36811061875 0.5110624484375 0.477670175 0.5149766921875 0.5055214640625 0.52025875 0.5108275671875 0.5695059078125 0.50758799375 0.6185357828125 0.5006972937499999 0.6194427265625 0.49662519375 0.611686725 0.441438378125 0.59274279375 0.317872328125 0.5892979734375 0.3144118265625 0.5715284875 0.31427940625 0.5402201796874999 0.31604974218750004 0.49573548125 0.32230165781250003 0.49337795 0.3265776265625
55 0.6135499609374999 0.5676679390625 0.552505034375 0.5683579671875 0.5451309953125001 0.572024078125 0.5443451515625 0.5734494015625 0.54494804375 0.5917729859375 0.5527885640625 0.6847507109375 0.5598831296875 0.7352311734375 0.562524159375 0.737884225 0.641338571875 0.7373266187499999 0.6529432765625 0.735695684375 0.6553008078125 0.731419715625 0.6557852046875 0.7208325999999999 0.6451562421875 0.61713603125 0.6389949328125 0.5732960390625 0.6355501109375 0.5698355375 0.6135499609374999 0.5676679390625
55 0.43737759218749994 0.35403966875 0.3925304640625 0.3577127625 0.3886012453125 0.3648393765625 0.3892041375 0.3831629609375 0.39857535624999996 0.5305368968749999 0.399738153125 0.5388106203125 0.4020042078125 0.5444091046875 0.40544902968749996 0.54786960625 0.46793862812500003 0.5455301765625 0.5041066140625 0.5404470984375 0.5055997156250001 0.537738984375 0.5060841140625 0.5271518703125 0.4913499265625 0.36617754687500004 0.4879660890625 0.35613407656249996 0.478718915625 0.35348904375 0.43737759218749994 0.35403966875
55 0.550048409375 0.7480528078125 0.5539776265625 0.74092619375 0.5510781875 0.720295609375 0.5264294781250001 0.587012275 0.520688109375 0.5812447734374999 0.516819875 0.5817884171875 0.431234315625 0.604335721875 0.42981979687500005 0.606901303125 0.434766965625 0.6421022375 0.45582204062500004 0.7442020234375 0.46029316875 0.7619819640625 0.46410041875 0.7680212875 0.48537570937499996 0.765031240625 0.5368720171875 0.7525343875 0.550048409375 0.7480528078125
55 0.4124977703125 0.6043392109375 0.3196601390625 0.6173866890624999 0.3180884515625 0.6202373359375 0.33494144531250003 0.740152609375 0.341344953125 0.7786990453125 0.3470863203125 0.784466546875 0.43605571718749997 0.7719627140624999 0.43841324843749996 0.7676867453125 0.4159425921875 0.6077997125 0.4124977703125 0.6043392109375
55 0.1936525703125 0.6329920921875 0.2009374109375 0.6848264359375 0.2171401140625 0.7748538468749999 0.2219736703125 0.7952126078124999 0.22541849218749999 0.7986731093749999 0.24868819062499997 0.7972435984375 0.3171559421875 0.7876210828125 0.3190419671875 0.7842003078124999 0.3200093734375 0.7798567328125 0.315587728125 0.748395090625 0.296933740625 0.6268920984374999 0.2931264890625 0.620852775 0.2869617078125 0.6190894203124999 0.234378109375 0.6238498031249999 0.1956957625 0.6292862515625 0.1936525703125 0.6329920921875
55 0.1700385640625 0.6319717203125 0.16659374375 0.6285112203125001 0.1433843359375 0.6317730890625 0.0957562625 0.6437262968749999 0.0787116359375 0.648751521875 0.0732717140625 0.6521458140624999 0.0712766125 0.6590006046875 0.07166308906249999 0.663153903125 0.0940068953125 0.822138346875 0.12720118281249998 0.8174731953125001 0.1754036109375 0.803466946875 0.19051412031249998 0.79871354375 0.19480576875 0.7941657531249999 0.1752345515625 0.65490930625 0.1700385640625 0.6319717203125