7 0.0764033984375 0.078883875 0.0706883453125 0.081791128125 0.066152953125 0.0885481703125 0.0709655234375 0.14305850312499999 0.091799746875 0.316685240625 0.09815389218750001 0.36329156406249996 0.10142029374999999 0.369639728125 0.10545748125000001 0.3720358890625 0.1152097234375 0.371524796875 0.209963940625 0.3509124953125 0.2581799828125 0.3379546375 0.2619445875 0.335149603125 0.2657543171875 0.32947368906249996 0.26411881875 0.298266515625 0.262212575 0.28428461875 0.22917286093749997 0.064358215625 0.22667724687500002 0.0540580421875 0.22146039687500002 0.047812095312500004 0.2154727609375 0.045518153125 0.0764033984375 0.078883875
11 0 0.40311853906249995 0.0014689296875 0.40304155625 0.047734523437499995 0.3901859171875 0.055400025 0.38717644375 0.058743340624999994 0.3800646390625 0.0564391046875 0.3360972 0.02847964375 0.1160784015625 0.025711446875 0.10057703437500001 0.02341603125 0.097828815625 0.003800096875 0.09885684375 0 0.1003034171875 0 0.40311853906249995
6 0.8190273953125 0.5641204375 0.8328168249999999 0.5660055046875 0.9429959718750001 0.57848544375 0.9644509031249999 0.5773610390624999 0.9685774203124999 0.562802203125 0.9891538515624999 0.35832008125 0.9906263609374999 0.337902534375 0.9877051781249999 0.28216305625000004 0.9801208390625 0.279257396875 0.852115075 0.2624962296875 0.840412384375 0.2631095421875 0.8366477796874999 0.26591457812499997 0.8340628359375 0.2725693984375 0.827854175 0.34069603437499996 0.8110423484375 0.5423731218750001 0.811860096875 0.557976709375 0.8190273953125 0.5641204375
10 0.8208579390624999 0.5953173890625 0.8304738890625 0.5922056984374999 0.8362184906250001 0.586130353125 0.8351709921875001 0.5661429015625 0.8335100734375 0.55684208125 0.79030924375 0.32962497812499997 0.78504543125 0.3038234390625 0.779692290625 0.2949768921875 0.7601878078125 0.2959990796875 0.6403503453125 0.32314141875 0.63268484375 0.326150890625 0.6288751140625 0.33182680468750003 0.630128996875 0.3557523046875 0.6318716890625 0.366613484375 0.657330634375 0.516528184375 0.676435434375 0.6198365640625 0.6816522843749999 0.6260825125 0.6972558703125 0.6252647640625 0.8208579390624999 0.5953173890625
14 0.49282043125 0.6484959234375001 0.5066098609374999 0.650380990625 0.6245908 0.66245205625 0.6401943859375 0.6616343062500001 0.6429156218750001 0.6575800828125 0.6444571953125 0.6496760703125 0.66062993125 0.39848540625 0.6613772359375 0.3847556046875 0.66025283125 0.3633006734375 0.6585855578124999 0.359476440625 0.653505 0.355831090625 0.643616465625 0.3537415859375 0.52714136875 0.3405485078125 0.4952840453125 0.3422180796875 0.492252284375 0.3577626359375 0.481070778125 0.62955364375 0.48147965312499996 0.6373554359375 0.483702684375 0.6424544140624999 0.48683279375 0.6462019828125001 0.49282043125 0.6484959234375001
18 0.3182080640625 0.6623409046875001 0.3208399703125 0.6752416734375 0.3260568203125 0.681487621875 0.3475117515625 0.6803632171875 0.47320055937500005 0.6529142218749999 0.482816509375 0.64980253125 0.4887464203125 0.6435312078125001 0.487122603125 0.6125469421874999 0.4531279296875 0.36320311875 0.45063231562499995 0.35290294843750003 0.44573801562500004 0.34481467656250003 0.42386513125 0.3459609859375 0.294098246875 0.3702336421875 0.2903336421875 0.373038678125 0.28579825 0.3797957171875 0.28688858281249996 0.4006005 0.29419676875 0.46541100625 0.3182080640625 0.6623409046875001
22 0.1207673015625 0.3842722375 0.114417753125 0.393732096875 0.11632583437499999 0.4301404640625 0.13802936562499998 0.6949925593749999 0.143246215625 0.7012385078125 0.1568993546875 0.7005229765625 0.2014870828125 0.6929707515625 0.3022289359375 0.6746523921875001 0.3059935421875 0.6718473578124999 0.3099846859375 0.6659011625 0.3060594890625 0.5910039453125 0.294046846875 0.4625503484375 0.28328900625000003 0.3692354859375 0.2800226046875 0.36288731875 0.27598541718749997 0.36049115781249996 0.26428272656249996 0.36110447031250004 0.1207673015625 0.3842722375
26 0 0.5130929671875 0.01236541875 0.7490392046875 0.015359237500000001 0.750186175 0.1136054765625 0.72156764375 0.12127097812500001 0.718558171875 0.1258063703125 0.7118011296875 0.1274842359375 0.7064977171875 0.1265301953125 0.68829353125 0.08518588906249999 0.42186302500000006 0.0804672421875 0.40646387500000003 0.0743737046875 0.4033931625 0.07123440625 0.4035576859375 0 0.42416427187499994 0 0.5130929671875
47 0.43621014999999996 0.296027715625 0.4412907078125 0.299673065625 0.5528751359374999 0.3016483953125 0.5899336546875 0.299706240625 0.5925185984375 0.2930514171875 0.5942388296875001 0.2512374171875 0.597974684375 0.070618584375 0.595240334375 0.018444090625 0.592631909375 0.0153211171875 0.5807929281249999 0.013333832812499998 0.5043165703125 0.0095185671875 0.4729731046875 0.00855346875 0.4417659328125 0.0101889671875 0.4380013265625 0.0129940015625 0.43541638281250006 0.019648823437499997 0.43419895156250005 0.10837580312499999 0.4333056609375 0.27792574999999997 0.43398711875 0.2909287390625 0.43621014999999996 0.296027715625
51 0.6002313421875 0.28534553749999997 0.6033614515625 0.28909310625 0.6093490890625 0.29138704843749996 0.7327724984375 0.2953496625 0.7503265328125 0.29442969531249996 0.7548619249999999 0.28767265468750003 0.7559946234375 0.27196685 0.76608056875 0.0539092484375 0.7639566906249999 0.013383265624999998 0.7629133218749999 0.0121340765625 0.756925684375 0.0098401359375 0.67056079375 0.003935365625 0.643118225 0.002765828125 0.6119110515624999 0.0044013265625 0.6091898171875 0.0084555515625 0.6075119515625 0.013758967187500002 0.606379253125 0.029464771875 0.6017637234375 0.165309165625 0.59900471875 0.2619401578125 0.6002313421875 0.28534553749999997
42 0.77127410625 0 0.7717899796875 0.0098434515625 0.8005199218750001 0.22217250000000002 0.8034244109375 0.240274465625 0.8086412609375 0.2465204125 0.814628896875 0.2488143546875 0.822430690625 0.2484054796875 0.9255318671874999 0.2377866953125 0.9507514046875001 0.23385725468750002 0.9554230875 0.2297008109375 0.95659759375 0.22598842187499998 0.9560660562500001 0.21584609062500001 0.9536512968749999 0.195893040625 0.9205819625 0 0.77127410625 0
38 0.3998685421875 0.3284428625 0.407670334375 0.3280339875 0.4122057265625 0.3212769484375 0.4138835921875 0.3159735328125 0.42819980468749996 0.103996271875 0.42940654375 0.0785075609375 0.4276839703125 0.04563889375 0.41998454062499996 0.040537174999999995 0.2898920359375 0.021277628125 0.2684371046875 0.022402034374999998 0.2639017125 0.029159075 0.2507697578125 0.3010523015625 0.25312908125 0.3087518765625 0.256259190625 0.31249944531249996 0.262246828125 0.3147933875 0.3998685421875 0.3284428625