55 0.0210228578125 0.6531689125 0.089158821875 0.6607597796875 0.0894652453125 0.6603796171874999 0.0925280390625 0.5726726625 0.09145675625000001 0.5110091703124999 0.08986835625 0.5005306859374999 0.0851248453125 0.4964564078125 0.0656963765625 0.49317219687499997 0.009272025 0.48599030625 0.005368153125 0.4858539796875 0.00434674375 0.4871211890625 0.002213040625 0.49225818749999994 0.002165525 0.5495831171875001 0.006610554687500001 0.6461512375 0.00940213125 0.650157353125 0.0210228578125 0.6531689125
55 0.0390427015625 0.8786747500000001 0.0396010171875 0.8794759734375001 0.055867140625 0.880044 0.120547875 0.8671893265625 0.1304893203125 0.8623249812499999 0.1325321390625 0.8597905640624999 0.133380390625 0.835499815625 0.13251459999999998 0.7203821125000001 0.131653275 0.6890829859375 0.1292339078125 0.68561101875 0.120775525 0.6853156453125 0.056094790625 0.69817031875 0.0462442296875 0.7004320828124999 0.03927613125 0.7040973828125 0.03727668125 0.7613541484375 0.03736341875 0.8707988468750001 0.0390427015625 0.8786747500000001
55 0.2667963578125 0.9100798703124999 0.2700301734375 0.8622469234375 0.2744653171875 0.73524100625 0.2701849 0.7290982968749999 0.1885671578125 0.7158251250000001 0.1827113515625 0.7156206359375 0.1780128671875 0.721449796875 0.1769767890625 0.7511192125 0.17446672968750002 0.8677693375000001 0.1754189390625 0.8964658828125 0.1820235015625 0.9032109046875 0.2461647125 0.913268028125 0.263732128125 0.9138814953125 0.2667963578125 0.9100798703124999
55 0.3146784671875 0.8932510953125 0.3156089921875 0.89458646875 0.3234167328125 0.8948591203125 0.40203944687500004 0.8819701625 0.408695059375 0.8760604453124999 0.4095169109375 0.8525256828125001 0.4032034015625 0.708728165625 0.39877199375 0.699713853125 0.3875455734375 0.69932181875 0.3220617640625 0.70980326875 0.312211203125 0.7120650328125 0.309146975 0.7158666578124999 0.31186520624999997 0.86188380625 0.31290830000000003 0.887977771875 0.3146784671875 0.8932510953125
55 0.2582952515625 0.633051928125 0.2631513328125 0.6618848015625 0.265942909375 0.665890915625 0.271798715625 0.6660954046875001 0.3450200421875 0.6399890546875 0.3514739703125 0.6342584234374999 0.35205940625 0.6174937484374999 0.33515194375 0.5028423671875 0.331793378125 0.487090559375 0.329524796875 0.4815392546875 0.31812549843750004 0.4811411828125 0.3054876953125 0.48486906875 0.2639517515625 0.499053125 0.24509027187500002 0.50751460625 0.24454496718750002 0.5231300875 0.2460424828125 0.536211153125 0.2582952515625 0.633051928125
55 0.346943165625 0.6212947828125001 0.3497347421875 0.6253008984374999 0.3825541046875 0.6368699906249999 0.41927733749999996 0.6485754109374999 0.4290370140625 0.6489162265624999 0.4345075984375 0.6321698625 0.45532464062500005 0.5257351765625 0.45645257656249993 0.49343529531249997 0.4521483609375 0.4907722984375 0.3787927796875 0.46475887812499994 0.37488890937499997 0.4646225515625 0.37182468125 0.468424178125 0.3475793546875 0.6030767203125 0.346943165625 0.6212947828125001
55 0.459112584375 0.898555421875 0.4608827515625 0.9038287468749999 0.4618132765625 0.9051641171875 0.5516022953124999 0.9082996187499999 0.55630078125 0.902470459375 0.5568733499999999 0.886074203125 0.5583494046874999 0.743069853125 0.5569427734375 0.727386209375 0.5522901453125 0.72070935 0.4702179828125 0.72044908125 0.46520181875000005 0.72418254375 0.459112584375 0.898555421875
55 0.6971830203125 0.718473009375 0.6929026031250001 0.7123303 0.6299052890625 0.7030948484375 0.6066772609375 0.7022837078124999 0.6042258765625 0.705325009375 0.5968679953125 0.8152914609374999 0.59460498125 0.880095709375 0.5970243484375 0.8835676749999999 0.6572616874999999 0.893488471875 0.684497896875 0.8970453359375 0.6896049453125 0.8907092921875 0.693711246875 0.8178915765625 0.6971830203125 0.718473009375
55 0.6078224 0.6694911968749999 0.6106139765624999 0.6734973125 0.6242775234375 0.673974453125 0.6949107265625 0.6660180046875 0.6975663921875 0.6627232609375 0.698420703125 0.63825900625 0.687448984375 0.5159265765625001 0.6858605859375 0.50544809375 0.6821384828125 0.5001066062499999 0.6674989765625 0.4995953828125 0.65378998125 0.5004195328125001 0.6027670125 0.506455034375 0.5977508484375 0.510188496875 0.5970237765624999 0.5310091375 0.6062340015625 0.6590127140625001 0.6078224 0.6694911968749999
55 0.7214514656250001 0.69508696875 0.7448746875000001 0.6959049265624999 0.803705396875 0.690142078125 0.8092798765625 0.6872098375 0.8102677859374999 0.658919790625 0.796425421875 0.534845490625 0.7922843546875 0.5211509609375 0.7689853453125 0.5203373421874999 0.7195511906250001 0.5256466 0.7077486953125 0.5278402 0.7046844671875 0.5316418265625 0.7044118140625 0.5394495671875 0.7186598890625 0.6910808546875 0.7214514656250001 0.69508696875
55 0.7137203546875 0.7094092171875 0.70763111875 0.88378209375 0.7103318109375001 0.8903907906249999 0.720000603125 0.8933341859375 0.7978053593750001 0.90386845 0.7997572953125001 0.9039366125000001 0.804773459375 0.90020315 0.8066937921875 0.8955798515625 0.8073118031250001 0.8778823078125001 0.8080928015625 0.74918533125 0.8070497078125 0.7230913640625001 0.8023970796875 0.71641450625 0.7479246625 0.7093007796874999 0.7147417640625 0.70814200625 0.7137203546875 0.7094092171875
55 0.820967315625 0.727486009375 0.8199459046875001 0.72875321875 0.8155876140625 0.74162979375 0.8147696578125 0.765053015625 0.817942309375 0.8980572625000001 0.8196215921875 0.905933165625 0.82427421875 0.912610025 0.9138680453125 0.9157387109374999 0.915015003125 0.8828941468749999 0.9105053671875 0.7657904265625 0.9091896203125 0.7475042015625 0.9056492859375 0.7369575546875 0.902857709375 0.7329514390625 0.8248711859375 0.727622334375 0.820967315625 0.727486009375
55 0.8833330953124999 0.690447271875 0.8872369656249999 0.6905835984375 0.8912317203125 0.68811734375 0.8943868343749999 0.6817131390625 0.8967023062499999 0.6713709796875 0.920481128125 0.5472791375 0.9213089999999999 0.523571996875 0.9204715265625 0.5223701625 0.9068988640625 0.5192904421875 0.8850077609375001 0.516571671875 0.8303535703125 0.51466310625 0.829842865625 0.515296709375 0.827618278125 0.5230362859375 0.8028276468750001 0.6733043125 0.8056192234375 0.677310428125 0.8113841453124999 0.6801174984375 0.8833330953124999 0.690447271875
55 0.797362771875 0.47442473124999995 0.8499741390625 0.47886771406250006 0.8753492968750001 0.479753834375 0.87637070625 0.47848662500000005 0.877650928125 0.4754044265625 0.878650653125 0.4467760453125 0.8781450187500001 0.371712671875 0.8774654609375 0.335208384375 0.8747647687500001 0.3285996890625 0.8670479125 0.32572445625 0.834328121875 0.322497253125 0.79255669375 0.32103856249999996 0.7919438484375 0.3217988875 0.7898101453125 0.326935884375 0.7876722953125 0.44412016093749995 0.7888062734375 0.467611546875 0.7915978499999999 0.4716176609375 0.797362771875 0.47442473124999995
55 0.6792741999999999 0.4981825546875 0.7357894359375 0.5027618656249999 0.7376279734375 0.5004808890625 0.742662953125 0.35629794062500003 0.7411515984375 0.349209628125 0.7256270015624999 0.34606174375 0.69057396875 0.3424924859375 0.661099740625 0.3414632234375 0.65823979375 0.3450114078125 0.65601520625 0.35275098437499997 0.6495190656250001 0.4828118359375 0.6511983484375 0.49068773906249996 0.6539899265625 0.4946938546875 0.6792741999999999 0.4981825546875
55 0.60668660625 0.32705545625 0.5421818593750001 0.3274086546875 0.52647549375 0.32946593125 0.523411265625 0.33326755625 0.5228184453125 0.40620796718749996 0.5242684453125 0.4766139609375 0.527060021875 0.48062007500000004 0.5719545312500001 0.48218782656250003 0.603276378125 0.48067585625 0.6072711328125 0.47820960156250003 0.6082925421875001 0.47694239375 0.6115643703125 0.383249503125 0.6114301171875 0.33112973437500004 0.60668660625 0.32705545625
55 0.47091844531250004 0.43735836875 0.475735303125 0.2994216140625 0.47210625312500004 0.2942136625 0.390027378125 0.2913474046875 0.387032746875 0.3771024265625 0.38698523125 0.43442735624999995 0.3897768078125 0.4384334703125 0.40725334062499996 0.44164951874999997 0.4638594625 0.4436262484375 0.4678542171875 0.44115999375000003 0.47091844531250004 0.43735836875
55 0.27127162031249996 0.43494661562500003 0.33372069375 0.4472898265625 0.3359166125 0.447366509375 0.3412686359375 0.445208228125 0.3422900453125 0.4439410171875 0.35188056562500003 0.35398655 0.3537027921875 0.3018048140625 0.3522139515625 0.2996682203125 0.34449709375 0.29679298906249996 0.2839511671875 0.2845162375 0.2724347453125 0.284114075 0.27161761875 0.285127840625 0.26939303125 0.29286741875 0.26221733281250004 0.3864239828125 0.2607631875 0.4280652671875 0.2635547640625 0.4320713828125 0.27127162031249996 0.43494661562500003
55 0.2386306140625 0.44905042812499996 0.23918676093750002 0.44711553281249994 0.24231090156250001 0.3576518359375 0.2425169453125 0.3097783015625 0.2408376625 0.301902396875 0.235258125 0.2984503625 0.155554103125 0.2956670375 0.15504339843749998 0.29630064218749996 0.15662765 0.4188264046875 0.15785251250000001 0.43971520937499997 0.16845183125000002 0.44399397656249995 0.2113035203125 0.4480961453125 0.2386306140625 0.44905042812499996
55 0.0526587984375 0.44398931406250003 0.055450374999999996 0.44799542968750006 0.069113921875 0.4484725703125 0.13361866875 0.448119371875 0.1386348328125 0.44438590937500005 0.1408594203125 0.43664633124999996 0.15293871406249998 0.3145977109375 0.153393134375 0.30158480781249997 0.1506015578125 0.29757869375 0.09009156562500001 0.2954656375 0.07243326562499999 0.2974547515625 0.0693690359375 0.3012563765625 0.0670535640625 0.31159853593750003 0.053385871875000004 0.4231686703125 0.0526587984375 0.44398931406250003
55 0.023170740625 0.4489528015625 0.043470864062499996 0.4496616984375 0.043675145312500004 0.44940825625 0.0449232875 0.41366615468749995 0.042681225 0.32117045 0.04127459375 0.3054868046875 0.0384830171875 0.30148068906250003 0.03230953125 0.2991805046875 0.006934375 0.298294384375 0.0067300921875 0.2985478265625 0.001702384375 0.44252256718750005 0.006066415625 0.446270903125 0.023170740625 0.4489528015625
55 0.0324336765625 0.256450471875 0.0654348078125 0.26281440625 0.0810502890625 0.2633597109375 0.08207169843749999 0.2620925015625 0.0846381375 0.2165814296875 0.0875009875 0.13460015 0.0866159046875 0.1319634875 0.0760165859375 0.1276847203125 0.0248853875 0.11443386250000001 0.0131737765625 0.114024884375 0.0085438796875 0.246607759375 0.015048028124999998 0.2506318453125 0.0324336765625 0.256450471875
55 0.17786628124999998 0.2667406 0.1891875 0.2671359453125 0.19238330312500002 0.26516294218750003 0.1941101015625 0.2157139171875 0.19349974375 0.149245875 0.192183996875 0.13095965 0.191253471875 0.129624278125 0.16987306875 0.1262719046875 0.1340301625 0.1229356390625 0.11294926718750001 0.12219947812500001 0.11029360156250001 0.12549422187499998 0.1093847609375 0.15152002343749998 0.113648021875 0.25329330625 0.11830065000000001 0.259970165625 0.1357771828125 0.2631862140625 0.17786628124999998 0.2667406
55 0.245442378125 0.2539870359375 0.2834458359375 0.26261025781249997 0.286959315625 0.26273295 0.29015511875 0.2607599484375 0.2933102328125 0.254355740625 0.303271309375 0.1789738640625 0.30503029531250003 0.128603090625 0.2987849625 0.1255620984375 0.24300547187500002 0.11110661718749999 0.22856115312499997 0.1106022109375 0.22794830625 0.1113625359375 0.22581460312499999 0.1164995328125 0.2118742578125 0.2358774109375 0.21355354062499998 0.24375331406249998 0.2144840671875 0.24508868593750002 0.245442378125 0.2539870359375
55 0.4189101359375 0.267340775 0.457948840625 0.26870403593750003 0.46389552968750003 0.26630594531249996 0.464406234375 0.265672340625 0.469086765625 0.13163945625 0.46787708281249996 0.1299034734375 0.38940928750000003 0.1271633171875 0.38757074999999996 0.12944429375 0.3858439515625 0.17889331718749998 0.38561466875 0.2414234078125 0.386930415625 0.25970963281250004 0.38972199218750003 0.2637157484375 0.4189101359375 0.267340775
55 0.55544841875 0.2609040546875 0.562143865625 0.2650464953125 0.6146643484375 0.272092059375 0.636135634375 0.272841853125 0.6371570453125 0.27157464375 0.6395634 0.25862990625000004 0.6451219828125 0.1945921796875 0.647089625 0.138246315625 0.6448563625 0.1350414234375 0.580715153125 0.1249843015625 0.5709554781249999 0.1246434859375 0.5678912484375 0.12844511249999999 0.556539028125 0.22967309062500002 0.55544841875 0.2609040546875
55 0.7022335328125 0.27723464531249997 0.7178490046875 0.27777995 0.7694528093749999 0.2774973921875 0.7725170390625 0.273695765625 0.7756504671875 0.2399303859375 0.77719466875 0.2180959765625 0.77993936875 0.1394980515625 0.7786366328125001 0.13762853125000002 0.7626307734375 0.13706959375 0.7000961296875 0.1369704390625 0.6970319 0.140772065625 0.6923534421875 0.2187813109375 0.6904448765625 0.273435496875 0.6913754015625 0.27477086875 0.7022335328125 0.27723464531249997
55 0.8276050921874999 0.26597819375 0.8764034734375 0.2676822703125 0.881510521875 0.2613462265625 0.8839168765625001 0.2484014890625 0.8987109421874999 0.1409530328125 0.8989760203125 0.133362175 0.8968358125 0.13029081874999998 0.89140675 0.12905893125 0.8156716609375 0.126414203125 0.8138331234375 0.1286951796875 0.8057961 0.1909526171875 0.7999836625000001 0.24547047656249998 0.7995292421875 0.2584833765625 0.8023208187499999 0.2624894921875 0.8276050921874999 0.26597819375