46 0.183358984375 0.20365260625 0.17174444375 0.236936928125 0.161634325 0.27466840625 0.1620363125 0.2751805234375 0.186436 0.28171840000000004 0.2627631546875 0.2946887109375 0.27031550000000004 0.291657296875 0.28986769843750004 0.2277430515625 0.2921930171875 0.21906484375000002 0.2935687734375 0.2048748984375 0.292563809375 0.20359460624999998 0.27747121875 0.199550559375 0.2004917453125 0.18499004375 0.1904239703125 0.18734745 0.183358984375 0.20365260625
50 0.314040721875 0.297509565625 0.3170556109375 0.3013504375 0.3316426953125 0.307281059375 0.41213651406249996 0.3288493140625 0.41767288281250003 0.32831075468750004 0.422709796875 0.3246053328125 0.45141810624999995 0.25268050937500003 0.45451432968749994 0.2411252484375 0.452504403125 0.2385646671875 0.35691799375 0.212952365625 0.35188108125 0.21665778906250002 0.3337191609375 0.254253815625 0.315051734375 0.2937364171875 0.314040721875 0.297509565625
41 0.491594696875 0.24863447500000002 0.47795813593750003 0.2894650921875 0.4658259921875 0.334742865625 0.46733041093749994 0.339190021875 0.532731640625 0.35671422812500003 0.5543655625 0.3615000078125 0.5724790921875 0.3643314890625 0.5765110421874999 0.359345775 0.5851046390625 0.3272740375 0.59168226875 0.2976951203125 0.5952329093750001 0.2743822265625 0.5922180203125 0.270541353125 0.5544865437500001 0.26043123437500004 0.5036724 0.24883765000000002 0.491594696875 0.24863447500000002
41 0.7240097875 0.69832966875 0.7204712453125001 0.7115356859374999 0.7137907875 0.8270230421875 0.7132731828125001 0.83901649375 0.714777603125 0.8434636484375 0.7167875296874999 0.84602423125 0.788477334375 0.86523345625 0.8496059593749999 0.8785797859375 0.853533178125 0.8770034499999999 0.8571494906250001 0.8635071875 0.85581115625 0.7397118109374999 0.8538133296874999 0.7270443515625 0.8482830078125 0.7225294703125 0.8357058484375001 0.71915943125 0.72854119375 0.6965108203125 0.7240097875 0.69832966875
50 0.9003091546875 0.730605965625 0.8957777484375 0.7324248156250001 0.8578648015624999 0.87391785625 0.8608796906249999 0.877758728125 0.8659105546875001 0.8791067437500001 0.8739623562500001 0.87924219375 0.88202020625 0.8743242062500001 0.8966435859375 0.8499341953125 0.9501062359375 0.7510261375 0.9486018171874999 0.74657898125 0.9475968531250001 0.745298690625 0.9154017453125001 0.7346500140625001 0.9003091546875 0.730605965625
21 0.886999140625 0.70884134375 0.8945454359375 0.7108633671875 0.9438521359375001 0.7205365171875 0.9514044796875 0.7175051015625 0.9711401640625 0.66145855 0.98727423125 0.6012453921875001 0.9867717484374999 0.600605246875 0.9540711359375 0.59184314375 0.920865015625 0.5849676140625 0.9163336093750001 0.5867864625 0.884486734375 0.7056406171875 0.886999140625 0.70884134375
21 0.2564960921875 0.317071540625 0.24391893125 0.31370149999999997 0.1780121984375 0.2980638671875 0.15486780625000002 0.2938843703125 0.14983089375 0.29758979375 0.14478793125 0.3063486546875 0.1099806078125 0.3758809875 0.1059365609375 0.3909735796875 0.10774549375 0.393278103125 0.1746559828125 0.41120671406250003 0.2100742296875 0.41988819531250005 0.2156105984375 0.4193496375 0.22064751093749999 0.41564421406249996 0.2569834515625 0.33034528281250003 0.25951098125 0.3209124125 0.2564960921875 0.317071540625
17 0.7531175109375 0.5554882875 0.7516070421875 0.5560945703125 0.7440486484375 0.5641794234375 0.689587084375 0.6567537531250001 0.6865540484375 0.6680731953125 0.6875590109374999 0.6693534859375 0.6920843671875 0.6725880765625 0.7142177484375 0.680540721875 0.7606238359375 0.69600823125 0.8103036156250001 0.7093198875 0.8133245546874999 0.708107321875 0.868303721875 0.6035395421875 0.869820240625 0.5978798203125 0.8647954265625 0.591478365625 0.7757563984375 0.561554359375 0.7531175109375 0.5554882875
17 0.40383698749999997 0.45158653125 0.4084709484375 0.44817754374999996 0.4155601265625 0.41165863125 0.42670545625 0.34994025156249997 0.42369056718750003 0.346099378125 0.41916520625000003 0.3428647890625 0.3363112390625 0.3170244921875 0.3261656640625 0.31430599375 0.320058403125 0.3152981890625 0.29377209375 0.41340002968749995 0.29628147656250003 0.4191274765625 0.315899425 0.42640611406250006 0.3859271109375 0.44678759531249995 0.40383698749999997 0.45158653125
29 1 0.3477258328125 0.9630572671875001 0.33694844218750003 0.9585258609375 0.3387672921875 0.93375606875 0.4312094109375 0.9347610312500001 0.432489703125 1 0.45185690625 1 0.3477258328125
29 0.193999996875 0.7314212343750001 0.290274759375 0.7705633359374999 0.30234883125 0.7737985734375 0.3056718625 0.7724647515624999 0.30919830625 0.7693656109375 0.346569453125 0.6600797765624999 0.352635525 0.6374408890625001 0.3516305609375 0.6361605984375001 0.34710520312500004 0.632926009375 0.32547732812499997 0.6230867890625 0.2461373890625 0.590504384375 0.23859109374999998 0.588482359375 0.23342341093750002 0.589321909375 0.22888595625 0.596194196875 0.1834630078125 0.7053445828125 0.1789134546875 0.722323746875 0.17991841875 0.7236040390625 0.193999996875 0.7314212343750001
33 0.3983948 0.7833578234374999 0.510664090625 0.7982751109375 0.5142892156250001 0.79682003125 0.5188387703124999 0.779840865625 0.5218759562499999 0.6809689046875 0.52140674375 0.652534846875 0.5185928484375 0.6489500328125 0.50432675625 0.6451274453125 0.4016588796875 0.631569634375 0.3946120421875 0.632714475 0.3905800921875 0.6377001890625 0.37833906875 0.7739398578125 0.382358921875 0.779061021875 0.3983948 0.7833578234374999
1 0.603464003125 0.671286784375 0.5908868421875 0.6679167453125 0.5838400046875 0.6690615859375 0.5243112828125 0.79060853125 0.521783753125 0.8000413999999999 0.5268085671875 0.8064428546875 0.6161508984374999 0.8352349171875 0.652876203125 0.8450754328125001 0.6586159859375 0.8427715578124999 0.6798109421875 0.7938560875 0.7050499453125 0.729848025 0.7106105109375 0.7090957125 0.707595621875 0.7052548390625 0.603464003125 0.671286784375
1 0.6310453640625 0.37416040625 0.632549784375 0.37860756093750003 0.734424771875 0.40590488281250003 0.7397083890625 0.40630961093750007 0.7403125765625 0.4060670984375 0.7539865125 0.355035275 0.7604522796875 0.313799765625 0.757437390625 0.30995889375 0.71467505 0.298500759375 0.65883004375 0.28555915781249996 0.6542986375 0.2873780078125 0.6310453640625 0.37416040625
33 0.7913042984375 0.3113498140625 0.783252496875 0.31121436406249997 0.7787210906250001 0.3130332125 0.7777100781249999 0.3168063609375 0.7715714203124999 0.4000865109375 0.7725703328125 0.406420240625 0.775585221875 0.4102611125 0.8802344453125001 0.4322357171875 0.8841616640625001 0.4306593828125 0.8878518578125 0.4168873890625 0.8883285890625 0.3969970953125 0.8883890796875 0.346462709375 0.8878956703125 0.33824240625 0.8853862875 0.332514959375 0.8577165375 0.32510087187500003 0.7913042984375 0.3113498140625
13 0.4550348640625 0.436895528125 0.45048531093750005 0.4538746921875 0.4535002 0.45771556562500004 0.4605409890625 0.4616241625 0.5234854359375001 0.48202861874999997 0.5609024859375 0.4920544859375 0.5616577203124999 0.49175134531250003 0.564302553125 0.489426990625 0.5912839328125 0.388731109375 0.588455584375 0.38670949062500004 0.49438569218749995 0.35543746718749997 0.49187026093749997 0.354763459375 0.4873388546875 0.356582309375 0.48381240937500003 0.3596814484375 0.4550348640625 0.436895528125
13 0.5637528421875 0.633348890625 0.5680139046875 0.6411633171875 0.5727752578125 0.64243911875 0.6583342890625 0.6576809015625 0.6870150515625 0.661321840625 0.6900359890625001 0.660109275 0.6940800359375 0.6450166859375 0.6940860859375 0.6399632453125 0.6921850421875 0.5464407671875 0.6916916328125 0.5382204640625 0.6893830000000001 0.5329512125 0.667850903125 0.5271817046875 0.57849115 0.5129435453125 0.57295478125 0.513482103125 0.5714443124999999 0.5140883859375001 0.567905771875 0.527294403125 0.56428254375 0.6112485624999999 0.5637528421875 0.633348890625
9 0.6646369578125 0.5214676734375 0.75258565 0.5373497640625 0.768183746875 0.5395072375 0.774384965625 0.538499778125 0.7777364703125 0.52599179375 0.777325196875 0.4701748375 0.7758570703125 0.43540704999999996 0.7738531937500001 0.4277930296875 0.7702329078125 0.4252053578125 0.7603724140625 0.42256324687499996 0.6661830328125 0.40703099218750005 0.661651625 0.408849840625 0.6581130843749999 0.4220558578125 0.6549832640625 0.5142303187499999 0.6596060953125 0.5201196578125 0.6646369578125 0.5214676734375
9 0.431713759375 0.496261328125 0.430203290625 0.4968676109375 0.4236317140625 0.5213930718750001 0.4089236484375 0.6165312234375 0.4158606765625 0.6230406484375 0.42099215624999997 0.6244156249999999 0.5296704265625001 0.6438301656250001 0.5366185828125001 0.6410412640625001 0.5390305703125 0.6320396046875 0.5489340921875 0.526659409375 0.547935178125 0.5203256796875 0.5449202890625 0.5164848078125 0.5273122671875 0.5117667531250001 0.43976556093749997 0.496396778125 0.431713759375 0.496261328125
5 0.33655685 0.5953207765624999 0.3404840703125 0.593744440625 0.3639857359375 0.530686265625 0.37774813281249997 0.479324303125 0.3733359078125 0.47617057812499997 0.2838676453125 0.440469890625 0.27011661875000004 0.4367853140625 0.2661894 0.43836164999999994 0.22430499375 0.53430601875 0.2207664515625 0.5475120359375001 0.223781340625 0.5513529078125 0.31808639375 0.5903716328125 0.33655685 0.5953207765624999
5 0.8514295953125 0.44817515781250006 0.8452667406250001 0.5516690640624999 0.8472766671875 0.5542296453125 0.9051316 0.569731828125 0.96198156875 0.5839537203125 0.9683255374999999 0.58140733125 0.9700846984375 0.57484205625 0.971171409375 0.474193809375 0.9661465953124999 0.4677923546875 0.8876627015624999 0.4487846828125 0.8569720125 0.44258316249999996 0.8524406062500001 0.4444020109375 0.8514295953125 0.44817515781250006
37 0.07039975468750001 0.4813394953125 0.0174668046875 0.558147225 0.0038544375 0.5787640875 0.0018324140624999998 0.586310384375 0.0028373765624999997 0.5875906750000001 0.0123935984375 0.5921732796875 0.0764805109375 0.614602578125 0.12024902500000001 0.626330315625 0.12357205625 0.62499649375 0.1281095125 0.61812420625 0.18105455937499998 0.5312096000000001 0.19104179999999998 0.5120478203125 0.191749509375 0.5094066125000001 0.18913660625 0.50607785625 0.16951865625 0.49879921875 0.11267473593749999 0.4795238890625 0.0824895546875 0.47143579375 0.0779581484375 0.4732546421875 0.07039975468750001 0.4813394953125