49 0.45104476875 0.370553928125 0.4522411625 0.4193070578125 0.45862635625000003 0.5547985265625 0.4626187625 0.5927837375 0.46607682031250003 0.597657303125 0.4780943203125 0.5998855609375 0.6055088453125 0.6036013609374999 0.6296337671875001 0.6010657296875 0.630265559375 0.5996027859375 0.6314820937500001 0.592492228125 0.6228116671875 0.3978880265625 0.6220857750000001 0.390981625 0.6182647718750001 0.3826548578125 0.6120745484375 0.379814128125 0.5981146234375 0.377790028125 0.46426707343749996 0.3607849734375 0.4548355203125 0.3617762703125 0.45104476875 0.370553928125
45 0.638871409375 0.6702709140625001 0.6268539093750001 0.66804265625 0.517352184375 0.6725690546875 0.4785036734375 0.676652196875 0.47455497500000005 0.68579559375 0.4755161171875 0.7136253578125 0.4830607109375 0.8321201203124999 0.4918923984375 0.9161480109375001 0.49362142656249997 0.91858479375 0.598512415625 0.9075603062500001 0.655056146875 0.898998809375 0.6585780515625 0.8951372937500001 0.6605843250000001 0.8861980562499999 0.64753840625 0.7060191312499999 0.6442718921874999 0.6749403218750001 0.638871409375 0.6702709140625001
40 0.359833428125 1 0.451683878125 0.9801634343750001 0.46103305937499994 0.9756894484374999 0.46340227812499996 0.9702034093749999 0.463167028125 0.949280046875 0.44830637968750003 0.7518351187500001 0.4468545953125 0.7380223140625 0.4430335921875 0.729695546875 0.43878579531249995 0.726650659375 0.337779665625 0.7372668328125 0.2449061828125 0.7505195765625 0.24132043125 0.7631161734374999 0.255661534375 0.9705660515625001 0.2587551671875 1 0.359833428125 1
44 0.23187463125000002 0.3705467421875 0.19035780156249998 0.367927640625 0.186835896875 0.37178915468749996 0.1848296234375 0.3807283921875 0.1943958015625 0.5969346828125001 0.1974393640625 0.6258922390625 0.19930718593750002 0.630583809375 0.20470766875000002 0.63525321875 0.22837972187500002 0.636256534375 0.364466121875 0.6352204 0.40496570312499997 0.6309637218749999 0.40859850625 0.6225517984375 0.3972597640625 0.42124535312500005 0.3943561953125 0.3936197453125 0.3908981375 0.38874617968749997 0.38276548906249996 0.38610960625 0.23187463125000002 0.3705467421875
44 0.5828161859375001 0.0098823953125 0.559507078125 0.01233228125 0.42887392343749997 0.040027771875 0.42535201875000006 0.0438892875 0.4230571375 0.051951109375000006 0.44634375625 0.2735084859375 0.449196653125 0.277529178125 0.46386682500000004 0.2759872796875 0.541454046875 0.2516414078125 0.60215988125 0.2312955734375 0.6064715265625 0.22560538125 0.6076880609375 0.21849482187499997 0.5862742437499999 0.0147559625 0.5828161859375001 0.0098823953125
36 0.15132503125000002 0.14229943750000001 0.1669182578125 0.26076290156250004 0.1726816859375 0.2688855109375 0.3344944703125 0.2613049421875 0.3710120796875 0.25746678749999996 0.3734774125 0.2547637265625 0.37426715312500003 0.252935046875 0.365556446875 0.170058221875 0.35236269375 0.063213146875 0.346064915625 0.02197889375 0.3426068578125 0.017105326562500002 0.3385714515625 0.014212684375000001 0.142095103125 0.03486318125 0.14043665 0.03870340625 0.15132503125000002 0.14229943750000001
37 0.8634174765625 0.6251983796875 0.8556477750000001 0.6260150078125 0.851699075 0.6351584031249999 0.8527677734375001 0.7013816937499999 0.8541540390625 0.7454015453125 0.8627558609375001 0.8272424109375001 0.8631016671875 0.8277297656249999 0.8774245374999999 0.83320706875 0.9587510218749999 0.8595727921874999 0.97695874375 0.8646417812499999 0.9847284453125 0.8638251531250001 0.9870976656250001 0.8583391140625001 0.980604915625 0.6844541203125 0.9779365984374999 0.6777518765625 0.974478540625 0.6728783093749999 0.8777403484375 0.63067568125 0.8634174765625 0.6251983796875
46 1 0.8501211937500001 0.9970961109375001 0.8460286390625 0.989326409375 0.8468452671875 0.8881925828125 0.8749316 0.8846706781250001 0.878793115625 0.8826644046875 0.8877323546874999 0.885322653125 0.92236644375 0.8891335859374999 0.9586250546875 0.8912660546875 0.9616304203125001 1 0.9502020218749999 1 0.8501211937500001
17 0.7340818859375 0.7409140328125 0.708830353125 0.743568075 0.706461134375 0.7490541125 0.7052446015625 0.7561646718749999 0.7075298328125 0.8152774031250001 0.7127401437499999 0.9096944484374999 0.717690728125 0.9567961109375 0.7223467734375 0.9655937265625001 0.829859046875 0.957086809375 0.8570529796875 0.9542286125 0.8606857828125 0.9458166890624999 0.8499452359375 0.76888680625 0.847767559375 0.7481676015625001 0.8423670765625 0.74349819375 0.798907821875 0.7410832484375 0.7340818859375 0.7409140328125
21 0.7026081 0.492844990625 0.68318384375 0.49488656249999996 0.6788722 0.50057675625 0.6783173671875 0.5074432015625 0.6956117468749999 0.6719882296875 0.7006489625000001 0.70776881875 0.703069603125 0.7111803140624999 0.8208777156249999 0.6987981828125001 0.8377714390625 0.6951023390625 0.8401406578125 0.689616303125 0.8194527328125 0.49278384375 0.818300046875 0.491159321875 0.8140522499999999 0.4881144359375 0.7026081 0.492844990625
25 0.6578745859375 0.28304696875 0.6580627875 0.299785659375 0.6648861734375 0.3647058390625 0.6801419906249999 0.47622206718750004 0.6831732546875 0.4863775140625 0.685680346875 0.48991084999999995 0.71090759375 0.487259359375 0.75352736875 0.4737459765625 0.8142332031249999 0.45340014375 0.8181999171875001 0.44816516562500003 0.8140913671875 0.4090749296875 0.79627744375 0.25453485 0.7928193859375 0.24966128125 0.7636830031249999 0.2527236390625 0.677362690625 0.27227031562500004 0.66024380625 0.2775609296875 0.6578745859375 0.28304696875
29 0.77672050625 0.0058679234375 0.6757143765625 0.0164840953125 0.6430560875 0.0234079671875 0.6406868671875 0.028894004687500002 0.6398332812499999 0.039457765625 0.6428171734375 0.07999292031250001 0.6590227140625 0.2341783453125 0.6616738921875001 0.23791474687499997 0.6810981468749999 0.235873175 0.7596487578125 0.21714312812499997 0.7919441 0.20676605312500002 0.7943133203125 0.201280015625 0.794441015625 0.1838098546875 0.7778731921875 0.0074924453125 0.77672050625 0.0058679234375