4 0.184964490625 0.7618637140625 0.1917697296875 0.69711619375 0.197098496875 0.6155859453125 0.19098053125 0.60839664375 0.1763269890625 0.605809090625 0.1162089078125 0.5994904265625001 0.11384640625 0.6042172875 0.10718900312499999 0.7422986578125 0.10858700937500002 0.7476826156249999 0.114977184375 0.7522820171875 0.1846322953125 0.762221575 0.184964490625 0.7618637140625
16 0.23777876562500003 0.468642596875 0.24148081562499998 0.43341994687499996 0.2451882640625 0.345827640625 0.24379025781250002 0.34044368281250004 0.24097334843749998 0.3376600265625 0.1720819890625 0.330419253125 0.1704210125 0.3322085625 0.1696769734375 0.3392876234375 0.1654614 0.43171441093749996 0.164953940625 0.455227675 0.166351946875 0.460611634375 0.1688572703125 0.46480272187500005 0.23489974062500002 0.4717440640625 0.23777876562500003 0.468642596875
36 0.2120953453125 0.189821159375 0.21454523124999997 0.166512053125 0.21342682656249998 0.1622048875 0.21259171875 0.16080785625 0.182057328125 0.152361540625 0.1531931546875 0.1467092828125 0.1454234515625 0.14589265468749998 0.1425444265625 0.148994121875 0.1322004640625 0.24741035 0.1317944953125 0.26622096093750003 0.13429981875000002 0.2704120484375 0.153451865625 0.2750435203125 0.19785544375 0.2823290375 0.201177396875 0.278750421875 0.2120953453125 0.189821159375
45 0.28727255 0.2967023234375 0.29451332343750003 0.22781096562499997 0.29775027187499997 0.182065384375 0.29524494687499997 0.1778742984375 0.2896898796875 0.174671925 0.22753226249999997 0.168138896875 0.226867871875 0.16885461875000002 0.22452686875 0.1911277671875 0.21693456875 0.2783117578125 0.21806036562500003 0.2862856171875 0.22056569062500003 0.2904767046875 0.2436025875 0.29551649062499996 0.284393525 0.299803790625 0.28727255 0.2967023234375
16 0.25913688281249997 0.45975875312500003 0.259971990625 0.4611557828125 0.27356896875 0.4625848828125 0.3129619 0.4614882234375 0.3287735140625 0.46053158125 0.3331955921875 0.4576970359375 0.338813996875 0.40424148281249994 0.3426746796875 0.33761337187499996 0.3409378796875 0.3293134421875 0.3204036734375 0.327155209375 0.285781440625 0.327705884375 0.2719122515625 0.3288666859375 0.26859029843750004 0.3324453015625 0.26369052656249997 0.379063515625 0.2577388765625 0.45437479375 0.25913688281249997 0.45975875312500003
49 0.3887992859375 0.1939916796875 0.38740127812499997 0.188607721875 0.38656617031249996 0.18721069375 0.36935655 0.182783378125 0.33466509843750003 0.17651865 0.31912569375 0.17488539218750002 0.3158037421875 0.1784640078125 0.303826521875 0.29241964062500003 0.305224528125 0.2978035984375 0.30605963593749996 0.2992006296875 0.3368662359375 0.30505704375 0.371829896875 0.308731871875 0.37515185 0.30515325625 0.3887992859375 0.1939916796875
40 0.4596067078125 0.293867284375 0.463818209375 0.29116771875 0.47043290156250006 0.22823312968749998 0.47163936562500003 0.20741184375000002 0.47323566406250006 0.17353897812500002 0.4712314046875 0.17018610781250001 0.46103366875 0.16911428281250002 0.40608587656250006 0.1677905046875 0.4005492890625 0.173754865625 0.3924569203125 0.2881188125 0.39496224375 0.2923099 0.404674371875 0.2933306859375 0.4596067078125 0.293867284375
40 0.516348159375 0.8340073265625 0.535772415625 0.8360488984375 0.5787779875 0.8379504546875 0.5926471765625 0.8367896531250001 0.5953047375 0.8339267609375 0.5992789968750001 0.796114209375 0.6031709515625 0.6899498656249999 0.6010271609375 0.68344011875 0.5550693828125 0.6786097609375 0.5268534546875 0.6780008078125 0.523531503125 0.6815794234375 0.515983553125 0.79076356875 0.5141150453125001 0.8272263390625 0.5155130515625 0.832610296875 0.516348159375 0.8340073265625
45 0.632737759375 0.8514773890624999 0.6782301765625001 0.8484033 0.6822165203125 0.8441089625 0.6835503468749999 0.8314184484375 0.6816025859375 0.732234009375 0.67958624375 0.6953629265625 0.6772479406249999 0.6914512453125 0.6677300625 0.690450875 0.6060647609375 0.694181784375 0.6027428078125 0.6977604000000001 0.599314959375 0.7864294984375 0.6008238421875001 0.8468138453125 0.6033291671875001 0.8510049328125 0.632737759375 0.8514773890624999
49 0.74715469375 0.8606227296875 0.7504803421874999 0.8588774609375 0.7546189234375 0.8475291421875 0.7634035453125 0.8013192437500001 0.7715664578125 0.7563532546875 0.776942596875 0.7052027140625 0.7768590859375 0.7050630109375 0.7003275171875 0.6970192187500001 0.6974484921874999 0.7001206859375 0.6845437671875 0.766845634375 0.6722204203125 0.8467242453124999 0.67472574375 0.8509153312500001 0.6978170875 0.8554371375 0.74715469375 0.8606227296875
8 0.412103475 0.6963148265625 0.407512871875 0.758676603125 0.4040850234375 0.8473457015625 0.4065903484375 0.8515367875000001 0.4182449015625 0.85276173125 0.48094693906249997 0.8541149593749999 0.48370246406249995 0.8493857625000001 0.486964440625 0.81835011875 0.49453893750000005 0.7154531890625 0.49422976875 0.6997096265625 0.49172444375 0.695518540625 0.44677644687500007 0.6934128265624999 0.417367853125 0.69294036875 0.412103475 0.6963148265625
8 0.4401696609375 0.3405286765625 0.43962524218750004 0.3457084765625 0.44874249375 0.464499740625 0.44957760156250004 0.4658967703125 0.4612321546875 0.4671217125 0.5191957546875 0.457502865625 0.520303071875 0.45630999531249994 0.5220996546875 0.4392166484375 0.5158872999999999 0.33015734218750004 0.5133819749999999 0.3259662546875 0.5075546984375 0.325353784375 0.45763301093750003 0.333199359375 0.4434916125 0.3369500609375 0.4401696609375 0.3405286765625
4 0.5339498328125 0.35169462500000004 0.5286854546875001 0.3550690828125 0.527868825 0.362838784375 0.5336086875 0.4577084703125 0.5353158609374999 0.47883599062500004 0.5378211859375 0.483027078125 0.5455908875000001 0.48384370624999995 0.597455 0.47620228750000004 0.6054969125 0.47442901718749997 0.60826520625 0.4714468375 0.60977208125 0.45710988593749996 0.6061102671875 0.3658252703125 0.6041308828124999 0.34728765 0.6016255593750001 0.3430965625 0.59191343125 0.3420757765625 0.58192909375 0.3436448921875 0.5339498328125 0.35169462500000004
12 0.4223656625 0.4678809265625 0.42513395625 0.46489874843749995 0.4373153328125 0.3490006875 0.43708345625 0.337193015625 0.434266546875 0.3344093609375 0.367123375 0.32735232812500004 0.3643786015625 0.3282421734375 0.363271284375 0.32943504375 0.357010465625 0.3890027609375 0.35214765312499996 0.4539544390625 0.35632319218749997 0.460939584375 0.4223656625 0.4678809265625
12 0.3674961734375 0.8563307625000001 0.371344065625 0.838405615625 0.39248899375 0.7306505671875 0.39439446093749997 0.7125212640624999 0.39188913593749997 0.7083301765625001 0.38439164375 0.704923646875 0.3443121390625 0.69573595 0.3186721296875 0.693041075 0.3177862765625 0.6939953734375 0.31529943125000004 0.6989710171875 0.288364184375 0.82444705625 0.2864587171875 0.8425763609375 0.2889640421875 0.8467674484375 0.30228881093750004 0.85078645 0.3558600984375 0.8642725531250001 0.361687375 0.8648850234375001 0.36500932812500003 0.8613064078124999 0.3674961734375 0.8563307625000001
0 0.565411315625 0.191562621875 0.55772680625 0.187132675 0.4975116125 0.180803803125 0.49418965937500003 0.18438241718749998 0.48194023125 0.300927953125 0.48638797968749997 0.305323196875 0.550488025 0.31206038281250004 0.5536609359375 0.30336000625000004 0.565411315625 0.191562621875
0 0.6526540859375001 0.6778685796875 0.671340215625 0.679832571875 0.6746468453125 0.6741575375 0.6817982109375 0.6434870421875 0.6958194921875 0.5801525875 0.700116515625 0.539269153125 0.6960085453125 0.5363123953125 0.651045759375 0.5268732953125 0.6281251421875 0.5244642421875 0.625246115625 0.5275657093749999 0.6189113796875 0.5504665015625 0.597494240625 0.6608114484375001 0.599999565625 0.665002534375 0.609439484375 0.668613221875 0.6526540859375001 0.6778685796875
32 0.576644565625 0.316380653125 0.5898530515625 0.3177689203125 0.639796921875 0.32092342500000004 0.6451120453125 0.3151976390625 0.645656465625 0.3100178375 0.6517926203125 0.216134521875 0.6514834515625 0.200390959375 0.649312171875 0.196758684375 0.61396003125 0.19304302499999998 0.5826634484375 0.1918484296875 0.5815561312499999 0.193041303125 0.5761119406249999 0.2448393171875 0.5712491281250001 0.30979099374999997 0.5737544515625 0.31398208125 0.576644565625 0.316380653125
32 0.5570838390625 0.6709659546875 0.5592852453125 0.6711973328124999 0.5646003703125 0.6654715484375 0.5717517359375 0.634801053125 0.5824896671875 0.58215198125 0.5879100390625001 0.5305805828125 0.5820772187500001 0.5272180921875 0.5265362890625 0.5137868234375 0.5185723390625 0.5129497781250001 0.513257215625 0.5186755625 0.49102344843749995 0.6367902109375 0.4896624015625 0.6497397171875 0.492167725 0.653930803125 0.49966521718749995 0.65733733125 0.5570838390625 0.6709659546875
28 0.7290278515625 0.33239678125 0.7323498046875 0.328818165625 0.7503688703125 0.22557882343750002 0.7515121515625001 0.214701240625 0.7495914031249999 0.21148807343749998 0.74037665 0.20947215937500002 0.6805499359375 0.20318411875 0.6785567640625 0.20533128750000001 0.674708871875 0.2232564359375 0.66292994375 0.29795524375000004 0.6604800578125001 0.3212643515625 0.6629853828125001 0.3254554375 0.7290278515625 0.33239678125
28 0.48100751875 0.643331178125 0.4842888171875 0.6195857546875 0.4944694546875 0.522723465625 0.492966259375 0.5202088125000001 0.43135306093750003 0.5084959828125 0.4235833578125 0.5076793546875 0.41804677031250004 0.5136437140625 0.40389187499999996 0.648318553125 0.40833962343749997 0.652713796875 0.47410988437499996 0.662245040625 0.4774318359375 0.6586664265625 0.48100751875 0.643331178125
24 0.3829550078125 0.6597342578125 0.39324132968750003 0.57401175 0.39829081718750003 0.5259690890625001 0.3973821125 0.5224695171875 0.39654700468750004 0.5210724890625 0.344645934375 0.51038044375 0.3232792515625 0.5081347140625 0.3199573 0.5117133296875 0.305802403125 0.6463881703125 0.30997794375 0.653373315625 0.3485542453125 0.660046359375 0.3796330546875 0.6633128734375 0.3829550078125 0.6597342578125
24 0.7572901437499999 0.33536726875 0.8023544140625001 0.3401037140625 0.8258812921875001 0.3404816796875 0.826988609375 0.33928880625 0.8283681359375 0.335506034375 0.8298199203125 0.3216932296875 0.83018120625 0.2715430734375 0.8297981203125 0.2191325875 0.8276268390625001 0.2155003109375 0.8140298687499999 0.21407121093749998 0.7609781171875001 0.21059005625 0.7576561640625 0.214168671875 0.7560229078125 0.2297080765625 0.7542652750000001 0.3211712328125 0.7551188625 0.3317349921875 0.7572901437499999 0.33536726875
20 0.22141375000000002 0.65610999375 0.28357136875 0.6626430234375 0.2846786859375 0.6614501500000001 0.2890340390625 0.6200117390625 0.29580231874999996 0.5369307562500001 0.29549315 0.5211871953125 0.2910454 0.51679195 0.272507009375 0.513796084375 0.2208384765625 0.5083655015625 0.21917565468750003 0.5092381359375 0.21806833593750002 0.510431009375 0.21398519375 0.5492795203124999 0.20946850781249998 0.6483082203125 0.21197383125 0.6524993078125 0.22141375000000002 0.65610999375
16 0.186604609375 0.811656884375 0.18743971718750002 0.8130539140625 0.263194315625 0.8210160421875001 0.268730903125 0.8150516828125 0.2728510046875 0.794536634375 0.2785932765625 0.7529821421875 0.2876306328125 0.6669974359374999 0.2872965890625 0.666438625 0.284767740625 0.6643398734375 0.2593219703125 0.661665415625 0.2115419921875 0.6584764953125 0.210434675 0.6596693671875 0.2076756203125 0.6672349125 0.185751021875 0.8010931234375 0.18520660312499998 0.806272925 0.186604609375 0.811656884375
44 0.7140579984375 0.49631329218750003 0.7232042390625 0.4092926265625 0.7257952750000001 0.3734295015625 0.7235621609375 0.36664851249999997 0.6884005578125 0.36111992187499997 0.653242659375 0.3574246765625 0.65279973125 0.35790182656249997 0.6380634578125 0.4794230046875 0.6400243624999999 0.48879389375000004 0.6455794296875 0.491996265625 0.7116219 0.498937609375 0.7140579984375 0.49631329218750003
44 0.7501982015624999 0.505610653125 0.7901725093749999 0.51766765625 0.8132094078125001 0.5227074421875 0.8168035687499999 0.5165389265625 0.8274046046875 0.4493099984375 0.833389325 0.39236918125 0.827364303125 0.388032603125 0.779027984375 0.3737874609375 0.7632457796875001 0.372128684375 0.7610311453125 0.374514428125 0.75691104375 0.3950294765625 0.7421008515625 0.47988373125 0.740195384375 0.4980130375 0.742700709375 0.5022041234375 0.7501982015624999 0.505610653125
44 0.8032741328125 0.6889860640625 0.81873583125 0.6906111546875 0.8702225546875001 0.68842894375 0.8782644671875 0.6866556734375 0.8795932484375 0.6852242265624999 0.8942381203125 0.5458875640625 0.8934030125 0.5444905359375001 0.8759211796875 0.542653121875 0.859942546875 0.543330359375 0.8183349812499999 0.5468127609375 0.813070603125 0.5501872203125 0.807354203125 0.6045751359375 0.8011303421875 0.682476315625 0.8032741328125 0.6889860640625
44 0.70328888125 0.6865945765625 0.7110585828125 0.6874112046875 0.7640484921875 0.687743646875 0.77791768125 0.6865828453125 0.7790249984375001 0.685389975 0.78065825625 0.6698505703125 0.7806212968749999 0.65151710625 0.778494078125 0.5596456375 0.7779127 0.546491975 0.7759084406250001 0.5431391062500001 0.7419159953125 0.53956635625 0.7226896765624999 0.539378546875 0.7029932109375 0.5399268765625 0.6996712578125 0.5435054921875 0.6993855499999999 0.67701953125 0.70078355625 0.6824034890624999 0.70328888125 0.6865945765625
36 0.8575580625000001 0.8743214015625 0.86004490625 0.8693457562500001 0.8605893265625 0.8641659546874999 0.862817459375 0.730856071875 0.861963871875 0.7202923109375 0.8599596125 0.7169394421875 0.7830395593749999 0.70885481875 0.780381996875 0.7117177109374999 0.7748503906249999 0.8577729406250001 0.776248396875 0.8631568984375001 0.778753721875 0.8673479859375 0.8564507453125 0.875514271875 0.8575580625000001 0.8743214015625
5 0 0.6761364796875 0.001723146875 0.675992259375 0.04361886875 0.552076996875 0.044170846875 0.546825275 0 0.5139604671875 0 0.6761364796875
9 0.016693765625000002 0.509290603125 0.0164948171875 0.5111834671875 0.034845903125 0.6411615953124999 0.050573715625 0.6353868640625 0.05091330937500001 0.6321558328125 0.034859104687499996 0.49981602968749994 0.0339986578125 0.4997255921875 0.016693765625000002 0.509290603125