51 0 0.5126953125 0.01171875 0.515625 0.02734375 0.515625 0.03515625 0.513671875 0.0390625 0.5107421875 0.0442708328125 0.4990234375 0.06510416718749999 0.4072265625 0.06770833281250001 0.3916015625 0.06770833281250001 0.3798828125 0.06640625 0.37890625 0.0377604171875 0.376953125 0.0013020828125 0.376953125 0 0.3779296875 0 0.5126953125
18 0.21223958281250002 0.345703125 0.23828125 0.345703125 0.2421875 0.3427734375 0.24739583281250002 0.3251953125 0.2708333328125 0.2373046875 0.2708333328125 0.2294921875 0.2669270828125 0.2265625 0.25390625 0.224609375 0.16796875 0.21875 0.1497395828125 0.21875 0.1458333328125 0.2216796875 0.1432291671875 0.2275390625 0.1328125 0.2587890625 0.1119791671875 0.3271484375 0.1119791671875 0.3349609375 0.12109375 0.33984375 0.21223958281250002 0.345703125
14 0.3294270828125 0.359375 0.3502604171875 0.361328125 0.44921875 0.3671875 0.4557291671875 0.3623046875 0.4583333328125 0.3525390625 0.4765625 0.2490234375 0.4739583328125 0.2451171875 0.47265625 0.244140625 0.3606770828125 0.236328125 0.35546875 0.236328125 0.3502604171875 0.23828125 0.3463541671875 0.2431640625 0.3307291671875 0.3076171875 0.3229166671875 0.3427734375 0.3229166671875 0.3564453125 0.32421875 0.357421875 0.3294270828125 0.359375
10 0.5377604171875 0.373046875 0.60546875 0.375 0.63671875 0.375 0.66796875 0.373046875 0.671875 0.3681640625 0.671875 0.3544921875 0.6692708328125 0.2841796875 0.6666666671875 0.2548828125 0.6640625 0.2509765625 0.6627604171875 0.25 0.5481770828125 0.248046875 0.5364583328125 0.2509765625 0.5338541671875 0.3134765625 0.5338541671875 0.3681640625 0.5364583328125 0.3720703125 0.5377604171875 0.373046875
6 0.8450520828125001 0.380859375 0.8489583328125001 0.3779296875 0.8489583328125001 0.3349609375 0.8463541671874999 0.2666015625 0.84375 0.2587890625 0.83984375 0.255859375 0.8111979171874999 0.25390625 0.7513020828125 0.251953125 0.71484375 0.251953125 0.7135416671875 0.2529296875 0.7109375 0.2568359375 0.7109375 0.3720703125 0.7200520828125 0.376953125 0.8450520828125001 0.380859375
6 0.44140625 0.90625 0.4856770828125 0.908203125 0.5794270828125 0.91015625 0.5924479171875 0.91015625 0.59765625 0.908203125 0.6015625 0.9052734375 0.6015625 0.8173828125 0.5989583328125 0.7314453125 0.5963541671875 0.7275390625 0.5950520828125 0.7265625 0.57421875 0.724609375 0.4466145828125 0.724609375 0.4427083328125 0.7275390625 0.4401041671875 0.7607421875 0.4348958328125 0.8837890625 0.4348958328125 0.8994140625 0.4375 0.9033203125 0.44140625 0.90625
10 0.3763020828125 0.908203125 0.3815104171875 0.90625 0.3854166671875 0.9033203125 0.3932291671875 0.8642578125 0.4114583328125 0.7431640625 0.4114583328125 0.7294921875 0.40234375 0.724609375 0.27734375 0.71484375 0.2643229171875 0.71484375 0.2578125 0.7197265625 0.2265625 0.8623046875 0.22135416718749998 0.8876953125 0.22395833281250002 0.8916015625 0.23046875 0.89453125 0.3763020828125 0.908203125
14 0 0.8896484375 0.006510417187500001 0.89453125 0.1184895828125 0.90234375 0.13671875 0.90234375 0.1432291671875 0.8974609375 0.1458333328125 0.8896484375 0.1770833328125 0.7314453125 0.1770833328125 0.7275390625 0.1744791671875 0.7236328125 0.16015625 0.720703125 0.03515625 0.71484375 0.02734375 0.716796875 0.0208333328125 0.7236328125 0.0026041671875 0.7998046875 0 0.8173828125 0 0.8896484375
30 0.62890625 0.720703125 0.6940104171875 0.72265625 0.76953125 0.72265625 0.7734375 0.7197265625 0.7734375 0.6728515625 0.765625 0.5673828125 0.7591145828125 0.5625 0.6236979171875 0.55859375 0.6171875 0.5634765625 0.6171875 0.7158203125 0.62109375 0.71875 0.62890625 0.720703125
30 0.7877604171875 0.546875 0.81640625 0.546875 0.8203125 0.5439453125 0.8229166671874999 0.5224609375 0.8255208328125001 0.4111328125 0.8190104171874999 0.40625 0.7981770828125 0.404296875 0.6940104171875 0.396484375 0.6888020828125 0.3984375 0.6848958328125 0.4013671875 0.6822916671875 0.4150390625 0.6744791671875 0.4912109375 0.671875 0.5322265625 0.6783854171875 0.537109375 0.6888020828125 0.5390625 0.7877604171875 0.546875
34 0.4856770828125 0.525390625 0.60546875 0.533203125 0.6119791671875 0.5283203125 0.625 0.4150390625 0.625 0.3974609375 0.62109375 0.39453125 0.6080729171875 0.392578125 0.5143229171875 0.38671875 0.4934895828125 0.38671875 0.4869791671875 0.3935546875 0.484375 0.4072265625 0.46875 0.5048828125 0.46875 0.5205078125 0.47265625 0.5234375 0.4856770828125 0.525390625
34 0.5169270828125 0.69921875 0.58984375 0.697265625 0.59375 0.6923828125 0.59375 0.6708984375 0.5859375 0.5458984375 0.5833333328125 0.5419921875 0.5768229171875 0.5390625 0.4466145828125 0.541015625 0.4401041671875 0.5458984375 0.4401041671875 0.6962890625 0.4466145828125 0.69921875 0.5169270828125 0.69921875
2 0.38671875 0.513671875 0.40234375 0.513671875 0.4075520828125 0.51171875 0.4114583328125 0.5048828125 0.4140625 0.4892578125 0.4270833328125 0.3818359375 0.4205729171875 0.376953125 0.2955729171875 0.37109375 0.2916666671875 0.3740234375 0.2890625 0.3818359375 0.2734375 0.4658203125 0.2682291671875 0.4951171875 0.2682291671875 0.5048828125 0.2721354171875 0.5078125 0.38671875 0.513671875
2 0.2643229171875 0.68359375 0.3268229171875 0.685546875 0.40234375 0.685546875 0.40625 0.6787109375 0.4114583328125 0.6240234375 0.4166666671875 0.5634765625 0.4166666671875 0.5341796875 0.4127604171875 0.53125 0.3841145828125 0.529296875 0.2903645828125 0.52734375 0.28515625 0.52734375 0.27734375 0.529296875 0.2734375 0.5341796875 0.2578125 0.6376953125 0.2552083328125 0.6591796875 0.2552083328125 0.6806640625 0.2565104171875 0.681640625 0.2643229171875 0.68359375
42 0.1549479171875 0.69140625 0.1966145828125 0.69140625 0.20182291718749998 0.689453125 0.20572916718749998 0.6865234375 0.20833333281250002 0.6708984375 0.22395833281250002 0.5537109375 0.22395833281250002 0.5380859375 0.22005208281250002 0.53515625 0.08984375 0.533203125 0.08333333281250001 0.5361328125 0.08072916718749999 0.5400390625 0.078125 0.5498046875 0.0546875 0.6748046875 0.0546875 0.6865234375 0.06119791718749999 0.689453125 0.1549479171875 0.69140625
42 0.1966145828125 0.5 0.20703125 0.5 0.21223958281250002 0.498046875 0.21614583281250002 0.4931640625 0.2421875 0.3916015625 0.24479166718749998 0.3779296875 0.24479166718749998 0.3681640625 0.24088541718749998 0.365234375 0.1341145828125 0.357421875 0.1184895828125 0.357421875 0.1119791671875 0.3642578125 0.09114583281250001 0.4306640625 0.07552083281250001 0.4833984375 0.07552083281250001 0.4873046875 0.08203125 0.4921875 0.1966145828125 0.5
38 0.6354166671875 0.9189453125 0.6419270828125 0.923828125 0.7565104171875 0.92578125 0.7955729171875 0.92578125 0.80078125 0.923828125 0.8046875 0.9189453125 0.8020833328125001 0.8818359375 0.7890625 0.7529296875 0.7864583328125 0.7431640625 0.7825520828125 0.740234375 0.7174479171875 0.73828125 0.6341145828125 0.73828125 0.6302083328125 0.7412109375 0.6276041671875 0.7451171875 0.6276041671875 0.7763671875 0.6328125 0.9111328125 0.6354166671875 0.9189453125