7 0.662790721875 0.0876221640625 0.6603926312499999 0.09356885312499999 0.6392745703125 0.2350170296875 0.6420816406250001 0.24078195156249999 0.648758496875 0.24543457968750002 0.6592369828125 0.24702297812500001 0.8812061 0.260769115625 0.8906026546874999 0.2612227078125 0.9270387781249999 0.2599503296875 0.9318541703125 0.2560689734375 0.9343204234375 0.25207421874999997 0.94302666875 0.2029123015625 0.955302159375 0.106722171875 0.95496134375 0.0969624953125 0.9522224375 0.093149509375 0.9456137421875 0.0904488171875 0.8986309718750001 0.08818086093750001 0.7238491140625001 0.08255848437499999 0.669126765625 0.082515115625 0.662790721875 0.0876221640625
11 0.61243599375 0 0.605359821875 0.0249398515625 0.6059051265625001 0.0405553328125 0.6099112421874999 0.043346909375 0.6255948859375 0.044753540625 0.8445749609375 0.05332740625 0.8915717765625001 0.051686242187499995 0.8980075843750001 0.0479437296875 0.9003375124999999 0.0400451046875 0.9077802625 0 0.61243599375 0
6 0.43032153125 0.81785975 0.42819609375 0.83161418125 0.41379516406250005 0.9415587406249999 0.41454495781249995 0.9630300281249999 0.42902955781249996 0.9674100031249999 0.633121428125 0.9915520062500001 0.6535101671875 0.9933806265625 0.7092921375000001 0.9914326765625001 0.7123297187500001 0.983900203125 0.7313223421874999 0.8562064578124999 0.7309133625 0.8444948468750001 0.72817445625 0.8406818609375 0.7215657609374999 0.8379811671875 0.6535578578125001 0.830584478125 0.45220489375 0.8102554625 0.43658941249999994 0.8108007671875 0.43032153125 0.81785975
10 0.41022960937499997 0.802145125 0.640347284375 0.8253782875000001 0.6497574703125 0.826222265625 0.669760159375 0.82552375625 0.6753117109375 0.8192715140625 0.677573475 0.809420953125 0.6966342609375 0.6836791437499999 0.69608895625 0.6680636609375 0.689412096875 0.6634110343749999 0.58483174375 0.6533828515625 0.43326862187500004 0.6410867125 0.42229688593750003 0.640297265625 0.398353146875 0.6411333984375001 0.3930308703125 0.64542331875 0.39070094375000003 0.65332194375 0.37410641093749997 0.775069 0.3747880421875 0.7945883515625 0.38406748125 0.7991500953124999 0.41022960937499997 0.802145125
14 0.6169903171875 0.46992221093750003 0.3472080890625 0.5047493171874999 0.331728934375 0.5091984921875 0.33046172500000004 0.5102199015625 0.33121151875 0.5316911890625 0.3563945984375 0.65588796875 0.35933799375 0.6655567609374999 0.363412271875 0.6703002734375 0.36815826406249996 0.6718934234375 0.3861160671875 0.6712663234375 0.4024509765625 0.6689370109375 0.6512762375000001 0.630933109375 0.659015815625 0.6287085218749999 0.66231055625 0.6260528562500001 0.66163476875 0.60670080625 0.6399642890624999 0.4935488875 0.6368845671875001 0.479976225 0.6340774984374999 0.474211303125 0.6300713828125 0.4714197265625 0.6247980578125001 0.46964955937499997 0.6169903171875 0.46992221093750003
18 0.3423688109375 0.3027443671875 0.33990255625 0.306739121875 0.326455909375 0.444010775 0.3270012140625 0.4596262578125 0.336280653125 0.46418800156250006 0.3467591375 0.46577640000000003 0.5969423953125 0.47785326875 0.629214390625 0.4767263046875 0.63485548125 0.4703732203125 0.637117246875 0.46052265937500003 0.6523804734375 0.3416924875 0.6512885859375 0.3104249328125 0.6460806375 0.30679588281250003 0.632999571875 0.30529836875 0.434726328125 0.2985420140625 0.3695254953125 0.296910246875 0.348704853125 0.29763731875 0.3423688109375 0.3027443671875
22 0.622328659375 0.1228447890625 0.61298105625 0.11633110937499999 0.5765449328125001 0.1176034875 0.311354396875 0.13468140625 0.30501835312500003 0.1397884546875 0.30549549531250003 0.1534520015625 0.3122684078125 0.19816474374999998 0.32882578906250004 0.299210953125 0.3315646953125 0.30302394062500004 0.33744032968750004 0.3071182515625 0.41239464375 0.304500790625 0.5410383249999999 0.2947318015625 0.6345267265625 0.28560416875 0.6409309328125 0.2824490546875 0.6433971875 0.27845430000000004 0.642988209375 0.2667426890625 0.622328659375 0.1228447890625
26 0.49127248437500004 0 0.278768215625 0.0074208125 0.2775010078125 0.008442221875 0.26200946875 0.08715581875 0.266151909375 0.093851265625 0.28190371718749996 0.09720983125 0.5509237703125 0.11517586093750001 0.5691418328125 0.1145396734375 0.5742788296875 0.11240596875 0.5806148734375001 0.10729892187500001 0.5829448 0.099400296875 0.6015619109375 0.005724753125 0.6013619984374999 0 0.49127248437500004 0
47 0.7050545046875001 0.43977967187499994 0.7013210421875 0.44479583749999996 0.697398596875 0.5563287953125 0.6986936953125 0.593415565625 0.705302390625 0.5961162578125 0.74708 0.5985659828125 0.927606125 0.6054535015625 0.9798203921875 0.6036301390625 0.9829884140624999 0.6010766140625 0.9851820140624999 0.58927411875 0.9903313953125 0.51287599375 0.9918433671875 0.4815541453125 0.9907527578125 0.4503231828125 0.98801385 0.446510196875 0.9814051562499999 0.44380950312499995 0.8927129375 0.44104375781250005 0.7232044046875 0.4371915484375 0.7101915015625 0.43764596874999995 0.7050545046875001 0.43977967187499994
51 0.722416528125 0.623563046875 0.706869209375 0.6260602859375 0.7017322109374999 0.6281939890625 0.6979305859375 0.63125821875 0.6990211953125 0.66248918125 0.7025780578124999 0.6897253906249999 0.71598755625 0.775247003125 0.7187946234375 0.7810119249999999 0.7217324406250001 0.78305908125 0.74888603125 0.7821108578125 0.97703565 0.7514736375 0.9925829687500001 0.7489763968750001 0.9979052453125 0.7446864765625001 0.9968350859375 0.7140411046875 0.9836009499999999 0.60369355 0.9807938796875 0.597928628125 0.9767877640625 0.5951370515625001 0.9533645421875001 0.595955009375 0.8573417234375 0.6071254609375 0.722416528125 0.623563046875
42 1 0.7992567078125 0.9833528015624999 0.79805889375 0.76932775 0.7879439734375 0.7485071078125001 0.788671046875 0.7447054828125 0.791735275 0.7495450609375001 0.930322675 0.7522839671875 0.9341356609375 0.766700403125 0.9365637015624999 0.9705196218750001 0.9528979640624999 0.9891723765625 0.9535169 1 0.9531387921875 1 0.7992567078125
38 0.67327854375 0.40287787656249996 0.6735511953125 0.4106856171875 0.680228053125 0.4153382453125 0.685501378125 0.4171084125 0.8971965000000001 0.43512195781249996 0.9226602703125 0.436773353125 0.95555399375 0.4356246796875 0.9607893093750001 0.42801545937499996 0.9823163484374999 0.29827889375 0.9815665546875 0.27680760625 0.9748896968749999 0.2721549796875 0.7032670640625 0.2542798328125 0.6955274874999999 0.2565044203125 0.6917258609375 0.25956864999999996 0.6893277703125 0.2655153390625 0.67327854375 0.40287787656249996