45 0.7481390125 0.508269265625 0.7522494453124999 0.5141064671875 0.7614367921875 0.5189040109375 0.8760352703125 0.5595541953125001 0.8876399734374999 0.5611851296875 0.89416660625 0.5498301796875 0.9023828437500001 0.5054024015625 0.912434696875 0.439493259375 0.944521828125 0.21118145312499997 0.9432160390625001 0.207842225 0.9011486968750001 0.198423703125 0.8952556625 0.19737634375 0.8009674468749999 0.18412499843750002 0.800574596875 0.184288934375 0.796465321875 0.192477275 0.7824502046874999 0.278166225 0.7505540546875 0.47705156562499995 0.747171375 0.50112058125 0.7481390125 0.508269265625
40 0.656696265625 0.528333646875 0.6882868421875 0.5327734125 0.6916711421875 0.5283401609375 0.7176694515625 0.34335258281250003 0.732020403125 0.22580308906250002 0.73153600625 0.215215975 0.7279736296875 0.21015706562499997 0.702185409375 0.2065327671875 0.6142802875 0.20048993125 0.608720134375 0.2049680203125 0.5864910984375 0.3631358375 0.5695788578125 0.4975064609375 0.5732060515625 0.5067820937499999 0.656696265625 0.528333646875
49 0.6506359265625 0.8680357515624999 0.6583723953125 0.8691230421875 0.6644157890625 0.8612065203125001 0.670215825 0.8339708984374999 0.7045773109375 0.6273674406249999 0.714242109375 0.558598825 0.71250105625 0.554146521875 0.7091160624999999 0.5501644453125001 0.6263712890625001 0.528805315625 0.5939748375 0.524252290625 0.5884753500000001 0.5314563234375 0.543047321875 0.8125921828125 0.544014959375 0.81974086875 0.54812539375 0.8255780703125 0.5723024390625 0.835988625 0.6506359265625 0.8680357515624999
36 0.82737746875 0.9452073656250001 0.8348763296874999 0.9380213484375 0.8841691171875 0.6153524984375001 0.8832014796875001 0.6082038140625 0.8795742859375 0.59892818125 0.820801040625 0.587687746875 0.7423725937500001 0.576665346875 0.736691803125 0.5841068765624999 0.6917493328125001 0.8898553953125001 0.695376525 0.899131028125 0.7006956375 0.9033849265624999 0.8204091234374999 0.944228028125 0.82737746875 0.9452073656250001
55 0 0.9319439781250001 0.044035535937499995 0.9200570609375 0.0472988515625 0.914379584375 0.071219228125 0.7441772609374999 0.0708559296875 0.736236925 0.0702393078125 0.7346600671875 0.0364889578125 0.729916765625 0.027096670312499998 0.731840134375 0.0164596046875 0.7373578843749999 0.01283356875 0.742107796875 0 0.8334233828125001 0 0.9319439781250001
0 0.09708429843750001 0.5559275890625 0.11062312031249999 0.5578303453125 0.11424915625000001 0.553080434375 0.1338703171875 0.43311590781250003 0.1454680765625 0.35059356875000003 0.14759386875 0.32985425468749996 0.143966675 0.320578621875 0.09957816875 0.3080288015625 0.084492046875 0.30590858593750003 0.0813494828125 0.3100251765625 0.0591181296875 0.4401419015625 0.04703713125 0.526102671875 0.050664324999999996 0.535378303125 0.072907253125 0.5455170359375 0.09708429843750001 0.5559275890625
4 0.197781409375 0.5958512875 0.220492528125 0.4202194921875 0.21886717500000002 0.41157583437499995 0.14699537499999998 0.4014749125 0.1460284328125 0.40274155624999997 0.1300815140625 0.5162097718750001 0.1155854734375 0.6333882421875 0.117761790625 0.6389536203125 0.1535435390625 0.6509951109375 0.1840061765625 0.6587826999999999 0.1876322125 0.6540327875 0.197781409375 0.5958512875
8 0.19296259531249998 0.64838284375 0.1890978328125 0.6899158359374999 0.18971445625 0.6914926921875 0.20886222031249999 0.6941837359374999 0.27250591874999996 0.6928722140625 0.2744398046875 0.6903389265625 0.2900242921875 0.579449534375 0.30415755624999996 0.46064222343749994 0.305122878125 0.43973981562500003 0.303055378125 0.4344527046875 0.2922243265625 0.4329305 0.265231853125 0.43588667187499996 0.228968021875 0.441309159375 0.2226824296875 0.443932121875 0.21905639375 0.4486820359375 0.2050424359375 0.548396528125 0.19296259531249998 0.64838284375
12 0.40015075937500005 0.48070758593749996 0.39797444375 0.47514220468749996 0.375248275 0.4684419046875 0.311422403125 0.4594717640625 0.30779636718750003 0.4642216765625 0.2730030921875 0.71178869375 0.2766302859375 0.7210643265625001 0.2896858671875 0.7264055140625 0.3462596671875 0.74487548125 0.3597984890625 0.7467782390625 0.3634245234375 0.7420283265625 0.40015075937500005 0.48070758593749996
16 0.3789017453125 0.7960974234375 0.3798693828125 0.8032461078124999 0.380594821875 0.8051012359374999 0.39413364375 0.8070039921875001 0.4081557046875 0.8054683171875 0.47874925 0.7943515203125 0.483100725 0.791456734375 0.4845511390625 0.7895567703124999 0.492282978125 0.7345418765625 0.507495659375 0.5126243859375 0.5059722390625 0.508728621875 0.49185318125000005 0.5067443171875 0.41973725625 0.526588340625 0.40523195625 0.5315624453125001 0.3991885625 0.5394789656250001 0.39725560312499997 0.5532326875 0.3808335484375 0.7683181546875 0.3789017453125 0.7960974234375
20 0.43851203281249995 0.477201559375 0.459304084375 0.48363003750000005 0.5405370109375001 0.4950465796875 0.5419874250000001 0.493146615625 0.55788601875 0.38002224375 0.5775031296875001 0.21096830625 0.5770187328125 0.200381190625 0.5754773203125 0.19819224062500002 0.5395752546875 0.193146534375 0.5061818296875 0.192178884375 0.4766868296875 0.1915399796875 0.4711266765625 0.19601807031250001 0.461461878125 0.2647866859375 0.4363357171875 0.4716361765625 0.43851203281249995 0.477201559375
24 0.3236123421875 0.448518271875 0.3257886578125 0.454083653125 0.38574629531250004 0.46251015000000006 0.4133071765625 0.4628772328125 0.41765842031249995 0.4571773375 0.42480070625 0.40635733125 0.44640621875 0.192280859375 0.44543858125 0.185132175 0.44523908749999996 0.1846220171875 0.420996121875 0.181214890625 0.3576790203125 0.1850705828125 0.3521188671875 0.18954867343749998 0.3492182703125 0.1961537125 0.348251790625 0.20303057343750003 0.32312794375 0.43793115781249997 0.3236123421875 0.448518271875
28 0.30605149531250003 0.413485071875 0.309194059375 0.40936848125 0.310837075 0.3976778171875 0.315475253125 0.35344844375 0.33141638281249997 0.16985250000000002 0.331415225 0.15582695468750002 0.329529084375 0.151003625 0.317473084375 0.149309265625 0.2567112453125 0.1611065515625 0.2484915359375 0.1634576921875 0.24493016406249998 0.17055425468750002 0.2430294203125 0.18407875 0.237618059375 0.2338096109375 0.22650817031249998 0.3689957015625 0.2245775265625 0.4108005171875 0.2267538421875 0.41636589687500003 0.2402926640625 0.418268653125 0.30605149531250003 0.413485071875
32 0.1510815734375 0.260129846875 0.15253244999999999 0.2638401 0.15011625 0.281032253125 0.151567128125 0.2847425046875 0.146734728125 0.319126815625 0.14818560625 0.32283706875 0.1472191265625 0.3297139296875 0.148670003125 0.333424184375 0.14190464375 0.381562215625 0.1455318375 0.390837846875 0.14746595468749998 0.3911096703125 0.1498833125 0.3879430609375 0.163422134375 0.38984581875 0.165839490625 0.3866792109375 0.175510078125 0.3880383234375 0.177927434375 0.384871715625 0.19146625625 0.386774471875 0.19388361406250001 0.3836078625 0.20742243437500002 0.3855106203125 0.2098397921875 0.3823440125 0.21564214375000001 0.3831594796875 0.21878470781249998 0.3790428890625 0.22236068437499998 0.3535985015625 0.22119998125 0.3506302984375 0.22651562187500002 0.3128075609375 0.22506474375000002 0.30909730625 0.2289306625 0.2815898609375 0.2274797859375 0.27787960625 0.23424514531249999 0.22974157499999998 0.2327942671875 0.226031321875 0.234727228125 0.2122775984375 0.23327635 0.208567346875 0.23810874843750002 0.1741830390625 0.236657871875 0.1704727828125 0.2405237921875 0.1429653375 0.2390729140625 0.13925508281250001 0.2388831921875 0.13510846406250002 0.22644037031250003 0.133359740625 0.22480865468750003 0.1354972015625 0.217072184375 0.13440991093750002 0.21465482812499997 0.1375765203125 0.2069183578125 0.13648923125 0.2045010015625 0.1396558390625 0.19869864843750001 0.138840371875 0.19628129218749998 0.1420069796875 0.1904789390625 0.1411915125 0.18806158281250002 0.1443581203125 0.1803251125 0.1432708296875 0.17790775625 0.1464374359375 0.16823717031250002 0.1450783234375 0.1658198125 0.148244934375 0.1638856953125 0.1479731109375 0.16074312968749999 0.15208970156249998 0.1571671546875 0.177534090625 0.15832785625 0.18050229375 0.1549451765625 0.20457130937499998 0.1563960546875 0.2082815625 0.153496615625 0.228912146875 0.15494749218749998 0.23262239999999998 0.1510815734375 0.260129846875