39 0.6983835359375 0.40969851718749994 0.7218174671875001 0.4101075578125 0.72481488125 0.40625303281249997 0.72690405625 0.398475809375 0.7547413703125 0.23054878437499998 0.7554628734375 0.1892139359375 0.7511128375 0.18662646249999998 0.7335828375 0.1837159109375 0.6595117390625 0.1746093046875 0.6282664984374999 0.1740639171875 0.6252690828125 0.1779184421875 0.623179909375 0.185695665625 0.6002884093749999 0.37803378125 0.600015715625 0.39365640156250004 0.6067369890625 0.40028512968749996 0.6983835359375 0.40969851718749994
48 0.47054955 0.4302045546875 0.47341061875 0.4341613390625 0.477270825 0.4368332828125 0.485082134375 0.4369696296875 0.578954203125 0.4307944828125 0.6004807546875 0.42856566718750005 0.6034781687499999 0.4247111421875 0.6045000328125 0.422124415625 0.6048806671875 0.400317840625 0.59321705 0.22918978124999997 0.591582365625 0.21092930625 0.589765884375 0.203083909375 0.5874770296875 0.19991848125 0.5577940515625001 0.19940036249999998 0.4715516453125 0.20492731718749999 0.46564771406250005 0.20742882499999998 0.46265029999999996 0.21128334999999998 0.4621049109375 0.242528590625 0.4688694171875 0.414547846875 0.47054955 0.4302045546875
52 0.3144819765625 0.45196328281250003 0.34768004375 0.45254275625 0.42397666406249995 0.4460608296875 0.44159756093749997 0.44376383906249994 0.446547803125 0.4399434015625 0.4479784109375 0.43632198437499997 0.44835109375000004 0.41497106875 0.444960046875 0.3070829546875 0.44064682812499995 0.2184525140625 0.4377857609375 0.214495728125 0.43429793906249997 0.21287210937499998 0.420823440625 0.2126369109375 0.3204797625 0.22026183437500002 0.311623865625 0.2240140984375 0.309534690625 0.23179132187499998 0.3094437921875 0.23699886406249998 0.3097135296875 0.4453686390625 0.3144819765625 0.45196328281250003
43 0.275858871875 0.471214021875 0.284853334375 0.2916561484375 0.28553506875 0.2525995984375 0.27881379375000004 0.2459708703125 0.2106466265625 0.2343627546875 0.19530219531249998 0.23214149375 0.1457491984375 0.23127654375 0.1452496296875 0.23191896406249998 0.14138646562499999 0.45323941718749994 0.1432483953125 0.4584810453125 0.1461094640625 0.4624378296875 0.161686634375 0.46531429218750003 0.24938207812500002 0.47726327656249995 0.27086318125000003 0.4776382296875 0.275858871875 0.471214021875
3 0.11737511249999999 0.5026976859375 0.1195097359375 0.49231669218749996 0.1292917765625 0.3403809375 0.1303802796875 0.2780206453125 0.12818679375 0.274987109375 0.11265507187499998 0.2695068765625 0.010709709375 0.2445468 0.0054587703125 0.24445514531249998 0.004659459375 0.24548301718749999 0.0005690515625 0.47982232031249994 0.019007290625 0.4866555703125 0.1112122734375 0.508841065625 0.1125792484375 0.5088649249999999 0.11737511249999999 0.5026976859375
11 0 0.822165096875 0.07146105 0.8389267515625001 0.07645674218750001 0.8325025421875001 0.0787277125 0.8143102390625 0.08547444531250001 0.6124441171874999 0.0862379875 0.5687007796875 0.0802297453125 0.5603915296875 0.0102006484375 0.5435417874999999 0.0004365109375 0.543371353125 0 0.543932684375 0 0.822165096875
7 0.269667040625 0.7811792109375 0.2717562140625 0.7734019875 0.2680792828125 0.648318765625 0.2642660046875 0.531046853125 0.2615867328125 0.5166749875 0.25849856718750003 0.5145374328125001 0.24702570937499999 0.5143371734375 0.1343348 0.5326857406250001 0.12452521406249999 0.5351190781249999 0.11952952187500002 0.541543284375 0.1167116859375 0.7029770281250001 0.1168465546875 0.807161915625 0.11932614687500001 0.8105911296875 0.1365110265625 0.8108910921874999 0.149045484375 0.8090262328125 0.262718521875 0.7875693328125 0.269667040625 0.7811792109375
38 0.2845585234375 0.7785741234375 0.2893269703125 0.785168765625 0.30299676249999996 0.7854073734375 0.4284322140625 0.761551221875 0.43338245625000005 0.757730784375 0.4346086921875 0.7546267125 0.43497591875 0.73358825 0.41980651875 0.528292240625 0.4164008015625 0.499582596875 0.4122045671875 0.4937793109375 0.3971678046875 0.49351684375 0.3862001484375 0.495148596875 0.292146284375 0.5117388234375 0.2803838703125 0.514138075 0.2753881796875 0.5205622828124999 0.2751154859375 0.536184903125 0.2845585234375 0.7785741234375
47 0.44247439218749995 0.7628381562500001 0.44533546093750004 0.766794940625 0.4746278734375 0.7673062421875 0.5783095281249999 0.7586977578125 0.584213459375 0.756196246875 0.587210875 0.7523417218749999 0.5878376265624999 0.75000855625 0.5882830265625001 0.724491609375 0.5849413828125 0.658537828125 0.5757695609375 0.5125221859375 0.5740894265625001 0.496865478125 0.5712738078124999 0.4903049234375 0.5666142890625 0.488660853125 0.5515775296875 0.48839838437500005 0.444203671875 0.49590059531249997 0.437255153125 0.5022907171875 0.43521142656249995 0.5074641703125 0.4349841828125 0.520483021875 0.4406124625 0.757596528125 0.44247439218749995 0.7628381562500001
51 0.599272809375 0.76635645 0.602088428125 0.7729170046875 0.605948634375 0.7755889484375 0.611807115625 0.7756912078125 0.7272511859375 0.764683475 0.7409664265625 0.7623183124999999 0.7455624624999999 0.756408040625 0.7458624265625 0.739223159375 0.744554678125 0.7246147781250001 0.72103280625 0.505420878125 0.7192163265625 0.49757548125 0.7169274734375 0.4944100546875 0.6837782125 0.4938314328125 0.59509815625 0.5019204015625001 0.58528856875 0.5043537359375 0.5822911546875 0.5082082609375 0.5818366640625 0.5342459609375 0.594414203125 0.7089712484375 0.599272809375 0.76635645
42 0.9133835093749999 0.7215712 0.91356530625 0.7111561203125001 0.884366746875 0.48144488281250003 0.882595715625 0.470995715625 0.879780096875 0.46443515937499996 0.877463971875 0.46283199374999995 0.84569799375 0.46227751718750004 0.75080258125 0.4673929765625 0.745806890625 0.473817184375 0.7455796453125 0.4868360359375 0.763652075 0.6824937421875 0.768737925 0.7268600921874999 0.773506371875 0.733454734375 0.7988931296875 0.7338978625 0.90838781875 0.727995409375 0.9133835093749999 0.7215712
22 0.12492789687500001 0.9932688015625001 0.27724844375 0.995927565625 0.278847065625 0.9938718203124999 0.2818966921875 0.819158846875 0.28133811249999996 0.817586359375 0.2771418796875 0.8117830749999999 0.26405793593750004 0.81155469375 0.13764621875 0.82419418125 0.1336951140625 0.8267297765625001 0.12869942343750002 0.8331539875 0.12633755468750002 0.8565538296874999 0.1220668296875 0.9893120156249999 0.12492789687500001 0.9932688015625001
18 0.4449286 0.9691624093750001 0.4378005015625 0.817973315625 0.43598402187499996 0.8101279187499999 0.433122953125 0.8061711328125 0.4273099203125 0.803465103125 0.292201228125 0.8219432781249999 0.28825012499999997 0.8244788749999999 0.283208984375 0.8335068531250001 0.28293629062500003 0.8491294734375 0.2843877015625 0.989801228125 0.28624963124999997 0.9950428562500001 0.2872033203125 0.9963617843750001 0.44147669531249994 0.9990546359374999 0.44447410937500004 0.9952001109375 0.4449286 0.9691624093750001
14 0.5956244765625 1 0.5972828640625 0.9978673984374999 0.5993720375 0.990090175 0.6189248859375 0.849133909375 0.6196520703124999 0.8074735890625 0.619175225 0.8068141234375 0.46490185000000006 0.8041212718749999 0.46390271250000004 0.8054061125 0.46176808906250005 0.8157871078125 0.4495951546875 0.9536164843750001 0.4493224609375 0.9692391046875001 0.4540909078125 0.975833746875 0.4579511140625 0.9785056921875 0.5475084859375 0.9956963015625 0.5734293015625 1 0.5956244765625 1
10 0.742881453125 1 0.7453072640625 0.9948513625000001 0.7495765109375 0.9740893765624999 0.77773565625 0.81570253125 0.7808195718750001 0.795701221875 0.7811331703125 0.7777352093750001 0.7804655875 0.776811959375 0.6259969296875 0.7741156984375 0.6240985671875 0.7765568968750001 0.6041143234375 0.9142499296875 0.599526934375 0.9532383078125 0.599254240625 0.9688609265625001 0.6040226875 0.9754555703125 0.6098357203125 0.9781615984375 0.714513553125 1 0.742881453125 1
6 0.9035751578125 1 0.9076578265625 0.9824485062500001 0.94830656875 0.780002090625 0.9488292328125001 0.7500587359375 0.7994379265625 0.7474510999999999 0.7984387875000001 0.7487359421875001 0.7963950625 0.7539093953125 0.7596065249999999 0.9590277531250001 0.7592883828125 0.97725414375 0.764102278125 0.981245015625 0.7718681390625 0.983985134375 0.85293095625 1 0.9035751578125 1