37 1 0.4825396125 0.9981689312500001 0.45635411093749995 0.9927689203125001 0.453794875 0.8824706593749999 0.4560255765625 0.8257111125 0.45999459062500003 0.8212444781249999 0.464810084375 0.81813175625 0.5198487890625 0.8197089875 0.5921805875 0.8251089984375 0.5947398234375 0.982048 0.5931634734375 0.9927163921875 0.592417465625 1 0.587622515625 1 0.4825396125
29 0.508826946875 0.3748606796875 0.5101893765625001 0.394344353125 0.524259234375 0.446223640625 0.5284042140625 0.455723265625 0.53128421875 0.4570881921875 0.58081604375 0.45362458906249997 0.7545314234375 0.42914249218749995 0.7625174734375 0.4238851078125 0.7623948546875 0.422131578125 0.7446353890624999 0.3622871359375 0.7362091875 0.341339515625 0.7344091828125 0.34048643749999996 0.7066990703125 0.3424241171875 0.5138182265625 0.37157481406250004 0.508826946875 0.3748606796875
13 0.75848126875 0.2971000046875 0.7608105328125 0.2955666 0.763729321875 0.2875309203125 0.763639259375 0.283131925 0.7589133296874999 0.21554796562499998 0.756888325 0.214588253125 0.7428970234375 0.213608725 0.5726276140625 0.21768354531249998 0.5379899734375 0.22010564531250001 0.5331349359375 0.225339878125 0.52792088125 0.3001044640625 0.53165713125 0.3037589890625 0.53705714375 0.306318225 0.6926697484375001 0.30170199375 0.75848126875 0.2971000046875
17 0.2673171 0.3320329171875 0.393575228125 0.32574935156249996 0.47243358906250005 0.3202350375 0.47694294687500005 0.31835339687499997 0.4798617375 0.3103177171875 0.4832046296875 0.2598150171875 0.4816582703125 0.23770105468749997 0.4763482609375 0.23518447187499997 0.27184993749999997 0.24752649375 0.26353113437500003 0.25300293749999997 0.2547170734375 0.326061365625 0.260253328125 0.33056896875 0.2673171 0.3320329171875
21 0.3035196953125 0.3594571671875 0.24490819218749998 0.367471471875 0.2381169078125 0.36990425937500004 0.2364531484375 0.3709995484375 0.23849679531249998 0.40022505781250006 0.24523039375 0.4467436625 0.2510391328125 0.455148 0.2552773953125 0.45602636875 0.27301186875 0.454786253125 0.44446494843749995 0.43379077187500004 0.4685750515625 0.430146934375 0.4729840171875 0.42724442187499995 0.472387953125 0.41872029218750006 0.46683273593749997 0.3803424640625 0.4617340546875 0.3572042671875 0.4573165890625 0.34380790625 0.45551658437500003 0.3429548265625 0.4484528140625 0.34149087968749997 0.3035196953125 0.3594571671875
25 0.2686457875 0.5800052171875001 0.27404579687499997 0.582564453125 0.28110956875 0.5840284015625 0.4506977671875 0.5702117453125 0.495590453125 0.5651146484375 0.4996666671875 0.562431190625 0.4935970375 0.475631428125 0.4891870265625 0.4735413859375 0.364491521875 0.48226094531249997 0.2711061359375 0.49074898125 0.26611485468749996 0.494034846875 0.2629235765625 0.4981737921875 0.2686457875 0.5800052171875001
33 0.5370455203125 0.48223584375 0.5365791046874999 0.525342134375 0.539712696875 0.57015458125 0.5438527046875 0.5721166625 0.7783495312500001 0.555719046875 0.78217618125 0.5531998828125 0.776181484375 0.46747172187499997 0.767181465625 0.4632063296875 0.5488280859375 0.476517190625 0.542036803125 0.478949978125 0.5370455203125 0.48223584375
1 0.5525301609375 0.609101446875 0.5494751265625 0.615188759375 0.5556060656249999 0.7028652859375 0.5646060828125 0.7071306796875 0.6374404984375001 0.703408128125 0.8047403046875001 0.6917093859375 0.807735071875 0.689737865625 0.805732296875 0.6610968500000001 0.7987298953125 0.5958012734375 0.7933298828125 0.5932420375 0.78280235 0.5920202999999999 0.5644489703125 0.6053311609375001 0.5609852046875 0.6055733703125 0.5525301609375 0.609101446875
41 0.5114271734375 0.6136398578125 0.499099634375 0.6115650421875001 0.28794627031250003 0.6282882171875 0.27769122031250004 0.630963215625 0.2760274609375 0.632058503125 0.28229464375 0.7216833984375 0.2861671375 0.727286290625 0.2903071453125 0.729248371875 0.4001084671875 0.721570315625 0.49232922187500006 0.71384898125 0.5199030890625 0.7099629328125 0.5282218921874999 0.704486490625 0.5213520515625001 0.65601951875 0.5157083953125 0.6250878515625 0.5114271734375 0.6136398578125
50 0.564052275 0.7626757109375 0.590420828125 0.8411055093750001 0.5942933218750001 0.8467084015624999 0.5984333281249999 0.8486704812499999 0.6186963484375 0.847253553125 0.8194668281249999 0.80648905625 0.8399769265625 0.8011390625000001 0.8435540125 0.798784190625 0.8424674734375 0.783245965625 0.8271621015624999 0.742319384375 0.8105821828125 0.704320878125 0.8015821656250001 0.7000554859375 0.5714173765624999 0.7435606953125 0.5630985734375 0.7490371390624999 0.564052275 0.7626757109375
46 0.296421025 0.849035559375 0.49980198124999997 0.8477358796875001 0.5247740703125 0.8459896609375 0.5309744375000001 0.8434024062500001 0.5340294734375 0.83731509375 0.5387239609375001 0.7625868359375 0.53734109375 0.7428109109375 0.532481084375 0.7405075984375 0.41416813281250003 0.74094926875 0.347445875 0.7424823125 0.298260425 0.74592169375 0.29460015156249997 0.7483313296875 0.2918176046875 0.758315375 0.28372747187499997 0.834260028125 0.2844972453125 0.8452683000000001 0.2893572546875 0.8475716125 0.296421025 0.849035559375
9 0.2479641375 0.873471359375 0.25477629375 0.9708897234375 0.25829952968750003 0.97896440625 0.43287323750000006 0.9667570234375 0.492520984375 0.961117625 0.5062397984375 0.9582004187500001 0.509941665625 0.9557634015625001 0.507935484375 0.9270736734374999 0.5027263203125 0.8830671718750001 0.497218909375 0.8540838734375 0.48821889062499996 0.8498184796875 0.25641918750000003 0.8699432828125 0.24962789999999999 0.8723760703125001 0.2479641375 0.873471359375
5 0.5510035765625 0.8846839281250001 0.5635170703125 0.9640825671875 0.5716091890625 0.969586184375 0.6709697343750001 0.9626382171874999 0.8184443359375001 0.9511510515625 0.8287961640624999 0.94612680625 0.8267699125 0.917150065625 0.8091509625000001 0.8431377734375 0.8000147015625 0.8369240124999999 0.557823703125 0.8577754453124999 0.55103241875 0.8602082328125 0.549368659375 0.8613035218749999 0.5510035765625 0.8846839281250001
55 0.0346236796875 0.9342043046875 0.08203708125 0.945866728125 0.0877955890625 0.9454640546874999 0.08788104531249999 0.9454417640624999 0.081264171875 0.8508160578125 0.0809941703125 0.850688096875 0.07281161093750001 0.85811290625 0.063237778125 0.8705297406250001 0.028542451562499998 0.9219032328125 0.029223667187500003 0.93164506875 0.0346236796875 0.9342043046875
55 0.0503129796875 0.8785798437500001 0.05752870624999999 0.8921721109374999 0.0843925171875 0.9030199234375 0.08785628125 0.9027777140625 0.0945068296875 0.8833994015625001 0.094038153125 0.8766970203125 0.0909401578125 0.87221470625 0.08554014843749999 0.8696554703125001 0.0715488484375 0.8686759421874999 0.054230028124999996 0.8698869921875 0.04990425 0.8727347421875 0.0503129796875 0.8785798437500001
55 0.0514187015625 0.9777677671875 0.07970610781250001 0.9757897203124999 0.0897803390625 0.97260293125 0.087926459375 0.94609121875 0.087656459375 0.94596325625 0.041673825 0.935473415625 0.0312825328125 0.9362000453125001 0.029618771874999998 0.937295334375 0.0497986984375 0.9769999968749999 0.0514187015625 0.9777677671875