2 0.1692708328125 0.0986328125 0.1705729171875 0.099609375 0.1809895828125 0.1015625 0.20703125 0.103515625 0.3502604171875 0.103515625 0.3541666671875 0.1005859375 0.3541666671875 0.0888671875 0.34375 0.0283203125 0.3411458328125 0.0166015625 0.3372395828125 0.009765625 0.3033854171875 0.0078125 0.16015625 0.0078125 0.15625 0.0107421875 0.15625 0.0224609375 0.1640625 0.0732421875 0.1692708328125 0.0986328125
34 0.3450520828125 0.21484375 0.3463541671875 0.2138671875 0.3489583328125 0.2099609375 0.3515625 0.1396484375 0.3515625 0.1259765625 0.34765625 0.12109375 0.3424479171875 0.119140625 0.1888020828125 0.1015625 0.16796875 0.1015625 0.1640625 0.1044921875 0.1614583328125 0.1298828125 0.1588541671875 0.1943359375 0.1653645828125 0.19921875 0.32421875 0.21484375 0.3450520828125 0.21484375
30 0.1783854171875 0.310546875 0.2799479171875 0.314453125 0.35546875 0.314453125 0.359375 0.3115234375 0.3567708328125 0.2255859375 0.3528645828125 0.220703125 0.33203125 0.21875 0.21223958281250002 0.212890625 0.1705729171875 0.212890625 0.1692708328125 0.2138671875 0.1692708328125 0.2568359375 0.171875 0.3056640625 0.1783854171875 0.310546875
26 0.20052083281250002 0.4169921875 0.20442708281250002 0.419921875 0.30078125 0.419921875 0.37890625 0.41796875 0.3828125 0.4150390625 0.3828125 0.3740234375 0.3802083328125 0.3310546875 0.3763020828125 0.32421875 0.37109375 0.322265625 0.23567708281250002 0.3203125 0.20182291718749998 0.3203125 0.1953125 0.3232421875 0.1927083328125 0.3271484375 0.1927083328125 0.3349609375 0.1979166671875 0.4091796875 0.20052083281250002 0.4169921875
22 0.31640625 0.529296875 0.3815104171875 0.529296875 0.3854166671875 0.5263671875 0.390625 0.4404296875 0.3841145828125 0.435546875 0.24869791718749998 0.427734375 0.20703125 0.427734375 0.20572916718749998 0.4287109375 0.203125 0.4462890625 0.20052083281250002 0.4873046875 0.20052083281250002 0.5224609375 0.20442708281250002 0.525390625 0.31640625 0.529296875
18 0.3294270828125 0.626953125 0.37109375 0.625 0.375 0.6220703125 0.3776041671875 0.5341796875 0.3736979171875 0.53125 0.3372395828125 0.529296875 0.1940104171875 0.529296875 0.1901041671875 0.5322265625 0.1875 0.6240234375 0.19140625 0.626953125 0.1966145828125 0.62890625 0.3294270828125 0.626953125
14 0.2825520828125 0.734375 0.34765625 0.73046875 0.3567708328125 0.7275390625 0.359375 0.6376953125 0.3528645828125 0.6328125 0.1809895828125 0.63671875 0.171875 0.6396484375 0.1692708328125 0.6435546875 0.1692708328125 0.7353515625 0.1731770828125 0.73828125 0.2825520828125 0.734375
10 0.1966145828125 0.83984375 0.3424479171875 0.828125 0.35546875 0.826171875 0.3619791671875 0.8212890625 0.3619791671875 0.7607421875 0.359375 0.7314453125 0.3580729171875 0.73046875 0.3294270828125 0.73046875 0.2903645828125 0.732421875 0.18359375 0.73828125 0.17578125 0.740234375 0.171875 0.7431640625 0.171875 0.8369140625 0.17578125 0.83984375 0.1966145828125 0.83984375
6 0.19140625 0.94921875 0.3528645828125 0.93359375 0.3619791671875 0.9287109375 0.3619791671875 0.8388671875 0.3580729171875 0.8359375 0.3346354171875 0.8359375 0.20963541718749998 0.845703125 0.1861979171875 0.84765625 0.1744791671875 0.8505859375 0.171875 0.8583984375 0.171875 0.9443359375 0.17578125 0.94921875 0.19140625 0.94921875
42 0.54296875 0.931640625 0.546875 0.9287109375 0.5494791671875 0.9130859375 0.5546875 0.8408203125 0.55078125 0.837890625 0.5299479171875 0.837890625 0.3893229171875 0.841796875 0.3828125 0.8486328125 0.3776041671875 0.8955078125 0.375 0.9365234375 0.37890625 0.939453125 0.52734375 0.93359375 0.54296875 0.931640625
51 0.5416666671875 0.8173828125 0.5442708328125 0.8037109375 0.546875 0.7548828125 0.546875 0.7294921875 0.54296875 0.7265625 0.46484375 0.7265625 0.40234375 0.728515625 0.37890625 0.73046875 0.375 0.7333984375 0.3723958328125 0.7587890625 0.3697916671875 0.8212890625 0.3763020828125 0.826171875 0.5325520828125 0.8203125 0.5416666671875 0.8173828125
47 0.4674479171875 0.724609375 0.5533854171875 0.72265625 0.5572916671875 0.7197265625 0.5598958328125 0.7041015625 0.5625 0.6552734375 0.5625 0.6318359375 0.5611979171875 0.630859375 0.51953125 0.62890625 0.3971354171875 0.62890625 0.3932291671875 0.6337890625 0.390625 0.6591796875 0.3880208328125 0.6923828125 0.3880208328125 0.7216796875 0.3919270828125 0.724609375 0.4674479171875 0.724609375
38 0.4049479171875 0.625 0.42578125 0.625 0.5559895828125 0.619140625 0.5677083328125 0.6162109375 0.5703125 0.6123046875 0.5677083328125 0.5478515625 0.5651041671875 0.5302734375 0.5611979171875 0.52734375 0.43359375 0.529296875 0.40234375 0.53125 0.3984375 0.5341796875 0.3984375 0.5888671875 0.4010416671875 0.6220703125 0.4049479171875 0.625
39 0.6315104171875 0.84765625 0.7408854171875 0.841796875 0.7552083328125 0.8388671875 0.7578125 0.8330078125 0.7604166671875 0.7626953125 0.7604166671875 0.7568359375 0.7565104171875 0.751953125 0.61328125 0.755859375 0.6067708328125 0.7587890625 0.6041666671875 0.7666015625 0.6015625 0.8076171875 0.6015625 0.8447265625 0.60546875 0.84765625 0.6315104171875 0.84765625
48 0.7174479171875 0.744140625 0.74609375 0.7421875 0.75 0.7392578125 0.7526041671875 0.7216796875 0.7552083328125 0.6591796875 0.7486979171875 0.654296875 0.60546875 0.654296875 0.6015625 0.6572265625 0.5989583328125 0.6708984375 0.5963541671875 0.7177734375 0.5963541671875 0.7431640625 0.59765625 0.744140625 0.7174479171875 0.744140625
52 0.60546875 0.640625 0.7486979171875 0.640625 0.7526041671875 0.6376953125 0.7552083328125 0.5947265625 0.7552083328125 0.5556640625 0.75390625 0.5546875 0.7486979171875 0.552734375 0.6705729171875 0.55078125 0.60546875 0.55078125 0.6015625 0.5537109375 0.5989583328125 0.5947265625 0.5989583328125 0.6376953125 0.6002604171875 0.638671875 0.60546875 0.640625
43 0.7486979171875 0.533203125 0.7552083328125 0.5283203125 0.7552083328125 0.4501953125 0.7513020828125 0.447265625 0.7200520828125 0.4453125 0.6393229171875 0.443359375 0.60546875 0.443359375 0.6015625 0.4462890625 0.5989583328125 0.5263671875 0.6028645828125 0.53125 0.6080729171875 0.533203125 0.7486979171875 0.533203125
3 0.6015625 0.4326171875 0.60546875 0.435546875 0.7486979171875 0.431640625 0.7526041671875 0.4287109375 0.7526041671875 0.3935546875 0.7473958328125 0.3466796875 0.74609375 0.345703125 0.73828125 0.34375 0.6002604171875 0.345703125 0.5963541671875 0.3486328125 0.5963541671875 0.3916015625 0.5989583328125 0.4208984375 0.6015625 0.4326171875
35 0.6145833328125 0.3251953125 0.62109375 0.330078125 0.6393229171875 0.328125 0.7513020828125 0.310546875 0.7591145828125 0.30859375 0.7630208328125 0.3056640625 0.7604166671875 0.2900390625 0.7395833328125 0.2275390625 0.7356770828125 0.224609375 0.7174479171875 0.224609375 0.6028645828125 0.240234375 0.5950520828125 0.2421875 0.5911458328125 0.2451171875 0.5911458328125 0.2529296875 0.59375 0.2626953125 0.6145833328125 0.3251953125
31 0.6145833328125 0.2294921875 0.6184895828125 0.232421875 0.6315104171875 0.232421875 0.74609375 0.212890625 0.7604166671875 0.2080078125 0.7604166671875 0.2021484375 0.734375 0.1298828125 0.73046875 0.125 0.7174479171875 0.125 0.58984375 0.14453125 0.5859375 0.1474609375 0.5859375 0.1552734375 0.6067708328125 0.2119140625 0.6145833328125 0.2294921875
27 0.6028645828125 0.11328125 0.6080729171875 0.115234375 0.6263020828125 0.1171875 0.69140625 0.119140625 0.7513020828125 0.119140625 0.7526041671875 0.1181640625 0.7526041671875 0.0947265625 0.7473958328125 0.0498046875 0.7447916671875 0.0380859375 0.7408854171875 0.03515625 0.7278645828125 0.033203125 0.59765625 0.025390625 0.59375 0.0283203125 0.59375 0.0556640625 0.5989583328125 0.1025390625 0.6028645828125 0.11328125
23 0.3997395828125 0 0.3984375 0.0009765625 0.3958333328125 0.0830078125 0.3984375 0.0888671875 0.40234375 0.091796875 0.54296875 0.107421875 0.5638020828125 0.107421875 0.5651041671875 0.1064453125 0.5651041671875 0.0205078125 0.5638020828125 0.01953125 0.55859375 0.017578125 0.41796875 0 0.3997395828125 0
19 0.53515625 0.220703125 0.55078125 0.220703125 0.5520833328125 0.2197265625 0.5546875 0.2158203125 0.5625 0.1494140625 0.5625 0.1357421875 0.55859375 0.1328125 0.5533854171875 0.130859375 0.4127604171875 0.107421875 0.3971354171875 0.107421875 0.3932291671875 0.1123046875 0.3880208328125 0.1533203125 0.3854166671875 0.1748046875 0.3854166671875 0.1962890625 0.3893229171875 0.19921875 0.53515625 0.220703125
15 0.3919270828125 0.306640625 0.3997395828125 0.30859375 0.5247395828125 0.3125 0.55078125 0.3125 0.5572916671875 0.3095703125 0.5546875 0.2255859375 0.55078125 0.22265625 0.54296875 0.220703125 0.48828125 0.216796875 0.3893229171875 0.212890625 0.3854166671875 0.2158203125 0.3854166671875 0.2705078125 0.3880208328125 0.3037109375 0.3919270828125 0.306640625
11 0.40234375 0.408203125 0.55859375 0.408203125 0.5651041671875 0.4033203125 0.5598958328125 0.3193359375 0.5559895828125 0.31640625 0.4752604171875 0.314453125 0.39453125 0.314453125 0.3932291671875 0.3154296875 0.3932291671875 0.3740234375 0.3958333328125 0.4033203125 0.40234375 0.408203125
7 0.4049479171875 0.5234375 0.4700520828125 0.5234375 0.5611979171875 0.521484375 0.5677083328125 0.5185546875 0.5677083328125 0.4541015625 0.5651041671875 0.4326171875 0.5638020828125 0.431640625 0.55859375 0.4296875 0.40234375 0.4296875 0.3984375 0.4326171875 0.3984375 0.4833984375 0.4010416671875 0.5205078125 0.4049479171875 0.5234375