36 0.523583771875 0.080841159375 0.518276365625 0.08358729375 0.5176628984375 0.10115471093749999 0.520315046875 0.12469911250000001 0.5289531296875001 0.1758129640625 0.537457990625 0.1809957484375 0.7334267078125001 0.1954609578125 0.7390367140625 0.1956568640625 0.7467901828125 0.193338153125 0.7476004703125 0.17013451875000002 0.7429472046875001 0.1168390734375 0.7398860734375 0.105006284375 0.731381215625 0.0998234984375 0.71756895 0.09738684843749999 0.56522505625 0.0822953046875 0.523583771875 0.080841159375
45 0.47500785 0.07152302031249999 0.4473151578125 0.0686016546875 0.32259579375 0.058383410937500005 0.24278333281250003 0.055596298437500004 0.2410141953125 0.0565116765625 0.23985542343750002 0.089694575 0.254956578125 0.15471433125 0.263393275 0.1618490515625 0.382655896875 0.1691407 0.5006395343750001 0.17326077812500001 0.5009933609375 0.17307770312499998 0.5045997953125 0.1692950109375 0.5047361218749999 0.165391140625 0.4936503796875 0.0848770828125 0.485350009375 0.07383849218750001 0.47500785 0.07152302031249999
49 0.521361646875 0.19919508125000002 0.5176188859375 0.20688164375 0.5182943078125 0.287032165625 0.5267310046875 0.2941668859375 0.53360305625 0.296361178125 0.65836331875 0.305408259375 0.7400843390625 0.3082620203125 0.742879325 0.3053304328125 0.743781634375 0.2794917046875 0.7395012484375 0.2204928921875 0.7309963875000001 0.2153101078125 0.7241243374999999 0.21311581406250002 0.5370793734375 0.1968124828125 0.5266690515625 0.196448946875 0.521361646875 0.19919508125000002
40 0.2673008453125 0.30738658124999996 0.3870195375 0.31156725 0.5016353125 0.3126382484375 0.5069427171875 0.3098921140625 0.510685478125 0.3022055515625 0.5180396328125 0.25204103437500003 0.5195111031249999 0.209903625 0.5194685765625 0.209877709375 0.4557053625 0.20765104843749999 0.2828884546875 0.2092379796875 0.275880075 0.21094755625 0.2741109421875 0.2118629359375 0.27016369375 0.22540530312499998 0.260496953125 0.303240353125 0.2673008453125 0.30738658124999996
20 0.266327353125 0.3290454890625 0.26272091875000003 0.3328281796875 0.26238010312500004 0.34258785625 0.26373715625 0.4032190265625 0.26632114218749997 0.4287153640625 0.2680221140625 0.4297519203125 0.2748941640625 0.43194621250000004 0.3220603546875 0.43437501875000006 0.505976028125 0.44079749531249995 0.5126987421875 0.43731905937500004 0.5124322984374999 0.345456925 0.5073293828125001 0.3423472546875 0.3270883078125 0.33019015 0.2680964875 0.3281301109375 0.266327353125 0.3290454890625
16 0.5436080999999999 0.4538375296875 0.5504119859375 0.4579837578125 0.588583165625 0.459316725 0.7607283609375 0.4545794328125 0.7611264140625 0.454373471875 0.762850940625 0.40498949062499995 0.7616857484375 0.3774174015625 0.7587609453125 0.361680740625 0.7539982234375 0.35877838125 0.729707475 0.35793012968750004 0.7015382609375 0.3587053234375 0.5658632703124999 0.3637390265625 0.544906303125 0.3669158234375 0.5395988968750001 0.3696619578125 0.5392580812500001 0.379421634375 0.5436080999999999 0.4538375296875
12 0.5321905124999999 0.471125375 0.5223192875 0.55481623125 0.527422203125 0.5579259015625 0.54123446875 0.5603625515624999 0.636076934375 0.5688534609375 0.7400644749999999 0.572484784375 0.740595215625 0.572210171875 0.7444743 0.5606197390625 0.7491839687499999 0.5277318375 0.7508224390625 0.4808122 0.75073909375 0.48071157500000006 0.7421660734375 0.47748072500000005 0.5515146718749999 0.464960084375 0.5445744593749999 0.46471772656250004 0.5375660828125 0.46642730468750004 0.5321905124999999 0.471125375
24 0.27368303125 0.45916662031250005 0.2683756265625 0.46191275468750004 0.265240125 0.551701775 0.272554303125 0.5561589703125 0.50748055 0.564362775 0.51508783125 0.5604266499999999 0.514957715625 0.4646606453125 0.5098547984375 0.4615509734375 0.45433308749999995 0.4596121125 0.284161515625 0.45757822187499997 0.27368303125 0.45916662031250005
28 0.4326792765625 0.6991390375 0.4701016953125 0.705331646875 0.4887741765625 0.7059837046874999 0.49344023124999997 0.7002837000000001 0.51901015 0.627191821875 0.5197270796875 0.60666164375 0.5158998921875 0.604329390625 0.36042670625 0.5793569921875 0.289642103125 0.5692633078125 0.2872419453125 0.56917949375 0.2790496 0.5716294515625 0.2754431671875 0.57541214375 0.2522368171875 0.643002803125 0.248085078125 0.6624009765625 0.26006004531250004 0.667704940625 0.4326792765625 0.6991390375
8 0.522432053125 0.6560537125 0.52753496875 0.6591633828125001 0.631433690625 0.668654553125 0.71434353125 0.6747744499999999 0.7343834 0.67547425625 0.738938846875 0.67436303125 0.7409994796875 0.67256210625 0.7443519671875001 0.576559425 0.7354749484374999 0.574571978125 0.6210295796875 0.5686211421875 0.5342769046875 0.565591671875 0.5289694984375 0.56833780625 0.5236589890625 0.620918878125 0.522432053125 0.6560537125
4 0.5203044390625 0.6771837374999999 0.5149970328125 0.679929871875 0.5145198921875 0.69359341875 0.519551540625 0.7484899625 0.5222036906249999 0.7720343640625 0.529007578125 0.7761805921875 0.539938415625 0.7765623046875 0.7153058531250001 0.7641202734375 0.7415020640625001 0.7601492765625 0.7442970515625 0.7572176890625 0.7447469265625 0.7443349296874999 0.7402813390625 0.6956142359374999 0.7376291890625 0.672069834375 0.7325262718750001 0.6689601640625 0.6943550953125001 0.667627196875 0.551671728125 0.6743704765625 0.5203044390625 0.6771837374999999
0 0.6728633281249999 0.900026528125 0.6752516609375 0.8987907671875 0.6781605203125001 0.8154919484375001 0.67655714375 0.8041986281250001 0.6611802328125 0.79682155 0.6300855953125 0.7918270703125 0.48992921406249995 0.77794285 0.45259086249999997 0.776638965625 0.44807538593749996 0.7805853453125 0.444939884375 0.8703743640624999 0.4500428 0.8734840359374999 0.4811374375 0.8784785156250001 0.6454494796875 0.8990692156250001 0.6728633281249999 0.900026528125
32 0.3141881328125 0.7045773828125 0.251385390625 0.712155840625 0.2443770125 0.7138654171875001 0.242607878125 0.7147807953124999 0.2420625734375 0.7303962765625001 0.244987375 0.7461329375 0.2635586359375 0.811273871875 0.2719953328125 0.8184085921875001 0.278935546875 0.81865095 0.348746665625 0.809362915625 0.491907175 0.7889560890625 0.5103754265625 0.7849150984375 0.5110197234375 0.7664648796875 0.49946396093749995 0.7217960921875 0.49007608906250005 0.692153528125 0.48497317031250003 0.68904385625 0.46762263437499996 0.6884379625 0.4362553453125 0.6912512234375 0.3141881328125 0.7045773828125
14 1 0.23007828749999998 0.983736365625 0.22951035000000003 0.8898389874999999 0.2320943265625 0.8724202890624999 0.23344036875000002 0.8671128843749999 0.23618650312499997 0.8641818718750001 0.3201197171875 0.8646921624999999 0.320430684375 0.9203006296874999 0.322372575 0.9805327015625 0.32125130468749996 0.9979514015625 0.3199052625 1 0.3188452859375 1 0.23007828749999998
47 1 0.1212229140625 0.942204778125 0.1192046609375 0.872734475 0.11873301875 0.8604868546875 0.121236796875 0.8578966578125 0.195410334375 0.8610941125 0.203339253125 0.8661970296874999 0.20644892499999998 0.8895691296875 0.2087308328125 0.9818739765625001 0.2119541890625 0.99295818125 0.2079440484375 0.9965646140625 0.20416135624999998 1 0.18913654375 1 0.1212229140625