51 0.3630082609375 0.4410585703125 0.36495803125 0.445005909375 0.3725566515625 0.44974713906249997 0.3891655546875 0.45274924531250005 0.45246794218749997 0.44250005468750003 0.5019969859375 0.4405559015625 0.53366860625 0.43498892656250004 0.5422801734375 0.43786889218749997 0.5465625015625 0.43412954531250003 0.5509815765625 0.4133785921875 0.5529295859375 0.3959536703125 0.5560516421874999 0.28285363281250003 0.5534872046875 0.27080540468750003 0.5487437640625 0.26713331875 0.5296637921875 0.26745724375 0.50090841875 0.2700946921875 0.4629425953125 0.2669851953125 0.39330515 0.269442671875 0.3807182203125 0.2698999453125 0.3744817265625 0.270406340625 0.37333230781250004 0.27858488124999997 0.3760126828125 0.2915011390625 0.3719222515625 0.3265462859375 0.36844546093749997 0.357225171875 0.3678362296875 0.415022084375 0.3692700125 0.4285810953125 0.3630082609375 0.4410585703125
42 0.5022839734375 0.0198764890625 0.48541442031250004 0.020511067187500003 0.4186266984375 0.019918357812500002 0.407882153125 0.025087064062499997 0.40404544531250003 0.03456598125 0.3992366546875 0.04502140625 0.40194933906249997 0.055420778125 0.39601505625 0.06794427812500001 0.39606668125 0.0735171625 0.3855715609375 0.125026946875 0.384528303125 0.13155908125 0.3812462171875 0.1549123375 0.3802138765625 0.18037550625 0.3755374953125 0.1955319953125 0.37495181875 0.199699309375 0.3827384828125 0.20577564375000001 0.40748279375 0.2079174796875 0.45353254375 0.2063748453125 0.499766828125 0.208865396875 0.55025290625 0.2096159359375 0.559708371875 0.2082733140625 0.564835040625 0.2056544453125 0.5677818265625 0.200725584375 0.5708507515625 0.1877993859375 0.5802330203125 0.1311988609375 0.5840022890625 0.1043791234375 0.5911468281250001 0.0433852921875 0.59008698125 0.034887898437499995 0.5848983578125 0.030819307812500002 0.5608138546875 0.0257647640625 0.526598590625 0.0232936859375 0.5022839734375 0.0198764890625
6 0.149758728125 0 0.1321426796875 0.09737089374999999 0.1294280734375 0.1166863171875 0.1406624390625 0.11795253750000001 0.1292483484375 0.1320434640625 0.13600705625 0.1273163984375 0.1428131125 0.1382910578125 0.18103559687499998 0.15145475625 0.3216636765625 0.19407817031250002 0.3338772046875 0.1957946703125 0.3378747953125 0.1944238296875 0.34404494531249996 0.187944359375 0.3532990640625 0.16486748906249998 0.3699774703125 0.0800537515625 0.37381285625 0.0545456375 0.37760089375 0.0133358015625 0.373256171875 0.0050446234375000005 0.3645661515625 0 0.149758728125 0
10 0.0984114453125 0.3964863265625 0.2817775984375 0.4251508859375 0.31005116718750003 0.42912447656249997 0.3356587953125 0.2528422921875 0.3329977375 0.24801580156249997 0.13144905625 0.2029930984375 0.12487753593749999 0.205200196875 0.111425415625 0.30091701249999997 0.0984114453125 0.3964863265625
14 0.08767537343750001 0.492361390625 0.07559848125 0.595445353125 0.077292365625 0.59680001875 0.1286735625 0.604021175 0.28328501250000004 0.6146156625 0.29126671718749997 0.6112849171875 0.308956028125 0.4378971375 0.10674354999999999 0.40947802656250004 0.0984760015625 0.4155109375 0.08767537343750001 0.492361390625
18 0.0342836296875 0.8168410906249999 0.0406582796875 0.8235962046875 0.046426525 0.824406878125 0.2468807375 0.8188915250000001 0.26501525 0.6484284390624999 0.258717678125 0.6475433734375 0.054409678125000006 0.6392429140625 0.050099945312500005 0.66990825 0.0342836296875 0.8168410906249999
22 0.020476403125 0.935943284375 0.23006622656250003 0.9653992125 0.23827243281250002 0.8299775703125001 0.2320298609375 0.8268739843749999 0.027620965625 0.8437843375 0.025071620312499997 0.8479940390625 0.022850057812499998 0.863801278125 0.020476403125 0.935943284375
47 0.31225884375 0.6345559703125 0.49313642968750004 0.6599766578125 0.5172959265625 0.49971753906250005 0.3435821578125 0.45860677812499995 0.336010525 0.4709001609375 0.3144253328125 0.6191406046875 0.31225884375 0.6345559703125
38 0.2844221453125 0.7989433 0.2829021171875 0.80975885625 0.2827777109375 0.8135399234375 0.4512298140625 0.8670975703125 0.452511828125 0.8672777453125 0.4583854890625 0.864935 0.4881513421875 0.7066019765625 0.32096622343750003 0.6420911359375 0.32008768125 0.6419676640625 0.3155615984375 0.6456129265625 0.2844221453125 0.7989433
44 0.2775146109375 0.9720676484374999 0.45681210156249996 0.9972662671875 0.475174453125 0.8666113546875 0.47102945625 0.8604631875000001 0.2947608234375 0.861292134375 0.290647703125 0.866916409375 0.2854735046875 0.903732746875 0.2775146109375 0.9720676484374999
27 0.6369278953124999 1 0.6513690859375 0.8766597656249999 0.4972873390625 0.85611235625 0.481390996875 0.9692207078124999 0.4810435578125 0.971826515625 0.48101305937500005 0.9719098828125 0.47991829687500004 0.9796995140625 0.5495827625 1 0.6369278953124999 1
27 0.59744431875 0.843466721875 0.6657595171875 0.853067796875 0.6826182640625 0.704051359375 0.5365343734375 0.6623712203125 0.5305484640625 0.669321834375 0.5206289515625 0.7349362625 0.5077666 0.8264566515625 0.59744431875 0.843466721875