27 0.7676818671875 0.429655103125 0.7987506828125001 0.6383011484375001 0.8014945250000001 0.6431398234375 0.8049992140625 0.6465396765625 0.8486610921875 0.6475341984375 0.9158792968749999 0.647434390625 0.9313119265625 0.6449901031249999 0.932072775 0.6435512812499999 0.9331870921875 0.6381015375 0.9295206593750001 0.614952590625 0.9008122343749999 0.45866525312500006 0.893587196875 0.42553342499999997 0.88581696875 0.42017253906249996 0.786918740625 0.4200167125 0.76955703125 0.4227665359375 0.7676818671875 0.429655103125
23 0.79751748125 0.1080069265625 0.7265273890625 0.11925065312500001 0.72492960625 0.1222721765625 0.7275775859375 0.138990859375 0.7366627968749999 0.1869886765625 0.7651555640625001 0.3169438890625 0.7775687312499999 0.37034702343750003 0.7803125734374999 0.3751856984375 0.7838172640625001 0.37858555156249996 0.802662328125 0.3777100890625 0.9157063421875 0.3598056765625 0.9176845484375 0.3560647421875 0.914425496875 0.33548790156249997 0.8696614046875 0.1527406265625 0.856541303125 0.10735934375 0.8487710734375 0.10199845781250001 0.79751748125 0.1080069265625
31 0.6051611453125 0.495999925 0.6016612421875001 0.5026185 0.6036574109374999 0.515221815625 0.60969625625 0.5308761109375 0.668047796875 0.6745585562499999 0.677501465625 0.6967908921875 0.6828753234375 0.7020040015625 0.690251215625 0.700835775 0.78444554375 0.641621509375 0.7878963203125 0.6384383328125 0.791396225 0.6318197578125 0.790182228125 0.6241548859375 0.720528475 0.43158654687500003 0.717023784375 0.42818669375 0.70930746875 0.42940883750000003 0.7019985359375001 0.4332030859375 0.608611921875 0.4928167484375 0.6051611453125 0.495999925
35 0.5746349937499999 0.46682229218750004 0.5649896 0.46834997187500005 0.5557515875 0.47244975624999996 0.46885914531250006 0.523124959375 0.4600285140625 0.52979685 0.45789813749999997 0.533825546875 0.45973135468750004 0.5454000203125 0.4629340984375 0.554384615625 0.4889586453125 0.6188150593749999 0.537041753125 0.7351209546875 0.5393782140625001 0.737387525 0.551917225 0.7354015406250001 0.5555716921875 0.7335044140625 0.647843990625 0.6793405 0.6516482328125 0.672146396875 0.6504260890625 0.6644300828125 0.578139684375 0.47022214531250006 0.5746349937499999 0.46682229218750004
3 0.43993315468749994 0.517159875 0.42988037968750004 0.51611545 0.3390308328125 0.517585128125 0.31773381093749997 0.52095824375 0.315603434375 0.52498694375 0.31581909218750004 0.5513190640625 0.3225519640625 0.728045296875 0.32610358906250003 0.750469378125 0.33099398125 0.7532542640625 0.34490491562500003 0.7536876171875 0.44331643749999994 0.7510202390625 0.45898056093750006 0.748539284375 0.4626326359375 0.741632946875 0.461194834375 0.707584509375 0.4525080640625 0.5903121015624999 0.448625975 0.5408310328125 0.4453669234375 0.52025419375 0.43993315468749994 0.517159875
43 0.14629560625 0.5715773765625001 0.1447739078125 0.5744550187499999 0.15013097343749998 0.6082781984375 0.1967091234375 0.7837510921875 0.200267728125 0.7937339765625 0.20494064843749998 0.7982671156250001 0.23580589999999998 0.7933785390625 0.3248970015625 0.775312953125 0.3304665140625 0.768027590625 0.329960196875 0.7648308296875 0.2837214953125 0.5590394515625 0.280570271875 0.551628671875 0.274729121875 0.5459622515625 0.24000570312499997 0.5514619 0.1709662484375 0.565033303125 0.14629560625 0.5715773765625001
52 0.1304856015625 0.5797544375 0.0121206359375 0.5959011234375 0.0490842578125 0.8292802484375 0.14824201875 0.813575203125 0.151663384375 0.8071051499999999 0.1519629375 0.79651119375 0.138363659375 0.598281384375 0.1359193703125 0.5828487546875001 0.1304856015625 0.5797544375
7 0.23000645312499998 0.2267629171875 0.122684975 0.23585108593749998 0.10725234531250001 0.238295375 0.10380156874999999 0.24147855312500002 0.1015190234375 0.245795015625 0.10132729843749999 0.2695550328125 0.1087571078125 0.48688880625 0.11302442812499999 0.5138316046875 0.1157113578125 0.516438159375 0.14119676406249998 0.5150382984374999 0.2187094921875 0.506584596875 0.2577251015625 0.50040513125 0.2592779515625 0.4989727015625 0.2626748125 0.48920649374999997 0.2464155890625 0.24921193437500003 0.24356391875 0.2312071984375 0.24005922968750001 0.22780734374999997 0.23000645312499998 0.2267629171875
11 0.4114465046875 0.187479128125 0.403322809375 0.18612916562499998 0.297523028125 0.192339690625 0.28016131875 0.19508951562500002 0.27671054375000004 0.1982726953125 0.275650140625 0.210305471875 0.2837378046875 0.3487657921875 0.288235453125 0.41149729218750003 0.2970705375 0.46727982187499995 0.29978742187499996 0.46882698125 0.3910397421875 0.4634704 0.4392184765625 0.4558396375 0.4406640890625 0.453105878125 0.44096364218749995 0.442511921875 0.42575876875 0.2840858328125 0.418617628125 0.21402792656249997 0.41495119531249997 0.19087898125 0.4114465046875 0.187479128125
15 0.5452838484375 0.14479285625 0.4476077640625 0.15235334375 0.4206006609375 0.1566308484375 0.418318115625 0.1609473109375 0.4180185625 0.1715412671875 0.4439465484375 0.40578584375000004 0.4463704671875 0.4210898671875 0.45139385625 0.425962990625 0.4556593953125 0.4279240234375 0.48500295937500004 0.4259130890625 0.5571936375 0.4197524640625 0.5899879765625 0.41455834999999996 0.592270521875 0.4102418890625 0.5933848390625001 0.40479214375000006 0.5720931765625 0.25787661875 0.5549831562499999 0.14984820625 0.551478465625 0.14644835312499999 0.5452838484375 0.14479285625
19 0.6784154546875001 0.11263304375000001 0.668770059375 0.11416072343749999 0.5600347125 0.1392925953125 0.5565839375 0.142475771875 0.554681815625 0.14607282187499998 0.556718721875 0.1589333484375 0.5639707171875 0.19535669375 0.5987659296875 0.340133465625 0.6139229390625001 0.398375271875 0.61666678125 0.40321394687499995 0.6221005500000001 0.406308265625 0.63174594375 0.404780584375 0.7439320671874999 0.3764655359375 0.751241 0.3726712859375 0.753523546875 0.368354825 0.7506718765625 0.350350090625 0.6861856828125 0.1179939296875 0.6784154546875001 0.11263304375000001
2 0.694988225 0 0.7047270515624999 0.044659301562499996 0.7104399953125 0.052191668749999996 0.724144721875 0.050021053125000006 0.8380791265624999 0.006400325 0.8414636203124999 0 0.694988225 0
34 0.5220542921875 0 0.5330989484375 0.06973321875 0.5382391609375 0.0747196703125 0.6732746765625001 0.053332146875 0.6770789203125 0.0461380421875 0.6765637109375 0.0303998765625 0.6735304 0 0.5220542921875 0
30 0.37038954999999996 0.08120015 0.3770604203125 0.1233183703125 0.37764453593749997 0.12388501249999999 0.526183603125 0.10035873437500001 0.5269444515624999 0.098919915625 0.5231701906249999 0.0626049078125 0.5146151796875 0.0085907015625 0.5087740296875001 0.0029242796875 0.5025794125 0.0012687828125 0.38754161875 0.0115790953125 0.370179909375 0.014328918749999999 0.36485396875 0.0244006625 0.37038954999999996 0.08120015
26 0.1967843828125 0.06382675 0.228721428125 0.18306659218750002 0.23146526875 0.187905265625 0.23923549843749997 0.193266153125 0.2488808921875 0.19173847187499998 0.37223410625 0.159018103125 0.37603835 0.15182400000000001 0.3711497734375 0.12095873906250001 0.35191895 0.03699588125 0.3475455828125 0.0218687859375 0.3440408921875 0.018468932812499998 0.195501825 0.041995209374999995 0.1938279578125 0.0451606140625 0.1967843828125 0.06382675
22 0.019016984375 0.0900915015625 0.0487623359375 0.21921553437500002 0.0569399453125 0.2271485234375 0.162574384375 0.214899940625 0.19961269375 0.2090336484375 0.20202823749999999 0.20680542656249998 0.2043107828125 0.2024889640625 0.1998295875 0.1741958078125 0.17652494999999999 0.0645119 0.1717442015625 0.0468127 0.1708096171875 0.045906071874999996 0.019955656250000002 0.06979899218749999 0.016760090624999998 0.0758420390625 0.019016984375 0.0900915015625
18 0 0.2248294265625 0.034932878125 0.21929660156250003 0.036378490624999996 0.21656284375 0.0362706625 0.20339678125 0.028506484375000002 0.10443464375 0.0240252890625 0.076141490625 0.020520598437500003 0.07274163593750001 0 0.0738687921875 0 0.2248294265625
38 0 0.5193744390624999 0.003464671875 0.5412495171875 0.013883584374999999 0.542732853125 0.0725707125 0.5387109828125001 0.0957196578125 0.5350445500000001 0.0991704328125 0.531861371875 0.10104559843750001 0.5249728046875 0.1012373234375 0.5012127875 0.096468675 0.2963110875 0.095953465625 0.280572921875 0.0926944140625 0.25999608125 0.08918972343750001 0.256596228125 0 0.2635353265625 0 0.5193744390624999