37 0.5004006859375 0.71238294375 0.5013312125 0.7137183171875 0.5090480687500001 0.7165935484375 0.5848100046875 0.7296622312500001 0.6043293578125 0.7303438609375 0.6053507671875 0.729076653125 0.6074844703125 0.7239396546875 0.611163203125 0.6745587937499999 0.6130717703124999 0.6199046078125 0.61028019375 0.6158984921874999 0.5211273624999999 0.594544928125 0.5113676859375 0.5942041125 0.5062606374999999 0.60054015625 0.502945440625 0.6395106984375001 0.5004006859375 0.71238294375
25 0.717151021875 0.6167641734375 0.701535540625 0.61621886875 0.6346244375000001 0.6295168062500001 0.6286777484375 0.631914896875 0.6266349296875 0.6344493156250001 0.6256806453125 0.6617764078125 0.625747771875 0.6878362921875001 0.6280157296875 0.7348190625 0.6303923390625 0.7406347156249999 0.64147933125 0.74102188125 0.7074780828125 0.7258680562500001 0.7193714625000001 0.721071875 0.7224356921874999 0.7172702484375 0.7233445328125 0.6912444453125001 0.7199425984375 0.6207702890625 0.717151021875 0.6167641734375
25 0.483870178125 0.65969060625 0.48477901875 0.6336648031250001 0.4819874421875 0.6296586875 0.3679138734375 0.5944061031250001 0.364010003125 0.5942697765625 0.36094577499999997 0.598071403125 0.358448534375 0.613618721875 0.351219134375 0.686327378125 0.3499831109375 0.7217224703125 0.35165805781250004 0.7241261390625 0.460148471875 0.7513664953125 0.4718600828125 0.7517754734375 0.47288149218750003 0.7505082640625 0.475015196875 0.7453712671875 0.483870178125 0.65969060625
46 0.3357152015625 0.6154306109375 0.333945034375 0.6101572875 0.333014509375 0.6088219140625 0.317399028125 0.608276609375 0.2229790640625 0.625825425 0.1914754484375 0.63254255625 0.1874806953125 0.635008809375 0.18432558125 0.6414130171875 0.1841438140625 0.6466181765625 0.19158387187499998 0.7693484296875 0.19437544843750001 0.77335454375 0.206087059375 0.7737635234375 0.3362780453125 0.73922358125 0.34138509375 0.7328875390625 0.3416577453125 0.725079796875 0.3357152015625 0.6154306109375
29 0.6484617171875 0.47391534843749994 0.6347981703125 0.4734382078125 0.6296911234375 0.4797742515625 0.6262850421875 0.521347371875 0.6241947078125001 0.5812067187500001 0.6251252328125 0.582542090625 0.62893821875 0.585280996875 0.6522705578125 0.5887015328125 0.69902611875 0.592940028125 0.7146416 0.5934853328125 0.7177058296875 0.58968370625 0.72479064375 0.4987297234375 0.7249724109375 0.49352456250000004 0.72227171875 0.48691586718749996 0.6970783296875 0.4808245859375 0.6484617171875 0.47391534843749994
33 0.7075072640625 0.30530037656250003 0.7065767390625 0.3039650046875 0.6480186828125001 0.3019201125 0.6186487703125 0.303500246875 0.614654015625 0.3059665 0.6130197609375 0.30799403281250004 0.6118700765625 0.340916675 0.6157621625 0.41414399062499996 0.618553740625 0.41815010468749997 0.628313415625 0.41849092031249996 0.6969038000000001 0.4130688875 0.7067543609375 0.410807121875 0.711861409375 0.4044710796875 0.7120431765624999 0.39926591875 0.709186546875 0.3131762796875 0.7075072640625 0.30530037656250003
1 0.610265175 0.16301791875 0.6086309203125 0.16504545312500002 0.6057680703125 0.24702673125 0.60592608125 0.270484034375 0.610578709375 0.27716089374999997 0.67892805 0.2842380625 0.700594525 0.284994671875 0.7032501890625 0.2816999296875 0.70475185 0.1827337171875 0.7000992234375001 0.1760568578125 0.663194221875 0.16955659843749998 0.6282229765625 0.16364501874999998 0.610265175 0.16301791875
41 0.60583998125 0.021110370312499998 0.608329153125 0.10093336718749998 0.6111207296875001 0.10493948125000001 0.6227414578125 0.1079510390625 0.6927657375 0.11743187656250001 0.701159059375 0.117724978125 0.7056532609375 0.1121492609375 0.70628945 0.0939311984375 0.7051121031250001 0.0157174640625 0.7034328203125 0.0078415609375 0.7026884 0.0067732625 0.6086832 0.0034905281250000005 0.6062853140625 0.008357728125 0.60583998125 0.021110370312499998
9 0.5836314796875001 0.1925751734375 0.5738718046875 0.1922343578125 0.4838101328125 0.196906596875 0.47981537812499997 0.19937285 0.47920253125 0.200133175 0.47799922656250005 0.2345913375 0.4851000484375 0.299878925 0.4883677296875 0.3182333125 0.5119861515624999 0.31905808593749996 0.5932052421875 0.31016842499999997 0.5962694703125 0.3063668 0.5964512390625 0.301161640625 0.5940015140625 0.259384028125 0.5882841078125 0.19925203125 0.5836314796875001 0.1925751734375
9 0.324031646875 0 0.323980953125 0.0000628921875 0.319259125 0.0233497890625 0.311676521875 0.0725943234375 0.31122210156249996 0.0856072265625 0.3121526265625 0.08694259843749999 0.439028415625 0.0913731984375 0.44209264375 0.087571571875 0.44431723125 0.07983199375 0.454397075 0.0150401390625 0.4548514953125 0.0020272390625 0.45392097031249995 0.0006918671875 0.44712626718750004 0 0.324031646875 0
13 0.481500978125 0 0.48079343437500005 0.0202614140625 0.485157290625 0.10236476875 0.491761853125 0.10910978906249999 0.5529957140625 0.11567790468750001 0.5936935609375 0.1170991046875 0.5961449453125 0.1140578046875 0.59650848125 0.103647484375 0.5920634515625001 0.007079359374999999 0.589271875 0.0030732453125 0.501265665625 0 0.481500978125 0
13 0.4774391890625 0.13310371875 0.4746476125 0.12909760312500002 0.361980675 0.1095286625 0.35807680468749997 0.10939233749999999 0.351017821875 0.1156602171875 0.3316081359375 0.2181702734375 0.3308537984375 0.2397716921875 0.331970428125 0.24137413749999997 0.40596219843750003 0.24916949531250002 0.454760578125 0.2508735734375 0.4578248078125 0.247071946875 0.477257421875 0.1383088796875 0.4774391890625 0.13310371875
33 0.1608359171875 0 0.1478048484375 0.06426604687500001 0.1475321953125 0.0720737875 0.148462721875 0.0734091578125 0.29876173281249996 0.078657715625 0.2997831421875 0.0773905078125 0.313675971875 0.015337559375 0.3139486234375 0.00752981875 0.311157046875 0.0035237031250000004 0.3073440609375 0.000784796875 0.2996367125 0 0.1608359171875 0
1 0.31391348125 0.22120042031249998 0.307880053125 0.1141538140625 0.30517936093750003 0.1075451171875 0.2896547640625 0.104397234375 0.18638396562499998 0.0955794296875 0.1551530015625 0.0944888203125 0.1520887734375 0.0982904453125 0.1511989375 0.10138627656250002 0.1506614234375 0.1167786796875 0.1591652953125 0.23143101875 0.1656789734375 0.24077862031250002 0.30630919375 0.24308378125000002 0.3122558828125 0.24068569062499998 0.3132772921875 0.23941848281250003 0.31391348125 0.22120042031249998
17 0.45301251093749995 0.26175669375 0.35523398125 0.2635537015625 0.3336718109375 0.2654064875 0.33135806093750003 0.27010290625 0.3307630734375 0.28714113124999996 0.33673189375 0.373652140625 0.3381385234375 0.389335784375 0.339908690625 0.39460910781249997 0.3433872671875 0.3975969125 0.354448225 0.39798317031249997 0.46426555468749997 0.387225853125 0.46732978437500006 0.38342422656249997 0.4678750890625 0.36780874531249996 0.46156900937499995 0.2685698796875 0.45877743125 0.2645637640625 0.45301251093749995 0.26175669375
41 0.32205221562499997 0.2931428671875 0.19993274375 0.2737649875 0.1891971046875 0.273390090625 0.1848497609375 0.276625759375 0.1827160578125 0.28176275624999997 0.16783434531250002 0.3861246734375 0.1669255046875 0.4121504765625 0.16925181875 0.41548890624999996 0.298345590625 0.427293071875 0.30914628906249997 0.42767024062500003 0.315465190625 0.4258062984375 0.318620303125 0.4194020921875 0.33192445937500004 0.31824227656250004 0.3325606484375 0.3000242140625 0.32976907187500004 0.2960180984375 0.32205221562499997 0.2931428671875
21 0.4794678171875 0.4527702890625 0.36039976875 0.4486123421875 0.35784624531250003 0.4517803640625 0.3545744171875 0.5454732546875001 0.355013959375 0.5746730484375 0.4227038078125 0.5770368312499999 0.4751962640625 0.5750915640625001 0.482255246875 0.5688236828125001 0.48261878437499994 0.5584133609374999 0.4835751390625 0.47506262968749996 0.48225939375 0.4567764046875 0.4794678171875 0.4527702890625
50 0.33896255468750003 0.5084475203125 0.3400531640625 0.47721655625 0.3372615875 0.4732104421875 0.20916093593750001 0.4478910390625 0.197449325 0.44748205937499996 0.194385096875 0.45128368593749996 0.192069625 0.4616258421875 0.186851203125 0.5131243999999999 0.1842685796875 0.58708105625 0.1847338421875 0.5877487421875001 0.3053902890625 0.6023851734375001 0.3268615765625 0.6031349671874999 0.32992580625 0.5993333421875 0.33251392968750004 0.58118344375 0.33896255468750003 0.5084475203125
5 0.5991490296875 0.3862034296875 0.5620622609375 0.38490833125 0.49551469531250003 0.38779594687499996 0.4928590296875 0.3910906890625 0.4916775359375 0.42492423281249997 0.492900740625 0.49063195000000004 0.4943982546875 0.5037130140625 0.49718983124999994 0.507719128125 0.5069495078124999 0.50805994375 0.5931981937499999 0.5006487984375 0.60109681875 0.498318871875 0.6021182281249999 0.49705166093750003 0.603117953125 0.4684232796875 0.60194060625 0.39020954375 0.5991490296875 0.3862034296875