40 0.57599665625 0.8214658874999999 0.5745254125 0.8185621265625 0.5858306328125 0.7544470375000001 0.5843593890625 0.7515432796875 0.5897858953124999 0.7207680375 0.587873278125 0.7169931484375 0.5563286546875 0.7114309796875 0.554428125 0.7132113375 0.5409639562499999 0.710837240625 0.5385882953125 0.7130626875 0.5212772218749999 0.7100102781250001 0.5179512953125001 0.7131259046875 0.5124343484375 0.74441406875 0.5130228453125001 0.7455755703125 0.5137584671875 0.7470274515625001 0.5074275453125 0.7829319015625 0.5088987890625 0.7858356609375 0.50211565625 0.8243047140625 0.5054995171875001 0.8309833624999999 0.5158861609375001 0.8328148078125001 0.517786690625 0.83103445 0.5524088375 0.83713926875 0.5547845 0.834913821875 0.56824866875 0.8372879187500001 0.5741878218750001 0.8317243 0.57599665625 0.8214658874999999
40 0.4355355109375 0.15980947343750002 0.4318032234375 0.16972873125000001 0.41981655937499995 0.21521328281250002 0.41503908593750005 0.2349967375 0.402128525 0.3082161671875 0.4023492125 0.30865173125 0.41512903906250004 0.3120951140625 0.47821827031249997 0.3232194484375 0.4804751484375 0.3211052734375 0.49788831718750004 0.2448454796875 0.5115691984375 0.1785049453125 0.5059676359374999 0.1709063890625 0.43909900312500005 0.156471303125 0.4355355109375 0.15980947343750002
44 0.30751883125 0.30264015624999996 0.284437403125 0.29857027812500003 0.2351524171875 0.2946398171875 0.231588925 0.29797798750000004 0.2307405640625 0.29941500312499997 0.22820819375 0.31377678124999997 0.22402225312500001 0.3971287046875 0.2234616875 0.4340506234375 0.225075971875 0.44041724843749996 0.2495422859375 0.44473131875 0.2953650578125 0.4480512984375 0.30130421093750004 0.4424876796875 0.3026608375 0.43479386875000003 0.3104504828125 0.3118834078125 0.3094314484375 0.30641504531249997 0.30751883125 0.30264015624999996
44 0.1439807609375 0.27856379375 0.13628695156249998 0.27720716875 0.13272345937500002 0.2805453390625 0.1297713875 0.2871645265625 0.10786639375 0.41139392187499996 0.11096325781250001 0.42082496562499994 0.17455181250000001 0.442614703125 0.1803221703125 0.44363217343750005 0.1838856625 0.440294003125 0.1889745765625 0.42268093437500004 0.211247425 0.3076129328125 0.209040559375 0.30325729218749997 0.2037224109375 0.2996752203125 0.1439807609375 0.27856379375
44 0.1582339625 0.5846472656249999 0.16014657968749998 0.5884221546874999 0.20901785312499999 0.6073524046875 0.22781960625000003 0.6106676609374999 0.22876987031249998 0.6097774828125 0.25455171875 0.5063022234375001 0.2578496140625 0.48759893749999994 0.252568140625 0.4804345828125 0.20052030156249998 0.460679784375 0.1870561328125 0.45830568749999995 0.18349264062499998 0.4616438578125 0.1686347640625 0.525661384375 0.1582339625 0.5846472656249999
44 0.2679407859375 0.6193287109375001 0.3364157 0.6314026859374999 0.33926649375 0.62873215 0.3605203078125 0.5081957828125 0.356842196875 0.500936384375 0.28997356406249997 0.4865013 0.284034409375 0.49206491718749995 0.27499023437500003 0.5433569874999999 0.26470405 0.6129404390625 0.2679407859375 0.6193287109375001
0 0.36830024687499996 0.31560525 0.343747571875 0.308631609375 0.3394484578125 0.3105179 0.33543275625 0.3164206734375 0.33170046875 0.32633993125 0.305128675 0.41742379218750003 0.300062428125 0.4461559015625 0.3030362578125 0.4495361546875 0.3179716703125 0.45481401093749996 0.3363861734375 0.4600442390625 0.373893503125 0.46665779374999994 0.37448741874999997 0.4661014328125 0.3833086203125 0.43856910625 0.40502090468749996 0.3604230234375 0.4099952015625 0.332212384375 0.40778833593749997 0.3278567453125 0.36830024687499996 0.31560525
0 0.501091178125 0.6985179140625 0.43377033593750003 0.6866474328125001 0.43186980625000004 0.688427790625 0.41337446718750004 0.793320075 0.4117809 0.8057319187499999 0.41398776562500006 0.8100875593750001 0.479837365625 0.8190542796875 0.48102519531250004 0.8179415562499999 0.5018268 0.69996979375 0.501091178125 0.6985179140625
32 0.5158128109375 0.3467721578125 0.46860798593749997 0.3310445203125 0.4474500109375 0.32731379843749997 0.44436165 0.3302068796875 0.4397249453125 0.3452553453125 0.4152203859375 0.431926271875 0.40982101249999997 0.46254763906249996 0.41151294375 0.46588696250000006 0.42644835625 0.47116482031249995 0.4602565296875 0.481885925 0.48179919687500006 0.48568447812500004 0.4825118953125 0.4850168453125 0.48533976562500003 0.4802267953125 0.4908808890625 0.460049121875 0.514854215625 0.369080021875 0.5180196765625 0.35112779843749997 0.5158128109375 0.3467721578125
32 0.3707033859375 0.673147121875 0.343322840625 0.670963534375 0.3409471796875 0.67318898125 0.3364250921875 0.6988350156250001 0.32642232031249996 0.7724349515625 0.3251803109375 0.7907263328125 0.3259159328125 0.7921782125 0.330702265625 0.795402078125 0.3372420171875 0.7965552125 0.391313321875 0.8037095375 0.39487681406249997 0.8003713671874999 0.40663424375 0.733691675 0.4133027578125 0.6846250515625 0.4110958921875 0.6802694109375 0.3707033859375 0.673147121875
28 0.5327837890625 0.3450047875 0.5315959593749999 0.346117509375 0.527112421875 0.3642339734375 0.5057681656249999 0.48528326093749996 0.5059888531250001 0.485718825 0.52119558125 0.48945791562499996 0.5781297890625 0.499496953125 0.580267884375 0.4974940515625 0.6052539859375 0.367038428125 0.60423495 0.36157006406250003 0.6034993281250001 0.360118184375 0.53900635625 0.343457653125 0.5327837890625 0.3450047875
24 0.230676034375 0.648456521875 0.1787428125 0.6392992937499999 0.1609795296875 0.6388114890625001 0.1597917 0.6399242125 0.15683962812500002 0.6465434 0.156364809375 0.649236234375 0.15063916718749998 0.7255735984375 0.1490595671875 0.757027153125 0.1525905515625 0.763996178125 0.1583609203125 0.76501365 0.20897001249999997 0.7715574921874999 0.2202273140625 0.7695759468750001 0.22339277656249998 0.7516237234375 0.2319784828125 0.6579413703125 0.23141165625000001 0.649908403125 0.230676034375 0.648456521875
24 0.6783850140625 0.503424084375 0.7023520796875 0.3675000984375 0.7001452140625 0.363144459375 0.681362896875 0.357188290625 0.629881884375 0.3454664578125 0.6254139750000001 0.353933834375 0.6094669453125 0.43706299687500005 0.6013950171875 0.48284116875 0.6030869484375 0.48618049374999994 0.608405096875 0.48976256874999996 0.6690511640625 0.5057447859375 0.67289806875 0.5064230984375 0.6771971828125001 0.504536809375 0.6783850140625 0.503424084375
20 0.7267831546875 0.3543553109375 0.7253577578125 0.3556905796875 0.7111810125 0.43609090000000006 0.703099503125 0.49429578125000007 0.70530636875 0.498651421875 0.7433232125 0.5079991578125 0.7760219078125 0.5137648203125 0.7795854 0.51042665 0.785916321875 0.4745221984375 0.797444515625 0.38664736718750004 0.7977821078125 0.3734851921875 0.7936517890625 0.3687903953125 0.7267831546875 0.3543553109375
20 0.6715184234375 0.5519269140625 0.6633724046875 0.5531348921875 0.6617094406249999 0.5546927046875 0.6502233375 0.619833634375 0.643306421875 0.672558534375 0.64446001875 0.6809593984375 0.6728721546875 0.685969225 0.708987225 0.6881063421875 0.716397621875 0.685446484375 0.726346215625 0.6290252062499999 0.7361801921875 0.562006359375 0.7325020828125 0.5547469578124999 0.6715184234375 0.5519269140625
16 0.757969384375 0.5486601703125 0.7485182203125 0.6022603859375 0.7404611984375 0.6738235031250001 0.7432565624999999 0.679340646875 0.8146166546875 0.69192335625 0.8177368968750001 0.6742275921875 0.8264372203124999 0.591142809375 0.8285836468750001 0.567722221875 0.8275646109375 0.5622538578125 0.8268289890625 0.5608019765625001 0.757969384375 0.5486601703125
16 0.7366140015625 0.26485901875 0.725610953125 0.34581894687500003 0.72781781875 0.3501745875 0.7501187453125 0.355296796875 0.805610328125 0.3650814609375 0.8078672078125001 0.3629672859375 0.8259492984374999 0.21542825781250002 0.8222711890625 0.2081688578125 0.7491799875 0.19528090625 0.7488236390624999 0.195614725 0.7366140015625 0.26485901875
4 0.461460828125 0.5177968671875 0.45925396249999995 0.5134412265625 0.3930667734375 0.5176366812500001 0.39032330000000004 0.5191361875 0.3854118109375 0.5469906296875 0.38318487968750004 0.6467890734374999 0.3853917453125 0.6511447125000001 0.38923865 0.6518230265625 0.4194470671875 0.6492165640625001 0.45587805000000003 0.64506296875 0.45944154218750005 0.6417247984375 0.46079816874999996 0.6340309875 0.46180468125 0.5495895796875 0.461460828125 0.5177968671875
4 0.9137723203125001 0.27467765625 0.8849205359375001 0.269590309375 0.8553222843749999 0.266486809375 0.8375590015625001 0.2659990046875 0.833995509375 0.269337175 0.8307154296875 0.27669182812500004 0.8087801734375001 0.3785976578125 0.8029014578125 0.4119375015625 0.8036370796875 0.41338938281250004 0.8078915999999999 0.416255040625 0.81577775 0.4176455828125 0.8771804890625001 0.4237127296875 0.88311964375 0.4181491125 0.9143283109375 0.28614635625 0.9152327281250001 0.28101714843750003 0.9142136937500001 0.275548784375 0.9137723203125001 0.27467765625
49 0.6098436671874999 0.7048688624999999 0.5890420625 0.8228406250000001 0.59051330625 0.825744384375 0.604158678125 0.8293403843749999 0.65859238125 0.838938515625 0.6784669578125 0.726224190625 0.6774479234374999 0.7207558265625 0.6767123015625 0.719303946875 0.657929984375 0.7133477765625 0.612219328125 0.702643415625 0.6098436671874999 0.7048688624999999
49 0.2423924765625 0.23333371875000003 0.235307871875 0.27351250781249997 0.262643828125 0.2804480453125 0.3088066859375 0.288587803125 0.312245978125 0.28707877187499997 0.3158094703125 0.2837406015625 0.333789465625 0.21551377500000002 0.3494727796875 0.14793971875 0.350241534375 0.14357989375 0.349731390625 0.136350221875 0.3492900171875 0.1354790953125 0.27365985937500004 0.1221434578125 0.269965415625 0.12757400937500002 0.25888316875 0.16792935312499999 0.2423924765625 0.23333371875000003
36 0.1709063515625 0.1011164671875 0.1669557515625 0.10327575781250001 0.1604349 0.140257340625 0.159655309375 0.148052896875 0.151184221875 0.252332821875 0.152938878125 0.259253065625 0.1566615828125 0.26176051718750004 0.2282140203125 0.2743771421875 0.2334404765625 0.269481159375 0.24643365312499999 0.1395552 0.24767566093750001 0.12126381875 0.24546879531250002 0.1169081796875 0.24207410000000001 0.1136652625 0.1709063515625 0.1011164671875
36 0.8522900812499999 0.75383290625 0.850083215625 0.749477265625 0.8207792171875001 0.7469545203125 0.7833292000000001 0.7456397515625001 0.7797657078125 0.748977921875 0.7767798765625 0.7569133296875 0.7586312296875 0.8598394171875 0.7601519328124999 0.8658369625000001 0.80676700625 0.871412115625 0.826453740625 0.872239078125 0.8300172328125001 0.8689009078125001 0.8364627734375001 0.8435940296875 0.8522900812499999 0.75383290625
45 0.7679167765625 0.72732051875 0.72560081875 0.719859075 0.700143725 0.7180146421875 0.6965802328125 0.7213528124999999 0.69219318125 0.741733978125 0.6752127406249999 0.8380348390625001 0.6780982328125 0.8407913203125 0.6842532921875 0.8418766218749999 0.736593490625 0.84872570625 0.7440038890625 0.8460658484374999 0.748188384375 0.8335819875 0.759608221875 0.7800644703125 0.7686523984375 0.7287724 0.7679167765625 0.72732051875
45 0.39556562031250003 0.14072995625 0.3499695828125 0.140623165625 0.3418235640625 0.14183114375 0.338611003125 0.1465533625 0.3376010703125 0.1522809765625 0.3316040796875 0.284145709375 0.33217090625 0.29217867656249996 0.334230646875 0.2962439421875 0.353272821875 0.29960159062499997 0.39920833437500003 0.3000326734375 0.408542184375 0.2977119734375 0.41769471718749995 0.2120625875 0.4208539171875 0.1491554765625 0.4171758078125 0.141896075 0.39556562031250003 0.14072995625
28 0.3116756859375 0.6603590406250001 0.2982115265625 0.6579849453125 0.25168688906250003 0.65189686875 0.2490736609375 0.654344859375 0.2415368484375 0.6970882515625 0.2339965671875 0.7690950640625001 0.2356108515625 0.7754616875 0.2770035484375 0.7827603375 0.30352427656250003 0.7853211859375 0.30471210625 0.7842084609375 0.309686403125 0.7559978234375 0.3198579703125 0.6758168 0.31900773125000004 0.66376735 0.3116756859375 0.6603590406250001
8 0.5451795328125 0.539698453125 0.5364085921874999 0.5381518984375 0.47699870468750005 0.543277940625 0.4764047890625 0.5438343031249999 0.47094060000000004 0.5748232609375 0.4694924734375 0.6702048859375 0.4715522140625 0.6742701484375 0.484247003125 0.6765085828124999 0.5033789984375 0.6748578249999999 0.541733434375 0.6710433859375 0.5452969265625 0.6677052156250001 0.5466535515625 0.6600114046875001 0.5468640046875 0.5463418859375 0.5451795328125 0.539698453125
12 0.5712511109375 0.5424445375 0.5594363734375001 0.60382544375 0.5483572578125 0.6666582296875 0.549534253125 0.6689812374999999 0.6176244765625001 0.68098738125 0.6207128359375 0.6780943015625 0.6316804640625 0.6271413859375 0.6447945203125001 0.552767884375 0.6440588968750001 0.5513160046875 0.574814603125 0.5391063671875 0.5712511109375 0.5424445375
12 0.7083474578125 0.1563489484375 0.6473637984375 0.1535289046875 0.643279640625 0.15532088125000001 0.6376044203125 0.18750665625000001 0.62764166875 0.3047452578125 0.6286352281250001 0.31007691406250004 0.659105915625 0.31544971875 0.7057676046875 0.3171988 0.709331096875 0.313860628125 0.7129487671875 0.2933438015625 0.7216428296874999 0.16530413125 0.7179647203124999 0.15804473125000001 0.7083474578125 0.1563489484375
8 0.5804629703125 0.15164876249999998 0.5477642765625 0.1458831 0.544200784375 0.14922127031250002 0.5386596609375001 0.169398940625 0.5226381296875 0.24563968281249998 0.5139255734375 0.29505104375 0.5148613906249999 0.29874183906249996 0.5201795390624999 0.3023239140625 0.5391879515625 0.306997778125 0.5882360046875 0.31564627343749996 0.590611665625 0.313420828125 0.59389174375 0.3060661734375 0.6195592890625 0.19424108906249998 0.6245335859375001 0.16603045 0.6127094578125 0.15997902656250002 0.5804629703125 0.15164876249999998