26 0.2799479171875 0.294921875 0.2838541671875 0.2919921875 0.2864583328125 0.2822265625 0.2994791671875 0.1748046875 0.2955729171875 0.171875 0.2877604171875 0.169921875 0.18359375 0.16796875 0.1783854171875 0.16796875 0.1705729171875 0.169921875 0.1666666671875 0.1728515625 0.1614583328125 0.1884765625 0.1484375 0.2626953125 0.1458333328125 0.2880859375 0.1484375 0.2919921875 0.1549479171875 0.294921875 0.2799479171875 0.294921875
26 0.0455729171875 0.83984375 0.08984375 0.841796875 0.1497395828125 0.84375 0.19140625 0.84375 0.1979166671875 0.8388671875 0.20052083281250002 0.8291015625 0.21875 0.7099609375 0.22395833281250002 0.6669921875 0.21744791718749998 0.662109375 0.1080729171875 0.658203125 0.07161458281250001 0.658203125 0.06510416718749999 0.6650390625 0.0625 0.6728515625 0.0390625 0.7861328125 0.03125 0.8271484375 0.03125 0.8349609375 0.03515625 0.837890625 0.0455729171875 0.83984375
22 0.2552083328125 0.8505859375 0.2578125 0.8544921875 0.2591145828125 0.85546875 0.2747395828125 0.85546875 0.41015625 0.841796875 0.41796875 0.83984375 0.4244791671875 0.8349609375 0.4244791671875 0.8193359375 0.4036458328125 0.6650390625 0.4010416671875 0.6611328125 0.3971354171875 0.658203125 0.38671875 0.658203125 0.25390625 0.671875 0.24479166718749998 0.6767578125 0.2421875 0.6806640625 0.2421875 0.6904296875 0.2526041671875 0.8310546875 0.2552083328125 0.8505859375
22 0.47265625 0.291015625 0.4778645828125 0.2890625 0.4791666671875 0.2880859375 0.484375 0.1845703125 0.484375 0.1728515625 0.4817708328125 0.1669921875 0.48046875 0.166015625 0.35546875 0.166015625 0.3515625 0.1689453125 0.3489583328125 0.1748046875 0.34375 0.2275390625 0.3411458328125 0.2568359375 0.3411458328125 0.2880859375 0.3450520828125 0.291015625 0.47265625 0.291015625
18 0.7044270828125 0.287109375 0.7981770828125 0.294921875 0.8294270828125001 0.294921875 0.8333333328125001 0.2900390625 0.8411458328125001 0.2275390625 0.8463541671874999 0.1787109375 0.8463541671874999 0.1748046875 0.84375 0.1708984375 0.8268229171874999 0.16796875 0.7278645828125 0.16015625 0.7122395828125 0.16015625 0.7083333328125 0.1630859375 0.7057291671875 0.1708984375 0.6953125 0.2353515625 0.6901041671875 0.2705078125 0.6901041671875 0.2822265625 0.6940104171875 0.28515625 0.7044270828125 0.287109375
18 0.62890625 0.857421875 0.6354166671875 0.8525390625 0.6354166671875 0.6767578125 0.62890625 0.671875 0.6184895828125 0.669921875 0.48046875 0.666015625 0.4739583328125 0.6708984375 0.4713541671875 0.6845703125 0.4661458328125 0.7685546875 0.4635416671875 0.8466796875 0.4700520828125 0.8515625 0.6028645828125 0.857421875 0.62890625 0.857421875
14 0.8190104171874999 0.8828125 0.8268229171874999 0.880859375 0.8307291671874999 0.8779296875 0.8333333328125001 0.8486328125 0.8333333328125001 0.6962890625 0.8294270828125001 0.693359375 0.82421875 0.69140625 0.67578125 0.6796875 0.6692708328125 0.6845703125 0.6666666671875 0.6943359375 0.6614583328125 0.7587890625 0.65625 0.8291015625 0.65625 0.8623046875 0.6627604171875 0.8671875 0.8190104171874999 0.8828125
14 1 0.1884765625 0.98828125 0.185546875 0.9361979171874999 0.181640625 0.9322916671874999 0.1845703125 0.9296875 0.1904296875 0.9244791671874999 0.2705078125 0.9244791671874999 0.3076171875 0.9283854171874999 0.310546875 0.9622395828125001 0.314453125 0.9986979171874999 0.31640625 1 0.3154296875 1 0.1884765625
2 1 0.3310546875 0.98828125 0.328125 0.9231770828125001 0.32421875 0.8971354171874999 0.32421875 0.8932291671874999 0.3271484375 0.890625 0.4326171875 0.890625 0.4619140625 0.8932291671874999 0.4658203125 0.90234375 0.46875 0.99609375 0.474609375 1 0.4716796875 1 0.3310546875
2 1 0.4970703125 0.99609375 0.494140625 0.9700520828125001 0.4921875 0.93359375 0.490234375 0.9075520828125001 0.490234375 0.9036458328125001 0.4931640625 0.9036458328125001 0.5302734375 0.9088541671874999 0.6474609375 0.9114583328125001 0.6513671875 0.91796875 0.654296875 0.97265625 0.658203125 0.99609375 0.658203125 1 0.6552734375 1 0.4970703125
10 1 0.6962890625 0.9856770828125001 0.693359375 0.94921875 0.689453125 0.9283854171874999 0.689453125 0.9244791671874999 0.6923828125 0.921875 0.7353515625 0.9166666671874999 0.8701171875 0.92578125 0.876953125 0.99609375 0.884765625 1 0.8818359375 1 0.6962890625
47 0.2604166671875 0.6298828125 0.2630208328125 0.6396484375 0.2669270828125 0.642578125 0.2877604171875 0.642578125 0.38671875 0.6328125 0.4153645828125 0.62890625 0.4192708328125 0.6240234375 0.4192708328125 0.6142578125 0.40625 0.5185546875 0.3984375 0.4755859375 0.3919270828125 0.47265625 0.3893229171875 0.47265625 0.2643229171875 0.484375 0.25390625 0.486328125 0.25 0.4892578125 0.25 0.5068359375 0.2578125 0.6044921875 0.2604166671875 0.6298828125
51 0.5325520828125 0.6328125 0.6236979171875 0.63671875 0.6302083328125 0.6318359375 0.6328125 0.6279296875 0.6380208328125 0.4951171875 0.6380208328125 0.4833984375 0.6354166671875 0.4794921875 0.6315104171875 0.4765625 0.5403645828125 0.47265625 0.4908854171875 0.47265625 0.4869791671875 0.4775390625 0.4765625 0.5751953125 0.4739583328125 0.6025390625 0.4739583328125 0.6259765625 0.4778645828125 0.62890625 0.5325520828125 0.6328125
42 0.71484375 0.654296875 0.8502604171874999 0.66015625 0.8567708328125001 0.6552734375 0.8567708328125001 0.6025390625 0.8515625 0.5009765625 0.8450520828125001 0.49609375 0.8190104171874999 0.494140625 0.7174479171875 0.490234375 0.7018229171875 0.490234375 0.6953125 0.4931640625 0.6927083328125 0.5751953125 0.6927083328125 0.6474609375 0.69921875 0.65234375 0.71484375 0.654296875
42 0.7565104171875 0.453125 0.8033854171874999 0.45703125 0.8268229171874999 0.45703125 0.8307291671874999 0.4541015625 0.8333333328125001 0.4423828125 0.84375 0.3291015625 0.84375 0.3232421875 0.8411458328125001 0.3193359375 0.8372395828125001 0.31640625 0.82421875 0.314453125 0.7278645828125 0.306640625 0.7018229171875 0.306640625 0.6979166671875 0.3095703125 0.6927083328125 0.3310546875 0.6770833328125 0.4384765625 0.6796875 0.4443359375 0.6888020828125 0.447265625 0.7565104171875 0.453125
51 0.6393229171875 0.46875 0.6458333328125 0.4638671875 0.6484375 0.4365234375 0.6510416671875 0.3779296875 0.6510416671875 0.3291015625 0.6471354171875 0.326171875 0.6080729171875 0.32421875 0.5143229171875 0.322265625 0.5078125 0.3291015625 0.5052083328125 0.3525390625 0.4973958328125 0.4326171875 0.4973958328125 0.4619140625 0.50390625 0.46484375 0.6393229171875 0.46875
47 0.4544270828125 0.447265625 0.4583333328125 0.4443359375 0.4609375 0.4208984375 0.4635416671875 0.3427734375 0.4635416671875 0.3154296875 0.4609375 0.3095703125 0.4544270828125 0.306640625 0.3268229171875 0.30859375 0.3229166671875 0.3115234375 0.3203125 0.3271484375 0.3151041671875 0.3798828125 0.3125 0.4423828125 0.31640625 0.447265625 0.32421875 0.44921875 0.4544270828125 0.447265625
38 0.24609375 0.44921875 0.25390625 0.44921875 0.2591145828125 0.447265625 0.265625 0.4423828125 0.2838541671875 0.3232421875 0.2838541671875 0.3134765625 0.2747395828125 0.30859375 0.1809895828125 0.306640625 0.15234375 0.306640625 0.1471354171875 0.30859375 0.1432291671875 0.3173828125 0.1223958328125 0.4169921875 0.1197916671875 0.4326171875 0.1197916671875 0.4423828125 0.1236979171875 0.4453125 0.24609375 0.44921875