55 0.05595703125 0.48203125 0.00517578125 0.49765625 0.00029296875 0.5015625 0.00029296875 0.5197916671875 0.04130859375 0.676041665625 0.04814453125 0.6825520828125 0.05205078125 0.6825520828125 0.10673828125 0.66953125 0.13212890625 0.66171875 0.134375 0.6567274296875001 0.134375 0.652018228125 0.13115234375 0.636979165625 0.09404296875 0.48854166718750003 0.09013671875 0.478125 0.08916015625 0.47682291718750003 0.07744140625 0.47682291718750003 0.05595703125 0.48203125
55 0.253125 0.6619791671875 0.253125 0.6463541671875 0.2130859375 0.48619791718750005 0.21015625 0.4796875 0.1984375 0.4796875 0.128125 0.503125 0.115625 0.50953525625 0.115625 0.5207653999999999 0.1603515625 0.684114584375 0.165234375 0.690625 0.180859375 0.688020834375 0.231640625 0.672395834375 0.251171875 0.664583334375 0.253125 0.6619791671875
55 0.0365234375 0.44505208281249997 0.0794921875 0.44505208281249997 0.1263671875 0.442447915625 0.129296875 0.438541665625 0.1421875 0.3108630953125 0.1421875 0.2765625 0.074414059375 0.2765625 0.0580078125 0.27838541562499997 0.053125 0.2848958328125 0.039453125 0.38385416562499997 0.03359375 0.44114583281249997 0.0365234375 0.44505208281249997
55 0.265625 0.42083333281249996 0.251953125 0.2828125 0.247265625 0.2765625 0.238085921875 0.2765625 0.1572265625 0.27890625 0.15625 0.2802083328125 0.15625 0.2984375 0.173828125 0.441666665625 0.1765625 0.4453125 0.2611328109375 0.4453125 0.2646484375 0.44296875 0.265625 0.441666665625 0.265625 0.42083333281249996
55 0.2705078125 0.4453125 0.2880859375 0.4453125 0.3603515625 0.4348958328125 0.365234375 0.4309895828125 0.3671875 0.4231770828125 0.361328125 0.2825520828125 0.3583984375 0.2682291671875 0.3544921875 0.265625 0.3505859375 0.265625 0.2939453125 0.2734375 0.2705078125 0.2786458328125 0.267578125 0.2825520828125 0.265625 0.2877604171875 0.267578125 0.44140625 0.2705078125 0.4453125
55 0.307421875 0.6825520843749999 0.325 0.68515625 0.34453125 0.68515625 0.3474609375 0.68125 0.3669921875 0.5380208343749999 0.3671875 0.5361979171875 0.3671875 0.497552084375 0.3640625 0.495052084375 0.350390625 0.49244791718750003 0.29993489218749997 0.4859375 0.2736328125 0.4859375 0.2712890625 0.491145834375 0.2517578125 0.6161458343749999 0.2458984375 0.6552083343749999 0.2458984375 0.6682291671875 0.248828125 0.6721354171875 0.307421875 0.6825520843749999
55 0.482421875 0.67265625 0.484375 0.6309895828125 0.4859375 0.5205729171875 0.4859375 0.49244791718750003 0.4814453125 0.48645833281249995 0.4322265640625 0.4828125 0.38271484375 0.4828125 0.38125 0.4867187484375 0.38125 0.542447915625 0.3828125 0.667447915625 0.3857421875 0.671354165625 0.4033203125 0.6739583328125 0.4345703125 0.6765625 0.4794921875 0.6765625 0.482421875 0.67265625
55 0.3787109375 0.42005208437499997 0.381640625 0.42395833437499997 0.393359375 0.42395833437499997 0.471484375 0.4135416671875 0.475 0.4088541671875 0.475 0.382421875 0.4685546875 0.26640625 0.4666015625 0.24817708437500002 0.465625 0.246875 0.4609374984375 0.2453125 0.449739590625 0.2453125 0.397265625 0.252083334375 0.37578125 0.25729166718749996 0.3728515625 0.26119791718749996 0.3728515625 0.30546875 0.3767578125 0.4096354171875 0.3787109375 0.42005208437499997
55 0.54169921875 0.6532552093749999 0.58662109375 0.6558593765625 0.59150390625 0.6493489593749999 0.59345703125 0.6311197921875 0.6046875 0.48387586875000005 0.6046875 0.475520834375 0.60322265625 0.469661459375 0.60029296875 0.465755209375 0.538085928125 0.459375 0.5015625 0.459375 0.49970703125 0.461848959375 0.49775390625 0.472265625 0.48994140625 0.6337239593749999 0.49189453125 0.6441406265625 0.50068359375 0.6480468765625 0.54169921875 0.6532552093749999
55 0.4802734375 0.40234375 0.48515625 0.4088541671875 0.498828125 0.4114583328125 0.5515625 0.4166666671875 0.573046875 0.4166666671875 0.5759765625 0.41015625 0.5779296875 0.3919270828125 0.584375 0.2909505203125 0.584375 0.2520833328125 0.5828125 0.25 0.494921875 0.23958333281250002 0.491015625 0.23958333281250002 0.4861328125 0.24609375 0.4802734375 0.3815104171875 0.4802734375 0.40234375
55 0.601171875 0.4088541671875 0.694921875 0.4088541671875 0.696875 0.40625 0.696875 0.28515625 0.6958984375 0.24609375 0.691015625 0.23958333281250002 0.601171875 0.23958333281250002 0.5982421875 0.24348958281250002 0.5982421875 0.4049479171875 0.601171875 0.4088541671875
55 0.821875 0.4109375 0.821875 0.35859375 0.818359375 0.2671875 0.81640625 0.24635416718749997 0.8134765625 0.24244791718749997 0.7902343734375 0.240625 0.72109375 0.240625 0.71875 0.24375 0.7171875 0.2479166671875 0.7171875 0.2796875015625 0.71875 0.40260416718750003 0.7216796875 0.409114584375 0.7275390625 0.41171875 0.7802734375 0.41432291718750003 0.8193359375 0.41432291718750003 0.821875 0.4109375
55 0.8451171875 0.415234375 0.848046875 0.419140625 0.871484375 0.419140625 0.9203125 0.41393229218750005 0.937890625 0.411328125 0.94375 0.4087239578125 0.9466796875 0.40221354218750005 0.946875 0.398046875 0.946875 0.2375 0.91335449375 0.2375 0.863671875 0.2446614578125 0.848046875 0.247265625 0.8431640625 0.251171875 0.8431640625 0.391796875 0.8451171875 0.415234375