39 0.6202237453125 0.6818148421875 0.6234856140625 0.70502425 0.6277615828124999 0.70738178125 0.6357698734375 0.7082286078125 0.8059841531249999 0.709453625 0.8469229703125001 0.70370005 0.8487980921875 0.6989988 0.8489305140625 0.6812293140625 0.8463377296875001 0.6066455656249999 0.8419885703125001 0.5756996875 0.8377126015625 0.5733421578125 0.8297043093750001 0.5724953296875 0.6361531765625 0.5799739734375 0.6206802375 0.5821485531249999 0.6151845578125 0.5898240375 0.6202237453125 0.6818148421875
48 0.566444759375 0.450722328125 0.5646814046874999 0.4568871109375 0.570078140625 0.5495508421874999 0.573267525 0.5722444906249999 0.5772584296875001 0.5744448531249999 0.5852667203124999 0.57529168125 0.6035903046875 0.5746887890625 0.7577368453125 0.5663380609375 0.79948154375 0.5604712265625 0.80236529375 0.5576005421875 0.8019540703124999 0.535962821875 0.7968200953125 0.44516873749999997 0.795243525 0.4339508515625 0.7924333031249999 0.43079562656250003 0.7881573359375 0.4284380953125 0.7724125749999999 0.4286785578125 0.6008511375000001 0.44292834843750006 0.5699052609375 0.44727750781250003 0.566444759375 0.450722328125
52 0.533171659375 0.42167189531249993 0.5365659484374999 0.4271118171875 0.5408419171875 0.4294693484375 0.6293373703125 0.42294908124999997 0.734843878125 0.41334775625000003 0.7582252078125 0.4100617234375 0.7614009921875 0.4083333890625 0.764589671875 0.40295445 0.7647220921875 0.38518496406249997 0.7618574859375 0.30866709999999997 0.7572365046875 0.2757871046875 0.7501098890625 0.2718578859375 0.5432603968749999 0.29698404843750004 0.53810275 0.29770890781250003 0.530638103125 0.30073031562499997 0.5279930703125 0.3099774875 0.533171659375 0.42167189531249993
43 0.493368178125 0.2741153015625 0.6721224390625 0.2549099875 0.7108047859375 0.24947353749999998 0.7163004640625 0.241798053125 0.7171019703125 0.1726542265625 0.7168954859375 0.157151228125 0.709997990625 0.10807300312499998 0.709285328125 0.10768008124999999 0.49008536718749995 0.1384866265625 0.48519954218750005 0.14114560468749998 0.48173904062500006 0.144590425 0.48133479843750004 0.16042579375 0.483251515625 0.24891079375 0.48624156406249996 0.2701860828125 0.493368178125 0.2741153015625
3 0.46714165625000004 0 0.44180104531250003 0.003561390625 0.43793629999999995 0.02284158125 0.4304479828125 0.11738194375 0.4306382578125 0.1187358203125 0.4374798078125 0.12250787031249999 0.4480669234375 0.1229922671875 0.5996623453125001 0.10888588749999999 0.66142515625 0.1002056890625 0.6640782078125 0.0975646609375 0.6670612734375 0.0813668625 0.6738331093750001 0 0.46714165625000004 0
11 0.088746571875 0.05308134531249999 0.0875930703125 0.05422961875 0.0889521828125 0.06390020625000001 0.11421072968749998 0.13135385 0.12333279687500001 0.13638325 0.16046785 0.13116425781250002 0.366053715625 0.09891810625 0.38383365625 0.094446978125 0.3896011578125 0.0887056109375 0.3640707875 0.01931785 0.359522996875 0.0150262015625 0.088746571875 0.05308134531249999
7 0.1694185078125 0.30899293437500003 0.2862810140625 0.2984859375 0.41087999062499997 0.2868916515625 0.4183446375 0.2838702453125 0.42384031718750004 0.276194759375 0.431284021875 0.1607540859375 0.431607415625 0.1480857890625 0.429215378125 0.1310655578125 0.4255095390625 0.1290223640625 0.32208479375 0.1415854453125 0.1621977609375 0.1640561015625 0.156430259375 0.1697974703125 0.15521054843749998 0.1798304875 0.150732315625 0.2939175421875 0.1523292734375 0.305280478125 0.154827246875 0.308085121875 0.1694185078125 0.30899293437500003
38 0.20027869062499998 0.427531321875 0.1999148734375 0.4417831578125 0.201518625 0.45319444531249997 0.20836017343750002 0.4569664953125 0.23727087500000002 0.45684800000000003 0.4386016890625 0.4470926015625 0.46469937968749997 0.44342481093749997 0.4666537078125 0.44236122031249997 0.46984238749999996 0.43698228125 0.47815006406249994 0.3108485546875 0.4760461578125 0.29587848437500003 0.469204609375 0.292106434375 0.22747130312500002 0.3122735984375 0.2119983640625 0.31444817812500003 0.20623086562499998 0.3201895453125 0.20528297499999998 0.3321566796875 0.20027869062499998 0.427531321875
47 0.23139883125 0.484299575 0.2279383296875 0.48774439531249997 0.2320156671875 0.5167561546874999 0.25673755 0.6178146531250001 0.260131840625 0.623254575 0.264407809375 0.62561210625 0.266810296875 0.6258661546875001 0.2920827625 0.6223143421875 0.3567017953125 0.6086963937500001 0.4994849546875 0.5767956125 0.5146860703125 0.5726869156250001 0.5207253953125 0.5688796640625 0.5216203140625 0.5640203234375 0.5195272828124999 0.5491276328125 0.495320465625 0.444249328125 0.487922028125 0.43838599375 0.4824925609375 0.4371767359375 0.46959844375 0.43898888593749996 0.2362846546875 0.481640596875 0.23139883125 0.484299575
51 0.254355975 0.6205161453125 0.2531362625 0.6305491625 0.25614026875 0.72677063125 0.2596739609375 0.75191415625 0.2639499296875 0.7542716875 0.27195822187499996 0.7551185140625 0.49238487812500004 0.751752040625 0.4942172359375 0.7516917515625 0.525678878125 0.74727010625 0.529370078125 0.74359563125 0.53004614375 0.7296943796875001 0.5272485078125 0.62652105625 0.524369909375 0.6060387640625 0.5229648 0.6044611515625 0.5161100078125 0.6024660500000001 0.45856043125 0.6046371578125 0.283604703125 0.6134470249999999 0.257816475 0.6170713250000001 0.254355975 0.6205161453125
42 0.3458241375 0.9429554453125 0.3561394296875 0.9415057250000001 0.5784548796875 0.8767318953125001 0.58849835 0.8733480578125 0.5945376734375001 0.8695408062500001 0.59575878125 0.8670024062499999 0.5913371374999999 0.83554078125 0.57143974375 0.7426139234375 0.56431313125 0.7386847046875 0.551419015625 0.7404968546874999 0.3609973296875 0.7889543921875 0.3179728046875 0.800918053125 0.312205303125 0.806659421875 0.3157389953125 0.831802946875 0.338697521875 0.9390262265624999 0.3458241375 0.9429554453125
22 0 0.3556820578125 0.150651653125 0.3345093484375 0.1521174 0.33371165625 0.1571928 0.32865925156250003 0.155371590625 0.315700665625 0.12311256718750001 0.1928225375 0.11999010000000002 0.1893167328125 0.112863484375 0.1853875140625 0.0893822546875 0.1867152671875 0 0.1979394796875 0 0.3556820578125
18 0 0.5089156171875 0.00315835 0.51065695625 0.0111666421875 0.5115037828125 0.1620974921875 0.5001534328125 0.1878857234375 0.4965291328125 0.191346225 0.4930843125 0.16987225 0.34028904375 0.168446928125 0.3395032 0.16301745781250002 0.33829394375 0.023217365625 0.353996925 0.007744428124999999 0.3561715046875 0 0.3618351265625 0 0.5089156171875
14 0.052394410937500004 0.690713165625 0.20170477656250002 0.6509919265625 0.20916942343749997 0.6479705203125 0.21262992343749998 0.6445256984375 0.2109989890625 0.6329209953125 0.20094853906250001 0.5988317421875 0.17297176718750001 0.5120369265625 0.16984929843750002 0.508531121875 0.16272268437499998 0.504601903125 0.14724974531249999 0.5067764828125 0.011931234374999999 0.53565585625 0.0018877640625 0.53903969375 0.0007342640625 0.5401879671875001 0.0222082390625 0.6929832359375 0.025058884375 0.6945549234375 0.052394410937500004 0.690713165625
10 0.06168100625 0.8503492890625 0.0839397328125 0.8440653171875001 0.23771425000000002 0.796813565625 0.257801190625 0.790045890625 0.26384051406250003 0.7862386406249999 0.2652651390625 0.783277175 0.2637157515625 0.77225270625 0.22472600312500002 0.6576181015625 0.2213317109375 0.6521781796874999 0.214205096875 0.6482489609375001 0.1987321578125 0.6504235406250001 0.16059345625000002 0.6597282250000001 0.0263622359375 0.69634406875 0.023132434375 0.699559234375 0.0443889515625 0.850807209375 0.047239596875 0.8523788968750001 0.06168100625 0.8503492890625
6 0.0645030734375 0.844232946875 0.06058608125 0.9473440562500001 0.0612691265625 0.9709158953125 0.06439159531250001 0.9744217000000001 0.06866756406249999 0.9767792296875 0.08726296875 0.9781104562499999 0.293575796875 0.9865891484375 0.3232322640625 0.9824212046874999 0.3024378453125 0.8344612296875 0.30101252343749996 0.8336753859374999 0.295583053125 0.832466128125 0.08723504843749999 0.8282181 0.0691832859375 0.830755109375 0.0659946078125 0.836134046875 0.0645030734375 0.844232946875