55 0.6783318609375 0.3992000234375 0.6641483421875 0.40119338750000005 0.6616305734375 0.403861425 0.6797955625000001 0.5331120375 0.6811734921875 0.5344962390625 0.7999282953125 0.5178063390625 0.8019714890625 0.5141005 0.79846915625 0.47514633125000005 0.7852997109375 0.3954746375 0.7795583421875001 0.3897071359375 0.732777096875 0.3936520515625 0.6783318609375 0.3992000234375
55 0.8146713374999999 0.5714852359375 0.7159112921874999 0.5753719703125 0.7082070640625 0.5764547296875 0.7044876343750001 0.5803961484375 0.7032783765625 0.5858256171875 0.70867144375 0.63753136875 0.7184932953125001 0.7074174734375 0.7218232890625 0.710762625 0.733790421875 0.7117105140625 0.80929314375 0.7058328656249999 0.8392719546875 0.70161961875 0.8413151484375 0.697913778125 0.841437115625 0.6847478406249999 0.832257871875 0.5913665640625 0.8304457234375 0.57847245 0.8247043546875 0.572704946875 0.8146713374999999 0.5714852359375
55 0.6937977765625 0.1892754453125 0.638192771875 0.18657118125 0.6339011234374999 0.191118971875 0.632691865625 0.1965484421875 0.6361941984375 0.23550261093749997 0.63889953125 0.2645757046875 0.64582194375 0.3138312265625 0.6485778 0.3165996265625 0.6566767 0.318091159375 0.747159946875 0.320101221875 0.7691295296875 0.3170135984375 0.7696413484375 0.300900134375 0.7657765859375 0.2593671421875 0.7570782671875 0.1974753875 0.753633446875 0.1940148859375 0.745534546875 0.19252335468749998 0.6937977765625 0.1892754453125
55 0.43429079687499994 0.186826334375 0.44612901875000005 0.28509343593750003 0.4518703859375 0.2908609359375 0.46383752031250003 0.291808825 0.5510533203125 0.28928155312500003 0.58534245625 0.28446252968749997 0.5868351859375001 0.27583750937499996 0.5701634078125 0.1572116484375 0.5609162343749999 0.1545666140625 0.49370652656249997 0.1534932859375 0.43846395156250006 0.1533678453125 0.43652983437500004 0.1536396671875 0.43223818593749996 0.15818745781250002 0.43429079687499994 0.186826334375
55 0.6021841140624999 0.4580264859375 0.588049346875 0.3574523859375 0.5788021734375 0.3548073515625 0.55329621875 0.35576222031250004 0.47291011875000005 0.359170471875 0.4535689453125 0.361888696875 0.450063140625 0.365011165625 0.44927729687499995 0.3664364875 0.44985649062500005 0.3789779328125 0.466383296875 0.49657226718749997 0.4689094984375 0.4991099671875 0.4847448671875 0.499514209375 0.5647685375 0.4935271359375 0.601516765625 0.48836250937500003 0.603874296875 0.484086540625 0.6021841140624999 0.4580264859375
55 0.5324628625 0.5695968546875 0.519310878125 0.5714452453125001 0.51186435 0.57459559375 0.5082975625 0.58430103125 0.517575075 0.6587342296875 0.5246787015625001 0.7092791640625 0.529042140625 0.7136624640625 0.6594016484375 0.6953416296875 0.6614448421875 0.6916357890625 0.6619292406249999 0.6810486765625 0.6456198921875 0.5650016359375 0.642175071875 0.5615411359375 0.634076171875 0.5600496015624999 0.5324628625 0.5695968546875
55 0.4699752140625 0.62176995 0.46616796406249994 0.6157306250000001 0.46000318125 0.61396726875 0.3464931515625 0.648328378125 0.3220744875 0.657019715625 0.3205028 0.6598703625 0.32678491875 0.7045699625 0.34219108593750003 0.7791060796875 0.3466622125 0.7968860203125 0.3493211890625 0.8017718421875 0.34955084531249997 0.8020025437499999 0.3692788359375 0.7992299546875 0.4562430234375 0.7696515234375 0.4954097671875 0.7536279593749999 0.49619561093750003 0.7522026375 0.49112159218749996 0.7160991125 0.4740839125 0.6369710656249999 0.4699752140625 0.62176995
55 0.43015117187499996 0.4731314703125 0.29923755937499996 0.4678623453125 0.2937976375 0.4712566359375 0.29144010625 0.4755326046875 0.2961712265625 0.5653314078125 0.30327485468750004 0.6158763406250001 0.304423128125 0.617029840625 0.310587909375 0.618793196875 0.4222948890625 0.6182149203125 0.454345975 0.613710434375 0.456310584375 0.610147128125 0.4514839734375 0.505635090625 0.44749724375 0.4772680375 0.4463489703125 0.47611453593749997 0.44211830625 0.474079359375 0.43015117187499996 0.4731314703125
55 0.4435789859375 0.4248290625 0.44297609375 0.406505478125 0.4391148046875 0.32289585 0.435852934375 0.29968644218749996 0.4347046609375 0.298532940625 0.430473996875 0.2964977640625 0.4165727453125 0.2958216984375 0.3180547296875 0.29651870625 0.28868054062500004 0.29801721875 0.2843888921875 0.30256500937499997 0.285472709375 0.3523781171875 0.287796275 0.39347027031250004 0.294863659375 0.44375731875 0.2954377953125 0.44433406875000003 0.3035366953125 0.445825603125 0.42683580625 0.43901607968749995 0.44037462656250004 0.43711332187499996 0.4427321578125 0.43283735312499994 0.4435789859375 0.4248290625
55 0.3828268703125 0.0999137359375 0.37938204999999997 0.096453234375 0.36584322812500003 0.09835599218749999 0.2565638640625 0.13475228125 0.241815784375 0.14208450625 0.240244096875 0.1449351515625 0.241893153125 0.156668796875 0.2743839140625 0.2545316421875 0.28308570624999996 0.2743467609375 0.28810604687499997 0.277322859375 0.2935054625 0.276564021875 0.3392360921875 0.2598809390625 0.4195036984375 0.22756198906249997 0.42186122812500004 0.2232860203125 0.42041150937499994 0.212970728125 0.388869684375 0.1148430296875 0.3828268703125 0.0999137359375
55 0.1883309734375 0.0814905390625 0.141331934375 0.0880958234375 0.03580125625 0.107660759375 0.026493100000000002 0.1115986953125 0.02256388125 0.118725309375 0.024593140625000003 0.13737438125 0.041119946875 0.2549687171875 0.042135098437500004 0.25798175625 0.045120609374999995 0.2609808578125 0.092699890625 0.254294025 0.118713946875 0.24853418125 0.20272782031249997 0.22883752343750002 0.20859115625000002 0.2214390875 0.1979621921875 0.11774251718749999 0.1936130328125 0.086796640625 0.1883309734375 0.0814905390625
55 0.261676640625 0.4335633109375 0.264034171875 0.4292873421875 0.2611347328125 0.40865675625 0.24011032187499998 0.3011616546875 0.237088915625 0.29369700781249997 0.23364409375 0.29023650624999997 0.20850056874999998 0.29377019843749996 0.078792740625 0.3251482421875 0.07141870156249999 0.32881435468750003 0.0706328578125 0.33023967656250003 0.0791499625 0.3908420203125 0.0963688578125 0.4712594796875 0.1024726546875 0.47960580625000004 0.11987971093750001 0.47715940312500005 0.24306032812499997 0.44143918125 0.25623671875 0.43695760000000006 0.261676640625 0.4335633109375
55 0.26118963906250003 0.4757079015625 0.2562578125 0.47429721875 0.18856371562500002 0.483811003125 0.0952179796875 0.5016634578125 0.0948250578125 0.5023761203125 0.1046710703125 0.5724341468749999 0.117146728125 0.6366439359375 0.12089299375 0.6492662296875 0.12387850625 0.6522653296875001 0.1393514359375 0.6500907515625001 0.19940596093750002 0.63954683125 0.2834198328125 0.6198501750000001 0.28771148125 0.6153023828124999 0.28155017187500003 0.5714623890625 0.2653593203125 0.48432605000000006 0.26118963906250003 0.4757079015625
55 0.2790175453125 0.6467664671875 0.27563301406249996 0.645138325 0.22109092187499998 0.6528037171875 0.12235404218749998 0.6687840875 0.11111176874999999 0.6729938453125001 0.10718255000000002 0.680120459375 0.122523103125 0.8173417281249999 0.12626937031250002 0.8299640203124999 0.12925488125 0.832963121875 0.161554634375 0.8284236875 0.288796209375 0.800547965625 0.2961702484375 0.796881853125 0.2985277796875 0.792605884375 0.2982873171875 0.7768611234375 0.28016582031250004 0.64791996875 0.2790175453125 0.6467664671875
55 0.271694209375 0.03611368125 0.27067697343749997 0.058346621875000004 0.2724891234375 0.0712407390625 0.4189018046875 0.050663778125 0.4195304796875 0.0495235203125 0.42001487812500005 0.038936404687499995 0.4162076265625 0.03289708125 0.4119769625 0.030861903125 0.2825179390625 0.0256513234375 0.27690900625000003 0.026439607812499998 0.2729034671875 0.0306842140625 0.271694209375 0.03611368125
55 0.46690777031249997 0 0.43567180937499994 0.0043899281249999995 0.43520030312499997 0.005245121875 0.4438261359375 0.066621109375 0.4462432609375 0.072592828125 0.4516222 0.07578150624999999 0.551361409375 0.071494184375 0.5792610515625001 0.0675731453125 0.5811470765625 0.0641523703125 0.5721310484375 0 0.46690777031249997 0
55 0.5938265640625 0 0.6024223671875 0.0611623234375 0.7231181953125 0.044199631249999996 0.7199895078125 0.007954195312499999 0.7188716187499999 0 0.5938265640625 0