24 0.603600334375 0 0.614911690625 0.151365871875 0.6182955921875 0.154885965625 0.726855328125 0.14155650625 0.728335021875 0.1295680671875 0.7231551390625001 0.060937776562500004 0.715672921875 0 0.603600334375 0
24 0.2184522125 0.5804848828125 0.23664526874999997 0.6805762734374999 0.24048804375000002 0.69584678125 0.2438719453125 0.699366875 0.2748890125 0.6955584578125 0.30558871249999997 0.6891652859375 0.3072099109375 0.686342503125 0.3047503078125 0.6663106484375 0.28185889375 0.5359673921875 0.2784749921875 0.532447296875 0.25715075781249996 0.5350655843750001 0.21707559375000002 0.5452336437499999 0.2146437953125 0.549467815625 0.2184522125 0.5804848828125
28 0.3013672578125 0.521765309375 0.2989354609375 0.5259994828125001 0.30147440468750003 0.546677528125 0.32541444375 0.677547959375 0.328798346875 0.6810680546875 0.39664818125 0.6727371421874999 0.398107259375 0.6701966390625 0.38966526875 0.6014421390625 0.3869856328125 0.586028815625 0.37422219375 0.5141317109375 0.3702035546875 0.5054421046875001 0.354695021875 0.5073463140625 0.3107427234375 0.517990425 0.3013672578125 0.521765309375
28 0.4950609078125 0 0.4827731359375 0.0015087484375 0.4823678359375 0.00221444375 0.4816987421875 0.0127914921875 0.4946077578125 0.1660061515625 0.49587723125 0.1763451734375 0.49845053437500003 0.18127665937499998 0.503773003125 0.18455872812500002 0.525731971875 0.18710995156250002 0.59358180625 0.17877903906249998 0.5960136046875 0.1745448671875 0.5966827 0.1639678171875 0.591658471875 0.10541975156250001 0.57948740625 0.0062943734375000004 0.5781338453125 0.0048863359375 0.56812364375 0.0034917109375 0.5297596812500001 0 0.4950609078125 0
32 0.47102487968749995 0.2119308296875 0.47183547812500004 0.21051943906249998 0.47028299687499997 0.1818491015625 0.46510311406250004 0.11321880937499999 0.45528057187500004 0.033220625 0.45268624687500003 0.030521884375000002 0.4446146125 0.028889234375 0.4087683078125 0.025419437499999996 0.390037128125 0.0239149375 0.3685567375 0.026552396875000002 0.369469384375 0.0499226640625 0.3807915609375 0.1902135453125 0.3833648625 0.1951450296875 0.3909432671875 0.200773828125 0.4593934796875 0.21335898593749997 0.47102487968749995 0.2119308296875
32 0.48083514687499995 0.6676477281250001 0.4823859953125 0.6674573078125 0.486276871875 0.6606826328125 0.482108584375 0.4985235765625 0.4784073140625 0.4924187265625 0.47421281249999997 0.49031002343749996 0.454509778125 0.49010552812499997 0.404182546875 0.4912998609375 0.4013716203125 0.49164499843750004 0.39748074375 0.49841967499999995 0.401048653125 0.639662659375 0.4032702296875 0.6577559484375 0.40665413125 0.6612760421874999 0.4127872 0.6631467203125 0.48083514687499995 0.6676477281250001
0 0.607125890625 0.65528964375 0.6110030234375 0.654813590625 0.6145627890625 0.651752784375 0.615725115625 0.6371795890625 0.612012246875 0.5147889890624999 0.6060729296875 0.46641713593749995 0.601405121875 0.46446025156250004 0.5290434171875 0.46809770312500004 0.5174120171875 0.469525859375 0.51498021875 0.47376003125 0.5146284921875 0.4869218375 0.5195002328125 0.622757284375 0.5226739140625 0.648604840625 0.5299349484375 0.6516488828125 0.607125890625 0.65528964375
0 0.332738571875 0.2371749828125 0.3647077421875 0.2411208328125 0.3687607390625 0.234063878125 0.3609664140625 0.1497498875 0.351381896875 0.0716902671875 0.3473212140625 0.0674661546875 0.3273008109375 0.06467690468750001 0.28951594062499997 0.061445132812500004 0.27400740625000003 0.063349340625 0.27319680625 0.06476073125000001 0.2785233484375 0.140194696875 0.2889964953125 0.2254916328125 0.292380396875 0.22901172656250002 0.29851346562500003 0.230882403125 0.332738571875 0.2371749828125
4 0.482883375 0.4247018140625 0.48129653437500003 0.41177803593749995 0.445759453125 0.2665892015625 0.4428687828125 0.2590729609375 0.4372289453125 0.2532061359375 0.42591491406250004 0.2572190484375 0.3657849875 0.280344415625 0.3633531890625 0.2845785890625 0.3646226625 0.2949176109375 0.3979038078125 0.43775971562500005 0.401111846875 0.4478607125 0.406434315625 0.45114278125 0.47301467812500003 0.432472846875 0.48045157656250004 0.4289359859375 0.482883375 0.4247018140625
4 0.1655595515625 0.8099957828125 0.1578561859375 0.7136014953125 0.1525244015625 0.6701776015625 0.151170840625 0.6687695625 0.1085223734375 0.6740061359375 0.09720834218749999 0.6780190484374999 0.0950939109375 0.6848379765625 0.10514661562500001 0.8147898359375001 0.10884788593750001 0.820894684375 0.1615065546875 0.8170527375000001 0.1655595515625 0.8099957828125
8 0.43975317968749994 0.8875749171875 0.44556887968750003 0.8868608390625001 0.448000678125 0.882626665625 0.43558389999999997 0.770281653125 0.42958564375 0.721429771875 0.4246225859375 0.7162669671875 0.414612384375 0.7148723421875001 0.357473575 0.7142793078125 0.3552119234375 0.714557003125 0.351132915625 0.71873105625 0.350146453125 0.72672335 0.3685538015625 0.876639175 0.371937703125 0.88015926875 0.3819479046875 0.8815538937499999 0.43975317968749994 0.8875749171875
8 0.305169975 0.45176972343750005 0.310358625 0.45716720000000005 0.3140418984375 0.4567149515625 0.37545160625 0.43920463906249996 0.379821971875 0.43473244062500005 0.37696565937500004 0.4114696390625 0.3446366171875 0.2763818 0.33944796718750003 0.2709843234375 0.336733975 0.271317559375 0.316368715625 0.2785408 0.278866853125 0.2936403453125 0.272557921875 0.2983505703125 0.2747794984375 0.3164438578125 0.3013271984375 0.43649921562499994 0.305169975 0.45176972343750005
12 0.28202075937500004 0.9058925312499999 0.284953475 0.9089432796875 0.3012374328125 0.9069438609375 0.3442307578125 0.891694796875 0.3490240078125 0.8858588125000001 0.3394394921875 0.8077991921875001 0.32825520625000004 0.7375447984375 0.3244662046875 0.7293517421875 0.32158604999999996 0.7297053796874999 0.31098396875 0.7331061296875 0.271860909375 0.75102845625 0.2600536453125 0.7590375140625001 0.26544890312499997 0.8029783593750001 0.275004303125 0.86477446875 0.28202075937500004 0.9058925312499999
12 0.28578168593750003 0.47015501718749997 0.2772814640625 0.3688734953125 0.270616734375 0.314593628125 0.2633556984375 0.31154958593750004 0.2378369640625 0.3120591703125 0.20294276249999998 0.31634363906249996 0.200510965625 0.3205778125 0.20932855468749997 0.42444408749999996 0.2147238125 0.46838493281250004 0.21810771406249999 0.471905028125 0.228117915625 0.4732996515625 0.2736570546875 0.47557931875000004 0.2833498875 0.4743891890625 0.28578168593750003 0.47015501718749997
40 0.243660528125 0.2633299859375 0.25786523125 0.266833315625 0.2675580640625 0.2656431859375 0.268720390625 0.251069990625 0.261275346875 0.11030305781250001 0.255635509375 0.1044362328125 0.216898534375 0.0934501953125 0.2105681765625 0.0931779765625 0.1885654421875 0.0958795734375 0.187326803125 0.10101673281250001 0.1907147765625 0.1766887234375 0.1931850046875 0.2288598875 0.19540658125000002 0.24695317656250002 0.2029849859375 0.2525819734375 0.243660528125 0.2633299859375
49 0.134278078125 0.31323022031250003 0.13685138125000001 0.3181617046875 0.140235284375 0.3216817984375 0.1441124171875 0.321205746875 0.19454950937499998 0.299270509375 0.1978709875 0.2958716375 0.193154896875 0.2574621703125 0.1730756265625 0.1484193453125 0.1701429125 0.1453685984375 0.1666534859375 0.14579704531249998 0.154500559375 0.149388215625 0.1192546328125 0.1668344890625 0.1137563 0.1701333234375 0.10970330312500001 0.177190278125 0.1119248796875 0.195283565625 0.134278078125 0.31323022031250003
49 0.6918131453125 0.8650217578125 0.766748153125 0.8663157890625 0.772397340625 0.859437665625 0.770976740625 0.8478678078125 0.746295090625 0.6917257734375 0.7418175796875001 0.6712857546875 0.734239175 0.6656569578125 0.6654286609375 0.670170240625 0.6412934906250001 0.6731336671875 0.636500240625 0.67896965 0.6485945859375 0.7614438031249999 0.6664702734375 0.8589504375000001 0.669854175 0.86247053125 0.6759872437500001 0.8643412093749999 0.6918131453125 0.8650217578125
45 0.639721503125 0.8606605406250001 0.643737090625 0.8601674890625001 0.6473659875 0.8508012562499999 0.6477177140625 0.837639453125 0.647537778125 0.7720684578125 0.6454546828125001 0.684586915625 0.6438170640624999 0.6712495765625001 0.63975638125 0.6670254640625 0.5540717328125 0.677546215625 0.55018085625 0.6843208921875 0.5522306421875001 0.781146978125 0.5578745515625 0.8591656984375 0.5631970203125001 0.8624477671875 0.60454165625 0.8626187312500001 0.639721503125 0.8606605406250001
45 0.1130996 0.3378698875 0.1155313984375 0.33363571406250003 0.11524838906249998 0.3153044 0.106782525 0.1982763203125 0.1008253203125 0.1898247390625 0.0569073796875 0.1847222921875 0.0452759796875 0.1861504484375 0.0444653796875 0.18756183906249999 0.0503923 0.283911875 0.055470189062499994 0.3252679625 0.058854090625 0.3287880578125 0.064987159375 0.3306587359375 0.09533513125000001 0.3374273671875 0.1034067671875 0.3390600171875 0.1130996 0.3378698875
40 0.46941374687500004 0.8615002203125 0.474736215625 0.8647822890624999 0.552278884375 0.855261246875 0.55471068125 0.851027075 0.5553797765625 0.840450025 0.548557603125 0.7287955359375 0.5420118859375 0.6754849515625 0.540996715625 0.6744289234374999 0.5143414468749999 0.6777017796875 0.49354771875000003 0.6814356046875 0.46284801875000003 0.6878287765625 0.4584776546875 0.692300975 0.458125928125 0.70546278125 0.46782690625 0.8485764421875001 0.46941374687500004 0.8615002203125
16 0.1938469875 0.8729027265625 0.2054783796875 0.8714745718750001 0.24709753281250002 0.864265403125 0.24952933124999999 0.86003123125 0.2482942171875 0.8339456484375001 0.24427354218750003 0.7891800953125 0.2347525 0.7116374265625 0.23238376875000002 0.7091733609374999 0.21958923281249998 0.7107443328125 0.17828745 0.72053825625 0.1727891171875 0.723837090625 0.1706746875 0.7306560171875 0.1763529546875 0.792928178125 0.185873996875 0.8704708453125001 0.1938469875 0.8729027265625
16 0.1265304671875 0.5257848093749999 0.11990009531250001 0.45575838125 0.11101378906249999 0.383385225 0.109885821875 0.3822118609375 0.10189180312499999 0.382012725 0.0544777 0.3878344453125 0.054443629687499995 0.40344978437499995 0.059487159375 0.460552434375 0.0674213625 0.525171325 0.0708052640625 0.52869141875 0.12409867031249999 0.53001898125 0.1265304671875 0.5257848093749999
20 0.156373959375 0.711946884375 0.1575019265625 0.7131202484375 0.1752663953125 0.7135627703125 0.2143550984375 0.711387003125 0.21646952812500003 0.7045680765625 0.2094568453125 0.621010821875 0.20182890312500001 0.5588862203125 0.1972515796875 0.556063640625 0.1432890796875 0.5653131265625 0.14247848125 0.5667245171874999 0.14276149062500001 0.5850558328125001 0.14717028593749998 0.6369889703125 0.156373959375 0.711946884375
20 0.1963991140625 0.5026443515625 0.1988309125 0.498410178125 0.1950735546875 0.3884783578125 0.190733546875 0.353131825 0.1854286640625 0.349191665625 0.1534594921875 0.345245815625 0.1486799890625 0.3447831765625 0.12900353281250002 0.347199140625 0.12776489375 0.3523363 0.12864828125 0.3915836875 0.132636634375 0.4881717484375 0.138276471875 0.4940385734375 0.18670628125 0.50383448125 0.1963991140625 0.5026443515625
12 0.28578168593750003 0.47015501718749997 0.2769640953125 0.366288740625 0.270616734375 0.314593628125 0.2633556984375 0.31154958593750004 0.2378369640625 0.3120591703125 0.20294276249999998 0.31634363906249996 0.200510965625 0.3205778125 0.20901118593749998 0.42185933281250004 0.2147238125 0.46838493281250004 0.21810771406249999 0.471905028125 0.228117915625 0.4732996515625 0.2736570546875 0.47557931875000004 0.2833498875 0.4743891890625 0.28578168593750003 0.47015501718749997
36 0.7905461390624999 0.884645925 0.837071740625 0.8789332999999999 0.8984711390625 0.8661469546875 0.9020309046874999 0.863086146875 0.904145334375 0.8562672203125 0.8997365390625 0.80433408125 0.8960456656250001 0.7638571765625 0.8827955484375 0.6559436296875 0.8802012234375001 0.653244890625 0.86663125625 0.6549110734375 0.7771054609375 0.6790220765625 0.7716071296875 0.682320909375 0.7675541328125 0.6893778640625 0.784271565625 0.873609590625 0.7871622375 0.88112583125 0.7905461390624999 0.884645925
36 0 0.337457784375 0.037717656249999995 0.3489622328125 0.04353335625 0.3482481546875 0.045330418750000004 0.3388444703125 0.040321742187499995 0.24356236562500003 0.03649745625 0.21241605937500002 0.0322111796875 0.2079572734375 0 0.20053073906250002 0 0.337457784375
44 0.5229696609375 0.424240165625 0.5869423625 0.41638530625000003 0.6118263609375 0.41070621249999995 0.6142581593750001 0.40647204062500003 0.613912490625 0.40205415312500004 0.592153734375 0.22484330937500002 0.5886815359375001 0.2199172453125 0.570569775 0.22214108906250002 0.511750559375 0.23670960624999998 0.5004365281250001 0.24072251875 0.4980047296875 0.24495669062499997 0.49701826718750003 0.252948984375 0.519585759375 0.42072007187500005 0.5229696609375 0.424240165625
44 0.7195368890625 0.40167898125 0.756687025 0.3997412421875 0.760740021875 0.3926842875 0.7560773265625 0.213677496875 0.7539514640625 0.1963637375 0.7468061109375 0.191056584375 0.686132384375 0.196932146875 0.6450347953125 0.201978296875 0.6432514765625 0.20508335625 0.6422650140624999 0.21307565 0.6467850281249999 0.3620729015625 0.648972246875 0.39591275000000004 0.65655065 0.40154154843749995 0.7195368890625 0.40167898125
44 0.62868955 0.61695931875 0.63186323125 0.642806875 0.6352471328125 0.6463269703125001 0.6649603703125 0.6479260890625 0.7163152078125 0.649491678125 0.735700875 0.64711141875 0.7378153046875 0.6402924890625 0.7375322953125 0.621961175 0.7330403 0.487615853125 0.7285246046875 0.450838475 0.7228949328125001 0.44665708125 0.6311475625 0.4526747953125 0.6256492296875 0.45597362812500003 0.6235348000000001 0.46279255625 0.6244181875 0.5020399421875 0.62868955 0.61695931875
44 0.7592816671875 0.43930325625 0.7568498703125 0.44353742812499997 0.7590714468749999 0.46163071718750004 0.7894275640624999 0.6127031421875 0.793905075 0.6331431609375 0.796478378125 0.6380746453125 0.7976063453125 0.6392480109374999 0.8208691453125001 0.6363916984375 0.9013368421875001 0.6186403375 0.912650875 0.614627425 0.9148175390625 0.6090352328125 0.9111852609375 0.5794527046875 0.8767579953125001 0.41044849687499996 0.8741846921875001 0.4055170125 0.873056725 0.404343646875 0.8556096249999999 0.40648588124999996 0.76478 0.436004421875 0.7592816671875 0.43930325625