36 0.5173611109375 0.1748046875 0.5260416671875 0.1796875 0.7274305562500001 0.1875 0.7361111109375 0.1845703125 0.7361111109375 0.1650390625 0.7291666671875 0.1083984375 0.7256944437499999 0.0966796875 0.7170138890625 0.091796875 0.703125 0.08984375 0.550347221875 0.080078125 0.5086805562500001 0.080078125 0.503472221875 0.0830078125 0.503472221875 0.1005859375 0.5069444437499999 0.1240234375 0.5173611109375 0.1748046875
45 0.2517361109375 0.169921875 0.4010416671875 0.173828125 0.48784722187499996 0.173828125 0.4895833328125 0.1728515625 0.49305555625 0.1689453125 0.49305555625 0.1650390625 0.4791666671875 0.0849609375 0.4704861109375 0.07421875 0.46006944375 0.072265625 0.4322916671875 0.0703125 0.3072916671875 0.064453125 0.22743055625 0.064453125 0.22569444375 0.0654296875 0.22569444375 0.0986328125 0.24305555625 0.1630859375 0.2517361109375 0.169921875
49 0.5260416671875 0.294921875 0.6822916671875 0.30078125 0.730902778125 0.30078125 0.7326388890625 0.2998046875 0.7361111109375 0.2958984375 0.7361111109375 0.2763671875 0.7291666671875 0.2119140625 0.7204861109375 0.20703125 0.7135416671875 0.205078125 0.5260416671875 0.1953125 0.515625 0.1953125 0.5104166671875 0.1982421875 0.5069444437499999 0.2060546875 0.5104166671875 0.2861328125 0.519097221875 0.29296875 0.5260416671875 0.294921875
40 0.2638888890625 0.3095703125 0.26909722187499996 0.3125 0.421875 0.31640625 0.5017361109375 0.31640625 0.5104166671875 0.3115234375 0.503472221875 0.2333984375 0.5 0.2197265625 0.4982638890625 0.21875 0.49131944375 0.216796875 0.3142361109375 0.208984375 0.2552083328125 0.208984375 0.25347222187499996 0.2099609375 0.25347222187499996 0.2392578125 0.2604166671875 0.3017578125 0.2638888890625 0.3095703125
20 0.2638888890625 0.4365234375 0.265625 0.4375 0.27256944375000003 0.439453125 0.390625 0.44140625 0.5017361109375 0.44140625 0.5104166671875 0.4365234375 0.5069444437499999 0.3447265625 0.5017361109375 0.341796875 0.32118055624999997 0.3359375 0.26215277812500004 0.3359375 0.2604166671875 0.3369140625 0.25694444375000003 0.3408203125 0.25694444375000003 0.3505859375 0.2604166671875 0.4111328125 0.2638888890625 0.4365234375
16 0.7239583328125 0.45703125 0.7447916671875 0.45703125 0.753472221875 0.4521484375 0.7604166671875 0.3779296875 0.7604166671875 0.3681640625 0.7552083328125 0.365234375 0.734375 0.361328125 0.5989583328125 0.3515625 0.5677083328125 0.349609375 0.546875 0.349609375 0.5416666671875 0.3525390625 0.5381944437499999 0.3681640625 0.534722221875 0.4130859375 0.534722221875 0.4443359375 0.5364583328125 0.4453125 0.7239583328125 0.45703125
12 0.534722221875 0.5634765625 0.5399305562500001 0.56640625 0.574652778125 0.56640625 0.6267361109375 0.564453125 0.734375 0.55859375 0.7482638890625 0.556640625 0.753472221875 0.5537109375 0.746527778125 0.4697265625 0.7413194437499999 0.46484375 0.734375 0.462890625 0.7274305562500001 0.462890625 0.5364583328125 0.46875 0.527777778125 0.4716796875 0.5243055562500001 0.4755859375 0.5243055562500001 0.4873046875 0.53125 0.5517578125 0.534722221875 0.5634765625
24 0.5173611109375 0.5595703125 0.5173611109375 0.4697265625 0.512152778125 0.466796875 0.5017361109375 0.46484375 0.33159722187499996 0.4609375 0.2760416671875 0.4609375 0.2708333328125 0.4638671875 0.2673611109375 0.5595703125 0.2760416671875 0.564453125 0.5086805562500001 0.564453125 0.5173611109375 0.5595703125
28 0.2829861109375 0.70703125 0.29340277812500004 0.70703125 0.3385416671875 0.701171875 0.512152778125 0.67578125 0.5243055562500001 0.6708984375 0.5208333328125 0.6513671875 0.5 0.5830078125 0.49652777812500004 0.5791015625 0.48784722187499996 0.576171875 0.41493055625 0.583984375 0.25868055624999997 0.603515625 0.25347222187499996 0.6064453125 0.25347222187499996 0.6220703125 0.27777777812500004 0.7001953125 0.2829861109375 0.70703125
8 0.5399305562500001 0.66796875 0.640625 0.6640625 0.7447916671875 0.658203125 0.75 0.6552734375 0.75 0.6201171875 0.746527778125 0.5673828125 0.7413194437499999 0.564453125 0.6545138890625 0.564453125 0.5399305562500001 0.56640625 0.5295138890625 0.568359375 0.527777778125 0.5693359375 0.527777778125 0.6611328125 0.5329861109375 0.666015625 0.5399305562500001 0.66796875
4 0.53125 0.7705078125 0.5399305562500001 0.775390625 0.7239583328125 0.755859375 0.75 0.7509765625 0.753472221875 0.7470703125 0.753472221875 0.7412109375 0.746527778125 0.6865234375 0.7430555562500001 0.6630859375 0.737847221875 0.66015625 0.699652778125 0.66015625 0.5572916671875 0.671875 0.5260416671875 0.67578125 0.5208333328125 0.6787109375 0.5208333328125 0.6923828125 0.527777778125 0.7470703125 0.53125 0.7705078125
0 0.48090277812500004 0.89453125 0.6545138890625 0.87890625 0.6857638890625 0.875 0.690972221875 0.8720703125 0.690972221875 0.7822265625 0.6857638890625 0.77734375 0.6614583328125 0.77734375 0.5086805562500001 0.787109375 0.47743055625 0.791015625 0.46180555625 0.7978515625 0.4583333328125 0.8173828125 0.4583333328125 0.8916015625 0.4635416671875 0.89453125 0.48090277812500004 0.89453125
32 0.27430555624999997 0.8193359375 0.2829861109375 0.826171875 0.28993055624999997 0.826171875 0.359375 0.814453125 0.5017361109375 0.7890625 0.5208333328125 0.7841796875 0.5208333328125 0.7685546875 0.5069444437499999 0.7216796875 0.49652777812500004 0.6923828125 0.49131944375 0.689453125 0.4739583328125 0.689453125 0.4427083328125 0.693359375 0.32118055624999997 0.7109375 0.25868055624999997 0.720703125 0.2517361109375 0.72265625 0.25 0.7236328125 0.25 0.7392578125 0.25347222187499996 0.7548828125 0.27430555624999997 0.8193359375
14 1 0.2236328125 0.9947916671874999 0.220703125 0.9774305562500001 0.21875 0.8836805562500001 0.212890625 0.862847221875 0.212890625 0.8576388890625 0.2158203125 0.8576388890625 0.2958984375 0.8611111109375 0.2998046875 0.8663194437499999 0.302734375 0.8836805562500001 0.3046875 0.956597221875 0.30859375 0.9982638890625 0.30859375 1 0.3076171875 1 0.2236328125
47 1 0.1083984375 0.987847221875 0.10546875 0.918402778125 0.103515625 0.8524305562500001 0.103515625 0.847222221875 0.1064453125 0.847222221875 0.1142578125 0.8611111109375 0.1865234375 0.8645833328125001 0.1904296875 0.8767361109375 0.1953125 0.9600694437499999 0.1953125 0.9913194437499999 0.193359375 0.996527778125 0.1904296875 1 0.1826171875 1 0.1083984375