36 0.8260037406249999 0 0.8486684625 0.172764159375 0.8534920234375001 0.20011992968749998 0.856586859375 0.20389331562500002 0.8804376609375 0.1996877765625 0.9291669296875 0.185013509375 0.934994596875 0.178697253125 0.9297973265625 0.12672687031250002 0.9145539843750001 0 0.8260037406249999 0
49 0.737043796875 0.2893616671875 0.7350630359375 0.29499960937499997 0.7413079953125 0.3388522359375 0.7674499703125 0.48711074375 0.7745410078125 0.49077132187499994 0.784761215625 0.49249500937499996 0.8250391046875001 0.49597029062500003 0.8364592859375 0.49620429218749995 0.853049071875 0.493279065625 0.8532306406249999 0.4927622578125 0.818862771875 0.2978523890625 0.815073175 0.2932319171875 0.8048529671875 0.291508228125 0.74473760625 0.288005040625 0.737043796875 0.2893616671875
45 0.61769953125 0.321687796875 0.6218598531249999 0.34528215156250003 0.66274106875 0.5118949796875001 0.6678083296875 0.5164223828125001 0.725939859375 0.506172225 0.7280811500000001 0.5056624390625 0.7467127312499999 0.49885140312500004 0.747108884375 0.49772381406250005 0.74192355625 0.46831636249999997 0.70014389375 0.3078557875 0.69701455 0.301356003125 0.6957513515625 0.2998158453125 0.655358846875 0.306938134375 0.619416190625 0.3168015796875 0.61769953125 0.321687796875
40 0.650321559375 0.0404835546875 0.57530690625 0.0537106609375 0.57013949375 0.058147603125 0.5698093671875 0.0590872625 0.5778737578124999 0.1048226921875 0.6133497546875 0.2638385734375 0.6176849875 0.277177303125 0.6203692859375 0.28045013750000003 0.6811984843750001 0.2697243078125 0.703580103125 0.26379457031250003 0.7055608640625 0.2581566296875 0.70194319375 0.2376397984375 0.65784344375 0.0550232828125 0.6541111578125001 0.045104029687500005 0.650321559375 0.0404835546875
28 0.46587148125000005 0.0758717828125 0.465211228125 0.07775109687500001 0.47124067812500003 0.1119458109375 0.512211084375 0.2880625390625 0.515943371875 0.2979817953125 0.51973296875 0.30260226874999996 0.5293502328125 0.3009064859375 0.5929387875 0.279116746875 0.602613359375 0.2721221796875 0.597186853125 0.2413469375 0.5511636515625 0.0590695796875 0.548034309375 0.0525697921875 0.5467711093750001 0.0510296359375 0.52561313125 0.05476035781250001 0.476809253125 0.0704173734375 0.46587148125000005 0.0758717828125
32 0.57484068125 0.31426037500000004 0.5729172296875 0.31459953125 0.511137509375 0.34664768437500004 0.5059700968749999 0.35108462500000004 0.5056399703125 0.35202428124999996 0.5117447890625 0.38664642968749996 0.553371115625 0.5243045687500001 0.560835690625 0.5441430859375 0.5635831484375 0.5474929265624999 0.5765664546875 0.54520361875 0.6032089578125001 0.531382853125 0.6373427781250001 0.5112609921875 0.6393235390625 0.5056230515625 0.636911759375 0.4919451671875 0.58055373125 0.318541690625 0.57484068125 0.31426037500000004
0 0.4875400359375 0.3326066796875 0.42610416874999996 0.33286212187499997 0.4203338109375 0.3338795921875 0.41642959687500003 0.3398566890625 0.4181238140625 0.3607126734375 0.4317279296875 0.46373492812499995 0.445475078125 0.541698875 0.44749619531249996 0.5441631265625 0.509712903125 0.5427122671875 0.5247158359374999 0.5400668453125 0.5263004453125 0.5355564921875 0.5270180078125 0.5283783921875 0.507808525 0.3519504140625 0.5053967453125 0.33827252812499997 0.5016071484375 0.33365205625 0.4875400359375 0.3326066796875
24 0.366370203125 0.0618607515625 0.36310194687499997 0.071163353125 0.3688558328125 0.10716954999999999 0.40153545625 0.2925048984375 0.403556575 0.29496915 0.422597390625 0.2946968046875 0.4869368734375 0.28335201875 0.48824579999999995 0.27474747499999996 0.45603061875 0.058303309375 0.45224102187500004 0.053682837500000004 0.42278628749999997 0.055350714062499994 0.367812803125 0.061606381249999995 0.366370203125 0.0618607515625
20 0.3391227671875 0.0628309171875 0.274328321875 0.0777817109375 0.259543646875 0.083914434375 0.2588833921875 0.0857937484375 0.2623864453125 0.116908146875 0.283475315625 0.24382001406249998 0.2957151 0.3132352828125 0.29618880000000003 0.3138128421875 0.38079665937499996 0.29889419375 0.3826494296875 0.2984352828125 0.38655364375 0.292458184375 0.38727120625 0.2852800875 0.34675926874999996 0.0667730734375 0.3410462203125 0.062491760937499995 0.3391227671875 0.0628309171875
16 0.388352678125 0.33246715312499997 0.3691181515625 0.33585872031249997 0.3139409703125 0.34911373125 0.3091180515625 0.3532548765625 0.345455540625 0.5593350171875 0.34747665781250003 0.5617992703125 0.370558090625 0.557729390625 0.4007303875 0.5488834140625001 0.42705577968749997 0.54071575 0.43095999375 0.5347386515625 0.41829814687500005 0.4629297515625 0.392142275 0.337087625 0.388352678125 0.33246715312499997
12 0.1049422328125 0.1131203140625 0.10808400625 0.13093820312499999 0.1495411515625 0.2783220875 0.16495863125000002 0.33201616093749997 0.16899976875 0.3394129078125 0.19885175 0.3341491984375 0.23931302968749998 0.3206683671875 0.25409770625 0.31453564218749996 0.254493859375 0.3134080546875 0.252564434375 0.30246574375 0.24379033125 0.2617034140625 0.1976525125 0.090023628125 0.19133651875 0.082322840625 0.185566159375 0.083340309375 0.1104368890625 0.10716498906250001 0.1049422328125 0.1131203140625
8 0.0972193890625 0.0985656515625 0.0106640203125 0.1138276984375 0.007965696875 0.12664373906249998 0.024807950000000002 0.315515975 0.0314457046875 0.35316055468749996 0.0355591015625 0.356243103125 0.1221144703125 0.34098105625 0.1254157390625 0.3315844859375 0.1040237109375 0.12028348124999999 0.1010089859375 0.10318612499999999 0.0972193890625 0.0985656515625
4 0.2961615296875 0.3843774609375 0.22269661875 0.3726507984375 0.21939535000000002 0.38204736875 0.219166115625 0.40324250937499995 0.21993865937499998 0.55834165 0.2243591078125 0.58341125625 0.22870102656250002 0.5866650578125 0.29091654375 0.597158009375 0.3125914515625 0.5933361390624999 0.313161015625 0.5876385234375 0.31091875468749997 0.4399508484375 0.309453771875 0.3978997203125 0.30824788125 0.391060778125 0.3044582859375 0.3864403078125 0.2961615296875 0.3843774609375
5 0.3175902296875 0.616694503125 0.2906618921875 0.6214426953125 0.28868113125 0.6270806359375001 0.29097829375 0.65135609375 0.30185526406249996 0.74397335 0.31357500781250003 0.8104393249999999 0.3142066078125 0.8112094031250001 0.3275969109375 0.8112282390625 0.394100275 0.7995019015625 0.395651871875 0.7950855109375 0.393354709375 0.7708100546875001 0.3791132640625 0.6675476015624999 0.36946614218749996 0.612836059375 0.36820294374999996 0.6112959015625 0.3175902296875 0.616694503125
9 0.416231709375 0.5963044296875 0.412930440625 0.605701 0.4250718125 0.7589151296875001 0.4295562171875 0.7843474484375 0.4320826140625 0.7874277625 0.49424952187500004 0.792949115625 0.5086177046875 0.7904156171875 0.5101693015625 0.785999228125 0.5096809734375001 0.7719821859375 0.499256575 0.61163409375 0.49294058124999995 0.60393330625 0.4482128421875 0.5977168671875 0.416231709375 0.5963044296875
13 0.5156439203125001 0.6067172359375 0.5476904499999999 0.7884621390625 0.54971156875 0.7909263921874999 0.5685571671874999 0.7909529015625 0.6253951921875001 0.7809308234375 0.6273099281250001 0.7754808140625 0.6128392453125 0.6934135 0.5946362765625001 0.6014269296875 0.5908466796875 0.5968064578125001 0.548246440625 0.6009685328125001 0.5156439203125001 0.6067172359375
17 0.6462051296875 0.7442953625000001 0.6510286890625 0.771651134375 0.6522918890625 0.7731912921874999 0.6586651906250001 0.7755932921875 0.6894117890625 0.772816178125 0.72691910625 0.7662026265625 0.728569740625 0.7615043421875 0.7162218890625 0.60149540625 0.7138101078125 0.5878175203125 0.7100205125 0.5831970484375 0.6940299453125001 0.5824908296875 0.6645752109374999 0.5841587078125 0.63379996875 0.5895852125000001 0.6318192078125 0.5952231546875 0.6462051296875 0.7442953625000001
21 0.8032519078125 0.5630557609375 0.7988020578125 0.5603146031249999 0.7372515734375 0.5711676140625 0.7263138031249999 0.576622025 0.7243330421875 0.5822599687500001 0.73983094375 0.708394778125 0.748302321875 0.7564383515624999 0.750323440625 0.758902603125 0.795909265625 0.7508645921875 0.8230643359375 0.7429032125 0.8237245890624999 0.7410238984374999 0.8238392078125001 0.730426328125 0.8063239421875 0.5748543328125 0.8045151078125 0.56459591875 0.8032519078125 0.5630557609375
25 0.796461103125 0.57065834375 0.7985010671875 0.5822275546875 0.802886625 0.599788353125 0.8330040203125 0.714354596875 0.8379421984375 0.731112796875 0.8410715421875 0.737612584375 0.8448611375 0.74223305625 0.9160288859374999 0.7296842625 0.9193301546875 0.7202876921875 0.8750011703125 0.5588663203124999 0.871871828125 0.5523665328125 0.8661587781250001 0.5480852171875 0.797517428125 0.5637143265625 0.796461103125 0.57065834375
29 0.975898975 0.5310268203125 0.9746357765625 0.5294866640625 0.943860534375 0.53491316875 0.9213820484375 0.54240251875 0.9027504671875001 0.5492135578124999 0.8994491968749999 0.5586101265625001 0.9127375546875 0.6632159 0.9247462109375 0.7313203703125 0.9448943703125 0.72776770625 0.9892807921875001 0.7137710562499999 0.9944482046875001 0.709334115625 0.9964289656249999 0.703696171875 0.9807225359375 0.5583825921875001 0.975898975 0.5310268203125
33 0.16853991875000002 0.7437430828125 0.1727122984375 0.767405825 0.18051571718749998 0.7914155375 0.217723978125 0.9012056828125001 0.2253687046875 0.9181036578124999 0.247756525 0.91415608125 0.28559045781250003 0.8980534578125001 0.29845168125 0.8922598890625 0.30016834062500003 0.8873736734375001 0.2970674796875 0.8697878203125 0.26465930625 0.7624756046875001 0.2516536078125 0.722459415625 0.247261065625 0.7144194749999999 0.24088776250000002 0.7120174703125 0.1721317953125 0.73824415 0.16853991875000002 0.7437430828125
1 0.42890810625000003 1 0.4014096125 0.844048296875 0.39509361875 0.8363475093750001 0.32645226875 0.85197661875 0.3232083078125 0.8560744031249999 0.32254805468750003 0.8579537171875 0.330653428125 0.9072958515625 0.3469996703125 1 0.42890810625000003 1
41 0.45964979375 1 0.47292231874999996 0.9948588984375 0.5166734015625 0.973041253125 0.5237642671875 0.96826515625 0.525745028125 0.9626272140625 0.5233332484375001 0.9489493296875 0.48503371562500003 0.82172266875 0.48069848281249994 0.808383940625 0.4770352046875 0.8039174843750001 0.4647491515625 0.8060838468749999 0.415846728125 0.8286335218750001 0.40875586249999996 0.83340961875 0.4072372796875 0.837732040625 0.40913655625 0.848503375 0.4135221140625 0.866064175 0.44989819531249997 0.9936299921874999 0.45512271875000004 1 0.45964979375 1
50 0.5302584968749999 0.84706700625 0.5250337765624999 0.8568027328125 0.5292543921874999 0.8807390312500001 0.549983759375 0.9758059171875001 0.5549219359374999 0.9925641171875 0.5577009734375 0.9959524640625 0.626560578125 0.9838106578125 0.6280131375 0.9796761671875001 0.6087188953125 0.870253084375 0.600163046875 0.8329780546875 0.59637345 0.8283575828125 0.5886796390625 0.8297142093750001 0.5302584968749999 0.84706700625
46 0.68757809375 0.8462114406250001 0.6821515875 0.8154361984375 0.67583559375 0.8077354124999999 0.6239023718750001 0.816892640625 0.60719424375 0.8233645218750001 0.6052134828125 0.8290024624999999 0.605701809375 0.8430195062499999 0.61313248125 0.889659978125 0.6294119984375001 0.9819857046875 0.6314962765625001 0.9845269640625001 0.7011252625 0.9722494953125 0.704834265625 0.9665712515625 0.68757809375 0.8462114406250001
37 0.7464680593749999 0.76628140625 0.72459251875 0.777190228125 0.6885352453125 0.7976512453125 0.6833678328125 0.8020881859375001 0.6823114265625 0.8050950890624999 0.6877982265625 0.8362122781249999 0.6905458640625 0.848420628125 0.7145191921875 0.939389728125 0.7194573703125 0.9561479281249999 0.7234985078125 0.9635446765625 0.731551365625 0.962124740625 0.7875530828125 0.9318005625 0.791457296875 0.9258234640625 0.7810926140625 0.8782900218749999 0.7541045609375 0.770223565625 0.750314965625 0.76560309375 0.7464680593749999 0.76628140625
44 0.849089078125 0.2803146359375 0.8475704953125 0.284637059375 0.85251966875 0.31270521875 0.891208065625 0.46856909375000005 0.8943374093750001 0.475068878125 0.89812700625 0.47968935156250003 0.9083472140625 0.481413040625 0.9479474078125 0.476545928125 0.9748757515625 0.4717977359375 0.9763283093749999 0.46766324531250003 0.97150475 0.4403074734375 0.92909921875 0.27854694375 0.9253096218750001 0.27392647187499997 0.9073956031250001 0.2735594109375 0.849089078125 0.2803146359375
44 0.7054795328125001 0 0.7042103328125 0.003612590625 0.7034927703125 0.0107906890625 0.7190325171875 0.1945255625 0.7248274890624999 0.22739048281250002 0.7273538859374999 0.23047079843749999 0.7830318578125001 0.226382671875 0.8064739359375 0.2222492015625 0.809402096875 0.21776637656250003 0.808425440625 0.1897322921875 0.79619220625 0.0191257859375 0.7928198140625 0 0.7054795328125001 0