7 0.7032526375 0.2487589046875 0.6851311390625 0.377700059375 0.6864013796874999 0.3897124984375 0.6899071859375 0.3928349640625 0.8141750921875 0.420818715625 0.841252734375 0.42462423125 0.8438937640624999 0.4219711796875 0.8638032484375 0.28030783125 0.8622736703125 0.2750524921875 0.8587678656250001 0.27193002499999996 0.7318409828125 0.2488320953125 0.708631575 0.2455702265625 0.7044009109375 0.24760540312499998 0.7032526375 0.2487589046875
7 0.3589558390625 0.35000445 0.3613133703125 0.35428041875 0.36675329218749997 0.357674709375 0.40700732500000003 0.365961803125 0.4491954765625 0.374520721875 0.4840095890625 0.37941352500000003 0.487454409375 0.375953025 0.492287965625 0.35559426250000004 0.504382665625 0.28918329531250003 0.5100728171875 0.24869577187499997 0.5086582984375 0.2461301921875 0.50515249375 0.243007725 0.3875337671875 0.22384773125000001 0.37985828125 0.22934341093750002 0.36475471875 0.3087432796875 0.3589558390625 0.35000445
11 0.6497180859375 0.5854706078125 0.6517612796875001 0.589176446875 0.8071095828124999 0.6110092265625 0.8080740875 0.609479265625 0.8264372046874999 0.4788188953125 0.8263152375 0.46565295781250005 0.82427204375 0.46194711718750003 0.80763864375 0.4596094453125 0.7423623484374999 0.45253926718750004 0.68977875 0.447778884375 0.6681410296875 0.44736766093749997 0.66699275625 0.4485211609375 0.64959611875 0.5723046703125 0.6497180859375 0.5854706078125
11 0.3028214265625 0.529091159375 0.30403068437499997 0.5345206296875 0.30481652812500004 0.5359459515625 0.3589718140625 0.54355698125 0.42702834999999995 0.55049194375 0.43024351562499996 0.5472621421875 0.440137853125 0.476860271875 0.44557326093749994 0.425554934375 0.444364003125 0.4201254671875 0.444049665625 0.41955533593750005 0.399371559375 0.41327623750000003 0.3639169203125 0.4101342453125 0.322938025 0.407004796875 0.3187073609375 0.40903997499999994 0.3175590875 0.4101934765625 0.3110353484375 0.45661229218750005 0.3028214265625 0.529091159375
15 0.401177328125 0.7624990828125 0.4046221484375 0.75903858125 0.4072811265625 0.7541527578125 0.4299000109375 0.6619765625 0.433451825 0.636704096875 0.4293318421875 0.6323382171875 0.412649646875 0.62473416875 0.3298073125 0.5928422906249999 0.3126834671875 0.590435690625 0.3088711875 0.598315140625 0.28361611249999996 0.7078454203125 0.2894794484375 0.7152438578125 0.36007646718749997 0.7462036953125 0.39924321093750004 0.762227259375 0.401177328125 0.7624990828125
15 0.6248431953125 0.761061278125 0.6233934750000001 0.7713765703125001 0.6253885765625 0.778231359375 0.777821415625 0.802284159375 0.7835627828125 0.79651665625 0.7862217609375 0.791630834375 0.7938937734375 0.7440585171875 0.8062163921875 0.65637853125 0.8046447046875 0.653527884375 0.7543576546875 0.6464605015625 0.688235234375 0.6397973625 0.6511245765625 0.6372115593750001 0.6453832078125 0.6429790578125 0.6248431953125 0.761061278125
19 0.6159758156249999 0.9715106718750001 0.6194816203125 0.9746331406250001 0.7664745374999999 0.995291646875 0.7707052015625 0.99325646875 0.773461059375 0.9904880687500001 0.775976321875 0.9725910375 0.7818760734375 0.8646533468750001 0.78175410625 0.851487409375 0.7805448484374999 0.8460579421875 0.7802305109375001 0.8454878125 0.7118594390624999 0.8358788859375 0.633975346875 0.8294035796875001 0.6239423296875 0.8306232906250001 0.620135078125 0.8366626140625 0.6197726484375 0.8392414374999999 0.6136182859375 0.967234703125 0.6159758156249999 0.9715106718750001
19 0.28676257031249996 0.8973673203124999 0.2888057640625 0.901073159375 0.411428803125 0.918306703125 0.4130363859375 0.9166918031250001 0.4185815640625 0.877235809375 0.42371205312500004 0.793015628125 0.4225027953125 0.787586159375 0.41878336562499996 0.783644740625 0.402085496875 0.7812980078125 0.3091757171875 0.77297395625 0.2972085828125 0.7739218453125 0.296060309375 0.7750753453125 0.2920735796875 0.8034423984375 0.28591574375 0.8893590281250001 0.28676257031249996 0.8973673203124999
3 0.4624087 0.7520388359375 0.5974344828125 0.7736452328125 0.6031758515625001 0.7678777296875 0.61349464375 0.714102996875 0.624585 0.635191009375 0.6240349109375 0.6341932828125 0.550635225 0.6238776296874999 0.49128807343750003 0.616720325 0.4851232921875 0.6184836796875001 0.481316040625 0.6245230046875 0.4622257484375 0.7322899296875 0.46041359843749996 0.7451840437499999 0.4624087 0.7520388359375
3 0.160508503125 0.6779209296875 0.258061196875 0.6995203453125 0.26579766562499996 0.7006076343750001 0.27153903437500004 0.6948401328125 0.28379142343749997 0.6350257265625 0.2920004625 0.5766153828125 0.291293203125 0.5753325921875 0.272314459375 0.57003554375 0.24925003750000002 0.5657421484375 0.180395446875 0.5560652671875 0.1783285546875 0.5581415671875 0.1749447171875 0.5681850359375 0.16056601406249998 0.6424272625 0.1562168546875 0.6733731390625 0.1570026984375 0.6747984609375 0.160508503125 0.6779209296875
35 0.6197514640625 0.5825739546875 0.62296663125 0.579344153125 0.6319911375 0.51513145625 0.639383665625 0.449900475 0.633989396875 0.4430939140625 0.6083043265625 0.4394841125 0.4989789453125 0.43148275937499997 0.49553412343750003 0.43494325937499995 0.480071603125 0.558998590625 0.483686484375 0.565555075 0.6163669328125 0.5842020953125 0.6197514640625 0.5825739546875
35 0.2594255859375 0.5340372609374999 0.285536165625 0.5377068640625 0.28622512968749997 0.5370147640625 0.28888410625 0.532128940625 0.2945479421875 0.5023539890625 0.3070970796875 0.41306223906249995 0.3067041578125 0.412349578125 0.226486028125 0.393712328125 0.19708745156250002 0.389580628125 0.1941019390625 0.39257972812499997 0.1899932421875 0.4077808453125 0.17452725 0.48975953906249997 0.17235267031249998 0.5052324765625 0.1762818875 0.5123590921875001 0.2594255859375 0.5340372609374999
31 0.6532025124999999 0.40279757812500006 0.656073196875 0.399913828125 0.6751007687499999 0.26452561406249997 0.673136159375 0.26096230781249996 0.6599597687500001 0.2564807265625 0.5973847 0.243873221875 0.5356380187500001 0.23519529218750002 0.5334562984375 0.23738694374999997 0.513400684375 0.3660562765625 0.515758215625 0.37033224374999996 0.52893460625 0.374813825 0.6299931046875 0.39953570781250003 0.6532025124999999 0.40279757812500006
31 0.333703584375 0.3472444046875 0.335540821875 0.3453988046875 0.3530824328125 0.22058376562499998 0.35182508281249997 0.21830325 0.3488754671875 0.21683680624999999 0.23686244374999998 0.20109440156249997 0.2324551890625 0.2186203421875 0.21904528124999997 0.3140367953125 0.2226120703125 0.32374223281250003 0.237722578125 0.32849563437499996 0.316296528125 0.34479800312500003 0.333703584375 0.3472444046875
43 0.565401253125 0.9959599921875 0.5688460734375 0.992499490625 0.5861242156250001 0.897626684375 0.59083580625 0.8641019812499999 0.5849724703125 0.8567035468749999 0.4811330265625 0.82370155 0.46777542031249997 0.82050938125 0.45365636406250004 0.8185250765625 0.4506105640625 0.8233565374999999 0.4300705515625 0.941438753125 0.432065653125 0.94829354375 0.44681373124999996 0.95562576875 0.5537965484375 0.9943290578124999 0.565401253125 0.9959599921875
43 0.153076390625 0.8493886249999999 0.1535607875 0.8599757390624999 0.15591831875 0.8642517078124999 0.173325375 0.8666981093749999 0.2672502953125 0.87200911875 0.2729916640625 0.8662416171875 0.27407895312499997 0.8585051484375 0.2776963078125 0.7485636421875 0.2754959453125 0.7445727390625 0.2459684171875 0.7404229156250001 0.1794797375 0.73870484375 0.16557848749999998 0.739380909375 0.16134782187500002 0.7414160875 0.1601995484375 0.7425695875 0.157300109375 0.763200171875 0.153076390625 0.8493886249999999