51 0.6389653140625 0.55412458125 0.6368789718750001 0.55024769375 0.6291195125 0.5457745390625 0.61241595625 0.5433539046875 0.549509821875 0.5558060734375 0.5000788 0.5594775796875 0.4686207578125 0.5661464875 0.4599139265625 0.5635688171875 0.455764709375 0.5674553359375001 0.4520725234375 0.588347871875 0.450733821875 0.6058301640625 0.4515608015625 0.7189702625 0.4545441546875 0.7309216515625 0.459412859375 0.7344259578125001 0.478469903125 0.7334363500000001 0.5071157140625 0.729796959375 0.5451669296875 0.7315795734375 0.6146761890625 0.72669328125 0.6272394921875 0.725797009375 0.6334545140625 0.725073271875 0.63431780625 0.7168596 0.6311882921875 0.7040447546874999 0.6340531734375 0.6688782015625 0.63645716875 0.638096665625 0.635048946875 0.5803137 0.6331428328125 0.5668129875 0.6389653140625 0.55412458125
42 0.5144734859375 0.9799107421875 0.5313106171875 0.9786878124999999 0.5980783390625 0.9769493015625 0.6086359546875 0.9714087656249999 0.6121395140625 0.9618017234374999 0.6165804859375 0.9511848437499999 0.613506521875 0.9408864765624999 0.6190001265625 0.928163503125 0.6187540421875 0.922595815625 0.627445103125 0.870751134375 0.6282597578125 0.8641865703124999 0.630724828125 0.840732996875 0.6308678859375 0.8152493109375 0.635012465625 0.799938853125 0.6354523484375 0.7957536375 0.627458365625 0.7899527546875 0.60265438125 0.7886757890625 0.5566865187500001 0.7918245953125 0.5103934812500001 0.7909491140625 0.4599119640625 0.7919609703125 0.45050911562499996 0.793632765625 0.445476965625 0.7964289578125 0.442703990625 0.8014576578125 0.44008805312500004 0.814483084375 0.43268682968750005 0.8713765671875 0.429855853125 0.8983115125 0.42484431875000006 0.959517528125 0.42620007656250003 0.9679727578125 0.43152752968749997 0.9718577890625 0.45577376249999996 0.9760687171875 0.49005442343750005 0.9773441953124999 0.5144734859375 0.9799107421875
6 0.8656601296875 1 0.8816847859375001 0.8895457999999999 0.8837236390625 0.8701474046875 0.8724519265625 0.8692740296875 0.8833672968749999 0.8547933406249999 0.8767776796875 0.8597534015624999 0.8695927593749999 0.84902295625 0.8309341515625001 0.8372012234374999 0.688904203125 0.799511621875 0.6766382109375 0.7982224140625 0.672690896875 0.7997319328125 0.6667506359375001 0.806422790625 0.658307525 0.8298085687500001 0.6445992359375 0.9151527078124999 0.64165640625 0.9407791359375001 0.6393088796875 0.98209606875 0.6439403125000001 0.9902305671875 0.6578708953125 0.9976799 0.665802528125 1 0.8656601296875 1
10 0.9049564921875 0.5894353765625 0.7207016625 0.5671876671875 0.692306640625 0.5642032296874999 0.672866771875 0.7412717203125 0.67569465 0.7460024015625 0.8786918234375 0.78396373125 0.8851823140624999 0.7815286343750001 0.895285771875 0.685400653125 0.9049564921875 0.5894353765625
14 0.9123400328125 0.49324403281249996 0.920811990625 0.389801390625 0.9190718609375 0.38850666562499997 0.8674699484374999 0.38308308593749996 0.7125829421875001 0.3778909140625 0.7047223406249999 0.3814981890625 0.6930949531249999 0.55539769375 0.8961760609375 0.576742378125 0.9042280265624999 0.5704246093750001 0.9123400328125 0.49324403281249996
18 0.957638696875 0.1818406859375 0.7583045265624999 0.1406566546875 0.751066484375 0.13989590624999998 0.7274361234375 0.3095925234375 0.9211282765625001 0.36358509687499996 0.9262721703125001 0.3641257421875 0.9342142328125 0.3590348921875 0.954361665625 0.2130195546875 0.957638696875 0.1818406859375
22 0.9647270953125 0.092960609375 0.7710969046875 0.027310400000000002 0.7700384828125 0.027199154687499998 0.763673034375 0.028602759374999998 0.7388386515625001 0.162177309375 0.949323446875 0.184300153125 0.9620309515625 0.1251030984375 0.965236340625 0.09460585625 0.9647270953125 0.092960609375
47 0.682930853125 0.358973925 0.501276284375 0.33988126093750004 0.48272446875 0.5008859078125 0.657767159375 0.5359091015625 0.6649051453125 0.5233589609375 0.6813036734375 0.374455509375 0.682930853125 0.358973925
38 0.705013559375 0.19371525 0.706155203125 0.182853234375 0.7061475781250001 0.179070128125 0.5359289546875 0.131424 0.534641434375 0.1312886765625 0.5288531125 0.1338349828125 0.5046311343750001 0.2931103671875 0.6739658046875 0.351747234375 0.6748481203125001 0.35183996875 0.6792442296875 0.34803897031250003 0.705013559375 0.19371525
44 0.7016491953124999 0.045359446875 0.5317826109375 0.002157453125 0.53067379375 0.0020409125 0.5253077859374999 0.00687465625 0.5114962484375 0.138282659375 0.6915593906249999 0.157208059375 0.700058009375 0.0913833484375 0.7042299359374999 0.0516901203125 0.7016491953124999 0.045359446875
27 0.3490065953125 0 0.33309063125 0.1238665640625 0.3408516546875 0.1291157375 0.494051021875 0.1231063734375 0.49424436875 0.121266803125 0.49360133125 0.115244534375 0.50653905 0 0.3490065953125 0
27 0.390628225 0.160143265625 0.3220195703125 0.15293220624999998 0.31037169375 0.3024462296875 0.4578212078125 0.33900272343750004 0.4635608984375 0.3318474375 0.47118445781249996 0.26592679375 0.480844959375 0.17401326718750001 0.390628225 0.160143265625