33 0.19224005 0.3184084203125 0.20165975625 0.4275344578125 0.20419676562500003 0.44558621875000004 0.2118722515625 0.451081896875 0.21997115156249997 0.45257343125 0.31607065156249997 0.46273536093749995 0.3338401375 0.4628677828125 0.33740692656250004 0.45316234375000003 0.33644160312500004 0.4322599375 0.3325953109375 0.3866482234375 0.32249438750000003 0.3147764234375 0.31862155312499996 0.31248057500000004 0.22747757656249998 0.30951147031250004 0.2058398546875 0.30992269375000003 0.19423515156249999 0.311553628125 0.1934493078125 0.3129789515625 0.19224005 0.3184084203125
1 0.15230742656250001 0.6798270171875 0.25880584687499997 0.65171084375 0.2620674984375 0.648254521875 0.25222390156249996 0.5782136875 0.24291991249999997 0.5316596578125 0.23881121562500002 0.5164585421875 0.23444777499999997 0.5120752421875 0.2228430671875 0.513706178125 0.21602522031250002 0.515716265625 0.1276587171875 0.546543684375 0.1237294984375 0.5536702984375 0.1454787671875 0.666323046875 0.1488626046875 0.6763665171875 0.15230742656250001 0.6798270171875
5 0.299757915625 0.6806682296875 0.331066221875 0.6788978921875 0.40335342343749997 0.6739981078125 0.4246287140625 0.6710080609375 0.42698624531249996 0.6667320937500001 0.42774838906249996 0.6595246312499999 0.4083946296875 0.521815475 0.40517946406250005 0.518585675 0.2736594859375 0.537069603125 0.2728736421875 0.5384949265625 0.2901483125 0.6754443718750001 0.293593134375 0.6789048734375001 0.299757915625 0.6806682296875
9 0.3280419265625 0.9261258421875 0.335778396875 0.925038553125 0.42317957812499996 0.873308728125 0.4449392671875 0.859731565625 0.45021626875000004 0.8530729718750001 0.4468275484375 0.8289609765625 0.4441568953125 0.8190802515625 0.41454918906250005 0.72068073125 0.41157953281250004 0.71597005625 0.3984067078125 0.7178213765625 0.33808883437500004 0.7590390046875 0.2949318890625 0.7887721515624999 0.290640240625 0.79331994375 0.2928148203125 0.8087928812499999 0.3242346765625 0.9200865171875 0.3280419265625 0.9261258421875
13 0.4456198265625 1 0.4382895875 0.9478426359375 0.4361624046875 0.943933978125 0.4307834671875 0.9407453 0.3250133796875 0.9319424828124999 0.3152825015625 0.9314692359375 0.3013015984375 0.9334341234375 0.300026559375 0.9408013265624999 0.308346390625 1 0.4456198265625 1
50 0.2767892796875 1 0.2625086203125 0.898387828125 0.259645075 0.8822227890625 0.25662366875 0.8747581421874999 0.24894818281250003 0.8692624640625001 0.1721159734375 0.8726972 0.1433252625 0.8767434703125 0.1417858859375 0.885638021875 0.1637307203125 1 0.2767892796875 1
41 0.1546311875 0.7917911578125 0.15571847656249999 0.7995276265625 0.1614598453125 0.8052951265624999 0.2153711953125 0.824015975 0.2712166625 0.842465 0.27508489687500004 0.8419213546875 0.2786516859375 0.8322159171875001 0.2791360828125 0.8216288031250001 0.2790287171875 0.712804728125 0.27833556875 0.7078727296875 0.27098661874999996 0.700490328125 0.17658077187500001 0.6743118140625 0.162317090625 0.671056925 0.1565147390625 0.6718723921875001 0.1545196375 0.678727184375 0.1546311875 0.7917911578125
4 0.46529813124999997 0.60954145 0.5818260953125 0.6247216234375 0.5937932296875 0.6256695125 0.5996565656249999 0.618271075 0.6006253609375001 0.597096846875 0.599239734375 0.487597746875 0.5955474796875 0.4613259875 0.5941695515625 0.45994178750000003 0.45039457968749996 0.4501687859375 0.43801622812499996 0.45190845 0.435030021875 0.457324675 0.43767858125 0.5884404109375 0.43949073125 0.6013345265625001 0.4429355515625 0.6047950265625001 0.447166215625 0.60683020625 0.46529813124999997 0.60954145
8 0.6267912875 0.362263621875 0.630236109375 0.3657241234375 0.6785890421875 0.3589285625 0.809384159375 0.3352869875 0.8167581984375 0.331620875 0.8187533 0.32476608281249997 0.8112642390625 0.2574448609375 0.796767040625 0.15429193593749999 0.793551875 0.1510621359375 0.7709226953125 0.154242459375 0.7433976 0.16047764375 0.612118084375 0.19470633125 0.6086122796875 0.1978287984375 0.6062547484375 0.20210476718749998 0.6151935296875 0.2797412828125 0.6267912875 0.362263621875
12 0.8098069421874999 0.558625625 0.836884584375 0.554820109375 0.8408138031249999 0.5476934953125 0.8304462015625 0.42620931874999995 0.8234694250000001 0.37656697499999997 0.821185075 0.3729433796875 0.7995473546875 0.373354603125 0.7078765296875 0.382424946875 0.63249433125 0.3930192234375 0.6309167171875 0.39442433593750004 0.63000890625 0.4090155953125 0.643777771875 0.5490875109375 0.6483098828125 0.5602844796875 0.6544746640625 0.5620478359375001 0.8098069421874999 0.558625625
16 0.6356134375 0.8278060265624999 0.6414157890625 0.826990559375 0.6449825765625 0.8172851218750001 0.635895678125 0.7035102328125 0.63023918125 0.663262171875 0.6236601937499999 0.658551590625 0.6097589421875 0.6578755234375 0.49341136875 0.6539779625000001 0.46751837343749997 0.6576169859375 0.46633281406249993 0.6688285953124999 0.47647738124999994 0.7831122781250001 0.48010167968750006 0.808900509375 0.4916454 0.8138525421875 0.601646153125 0.8246905390625001 0.6356134375 0.8278060265624999
20 0.87390819375 0.8014162328125 0.865392825 0.7197755703125 0.8571087125 0.66083104375 0.850529725 0.6561204609375 0.8404967078125001 0.65490075 0.6963461625 0.65543659375 0.6631276890625 0.6601051453125 0.661531609375 0.665588978125 0.67659325625 0.813456140625 0.677356775 0.8188888609375 0.683216421875 0.8269013328125 0.6893812031250001 0.8286646890625 0.8607893125 0.8413914796874999 0.8723940171875 0.8397605453124999 0.8763232343749999 0.83263393125 0.87390819375 0.8014162328125
24 0.8819499703125 0.90915806875 0.8858791890625 0.9020314562499999 0.8815300296874999 0.8710855796875 0.8745218937500001 0.8352538765625 0.8703522124999999 0.82663573125 0.6808087140625 0.85327433125 0.678451184375 0.8575503 0.6982663359375 0.970474871875 0.7040077046875 0.9762423734375 0.724920565625 0.970673503125 0.8672018921875001 0.916490296875 0.8819499703125 0.90915806875
0 0.5228776953125001 1 0.65021274375 0.9387023890625 0.6556526671875 0.9353081 0.6583245359375 0.9304620015625 0.6536129453124999 0.8969373031250001 0.6369857875 0.8235370296875001 0.6340161328125 0.81882635625 0.50060071875 0.83757666875 0.4818329890625 0.8492869734375 0.47596965312500006 0.8566854078125001 0.47923152187499996 0.879894815625 0.5055738859375001 0.997161565625 0.5073632640625 1 0.5228776953125001 1