55 0.75 0.637152778125 0.7529296875 0.6423611109375 0.7783203125 0.6423611109375 0.8388671875 0.6354166671875 0.83984375 0.6336805562500001 0.83984375 0.6163194437499999 0.8359375 0.574652778125 0.818359375 0.4322916671875 0.8134765625 0.4236111109375 0.8056640625 0.4236111109375 0.7607421875 0.4270833328125 0.7373046875 0.43055555625 0.7314453125 0.43402777812500004 0.73046875 0.4357638890625 0.73046875 0.453125 0.74609375 0.6197916671875 0.75 0.637152778125
55 0.60546875 0.6163194437499999 0.607421875 0.6336805562500001 0.6201171875 0.6388888890625 0.6533203125 0.6388888890625 0.6923828125 0.6354166671875 0.697265625 0.6267361109375 0.697265625 0.605902778125 0.6953125 0.5538194437499999 0.685546875 0.42881944375 0.6826171875 0.4236111109375 0.6376953125 0.4236111109375 0.6044921875 0.4270833328125 0.6005859375 0.43055555625 0.599609375 0.4322916671875 0.599609375 0.47743055625 0.6015625 0.5364583328125 0.60546875 0.6163194437499999
55 0.4873046875 0.628472221875 0.5107421875 0.6319444437499999 0.5712890625 0.6319444437499999 0.576171875 0.6232638890625 0.572265625 0.42534722187499996 0.5654296875 0.4201388890625 0.4912109375 0.4201388890625 0.486328125 0.42881944375 0.484375 0.578125 0.484375 0.6197916671875 0.486328125 0.6267361109375 0.4873046875 0.628472221875
55 0.3759765625 0.652777778125 0.4541015625 0.6423611109375 0.45703125 0.637152778125 0.45703125 0.5954861109375 0.453125 0.4357638890625 0.4501953125 0.43055555625 0.4267578125 0.43055555625 0.3681640625 0.4375 0.365234375 0.4427083328125 0.365234375 0.6475694437499999 0.3681640625 0.652777778125 0.3759765625 0.652777778125
55 0.3232421875 0.6354166671875 0.326171875 0.612847221875 0.333984375 0.4322916671875 0.3232421875 0.4270833328125 0.2509765625 0.4270833328125 0.2470703125 0.43055555625 0.24609375 0.4322916671875 0.2421875 0.4739583328125 0.234375 0.5920138890625 0.232421875 0.6302083328125 0.2373046875 0.6388888890625 0.3193359375 0.6388888890625 0.3232421875 0.6354166671875
55 0.0869140625 0.6770833328125 0.1494140625 0.690972221875 0.154296875 0.6788194437499999 0.177734375 0.5538194437499999 0.1875 0.4947916671875 0.1875 0.4739583328125 0.1845703125 0.46875 0.1650390625 0.46180555625 0.1142578125 0.4479166671875 0.1044921875 0.4479166671875 0.1015625 0.453125 0.09765625 0.4670138890625 0.0625 0.644097221875 0.060546875 0.6545138890625 0.060546875 0.6614583328125 0.0634765625 0.6666666671875 0.0869140625 0.6770833328125
55 0.19140625 0.4704861109375 0.19140625 0.44965277812500004 0.1865234375 0.44097222187499996 0.1474609375 0.4479166671875 0.146484375 0.44965277812500004 0.1494140625 0.4548611109375 0.1884765625 0.47222222187499996 0.19140625 0.4704861109375
55 0.1728515625 0.6736111109375 0.1806640625 0.6666666671875 0.18359375 0.6614583328125 0.185546875 0.640625 0.189453125 0.5538194437499999 0.189453125 0.5086805562500001 0.1884765625 0.5069444437499999 0.185546875 0.512152778125 0.1796875 0.5364583328125 0.16015625 0.640625 0.15625 0.668402778125 0.15625 0.675347221875 0.1572265625 0.6770833328125 0.1728515625 0.6736111109375
55 0.2607421875 0.3888888890625 0.2666015625 0.3888888890625 0.2724609375 0.3854166671875 0.27734375 0.35590277812500004 0.28515625 0.2795138890625 0.28515625 0.2552083328125 0.2841796875 0.25347222187499996 0.2177734375 0.24305555625 0.1748046875 0.23958333281250002 0.16796875 0.2517361109375 0.15625 0.3385416671875 0.154296875 0.35590277812500004 0.154296875 0.3732638890625 0.1552734375 0.375 0.2607421875 0.3888888890625
55 0.4560546875 0.37847222187499996 0.458984375 0.3697916671875 0.4609375 0.3385416671875 0.462890625 0.24826388906250002 0.4560546875 0.24305555625 0.3505859375 0.23263888906250002 0.34765625 0.237847221875 0.33984375 0.32118055624999997 0.337890625 0.359375 0.3447265625 0.36805555624999997 0.4521484375 0.38194444375000003 0.4560546875 0.37847222187499996
55 0.5458984375 0.36805555624999997 0.6533203125 0.3645833328125 0.6611328125 0.3611111109375 0.6640625 0.35590277812500004 0.66015625 0.26215277812500004 0.658203125 0.24131944375 0.6552734375 0.22916666718749998 0.5693359375 0.22916666718749998 0.5419921875 0.23263888906250002 0.541015625 0.234375 0.5390625 0.24131944375 0.541015625 0.3420138890625 0.54296875 0.36284722187499996 0.5458984375 0.36805555624999997
55 0.7197265625 0.3645833328125 0.8291015625 0.37847222187499996 0.833984375 0.3732638890625 0.83203125 0.2760416671875 0.830078125 0.24826388906250002 0.8271484375 0.24305555625 0.8232421875 0.23958333281250002 0.8056640625 0.23611111093749998 0.7451171875 0.22916666718749998 0.7119140625 0.22916666718749998 0.7109375 0.230902778125 0.708984375 0.24479166718749998 0.7109375 0.359375 0.7119140625 0.3611111109375 0.7197265625 0.3645833328125
44 0.548828125 0.831597221875 0.5537109375 0.840277778125 0.6767578125 0.8229166671874999 0.68359375 0.8177083328125001 0.68359375 0.7899305562500001 0.673828125 0.675347221875 0.671875 0.6579861109375 0.6689453125 0.652777778125 0.6435546875 0.652777778125 0.5458984375 0.6666666671875 0.5419921875 0.6701388890625 0.541015625 0.671875 0.541015625 0.706597221875 0.546875 0.8107638890625 0.548828125 0.831597221875
44 0.3642578125 0.8576388890625 0.4560546875 0.84375 0.4697265625 0.840277778125 0.47265625 0.8350694437499999 0.47265625 0.7829861109375 0.46875 0.6788194437499999 0.4658203125 0.6701388890625 0.4462890625 0.6701388890625 0.3544921875 0.684027778125 0.3408203125 0.6875 0.3369140625 0.690972221875 0.3359375 0.6927083328125 0.3359375 0.8524305562500001 0.3388671875 0.8576388890625 0.3642578125 0.8576388890625