36 0.6822366140625 0.1764710359375 0.6847722093749999 0.180422140625 0.686057053125 0.181421278125 0.7153239 0.18339719999999998 0.8012483125 0.184897015625 0.8071834890625 0.1806054140625 0.8100599531249999 0.16502824375 0.8160174015624999 0.12215693593750002 0.8161537484375 0.114345625 0.8122992234374999 0.1113482109375 0.80712576875 0.1093044859375 0.695129571875 0.10930300625 0.6911727875 0.112164075 0.68548803125 0.1394127625 0.6822366140625 0.1764710359375
36 0.164034353125 0.7971115296875 0.161024178125 0.8501920875 0.16064240624999998 0.8720637484375 0.1626708828125 0.87522463125 0.169129178125 0.8782674953124999 0.24710593281249998 0.8874422750000001 0.269203890625 0.8897814187499999 0.31737363749999997 0.8906222234375001 0.31816499375 0.8900500109375 0.31950801093750003 0.8131086062499999 0.3161674234375 0.810510846875 0.2823865859375 0.8060143546875 0.20958328593750003 0.7988833015625 0.183579671875 0.7964759828125 0.16535328124999998 0.7961578406250001 0.164034353125 0.7971115296875
49 0.2838589046875 0.7962729421875 0.317707915625 0.796863778125 0.3202817796875 0.768779415625 0.32112713125000003 0.7203492984375 0.3177865421875 0.7177515390625 0.23720601874999997 0.7085313109375 0.1729576640625 0.7036983484375 0.169312384375 0.7036347203125 0.1656193859375 0.70630505 0.163072790625 0.73282715 0.16223425625000001 0.7808667015624999 0.1655748453125 0.7834644625 0.1785596078125 0.785644534375 0.2838589046875 0.7962729421875
49 0.6780523109375001 0.3565035546875 0.7000320109375 0.3581569359375 0.7987148937499999 0.35987945312499997 0.799110575 0.3595933453125 0.8020552109375 0.3401105203125 0.8048894531249999 0.3120307140625 0.8052541812499999 0.291135453125 0.801656625 0.288337865625 0.6844869734375 0.2862926609375 0.6805301874999999 0.2891537296875 0.6745144046875 0.3502885140625 0.674454753125 0.35370596718749997 0.6780523109375001 0.3565035546875
45 0.160614503125 0.6349177671875 0.1592955734375 0.6358714562500001 0.15895470625000002 0.6553997328125 0.1684153578125 0.7102606984375 0.17177734375 0.7146169125 0.18691392812500002 0.714881121875 0.310542390625 0.7000442890625 0.31838778749999996 0.6982278078124999 0.32471864375 0.6936500999999999 0.324749321875 0.6918925609375 0.315658125 0.6307870859375 0.3131566140625 0.624883153125 0.3093020890625 0.6218857390625 0.23369049843749998 0.6264262015625001 0.1684599 0.6331012874999999 0.160614503125 0.6349177671875
45 0.6748331859375 0.19773178593750002 0.67445823125 0.21921288749999998 0.67631209375 0.2622205421875 0.6801325328125001 0.267170784375 0.68427129375 0.26880576562499997 0.8003994390625 0.2708327890625 0.800927009375 0.2704513140625 0.8015712484374999 0.2335428671875 0.7997800609375 0.2018661640625 0.7984952203125 0.20086702500000003 0.7933217671875 0.19882329999999998 0.7334691421875 0.1958251453125 0.6787899703125 0.1948707171875 0.6748331859375 0.19773178593750002
40 0.1990544859375 0.6291424453125 0.319199825 0.6218631625000001 0.3244755375 0.6180484046875 0.324935709375 0.5916852171875 0.3240769515625 0.5662757515625 0.3218481359375 0.5447491999999999 0.32056329375 0.5437500609375 0.3164245328125 0.54211508125 0.303145303125 0.541883290625 0.1694423734375 0.546972503125 0.1654855875 0.5498335703125 0.1651447203125 0.569361846875 0.1693637453125 0.6260847421875 0.1727043328125 0.6286825015625 0.1990544859375 0.6291424453125
40 0.6915910265625 0.4239376078125 0.6913524203125 0.4376074015625 0.6952069453124999 0.440604815625 0.710795478125 0.44283033749999995 0.7381094984375001 0.44477217187500007 0.8129678874999999 0.4460788296875 0.8136273515625 0.4456019859375 0.8164356421875001 0.43393046875 0.818720815625 0.414924490625 0.8193855062500001 0.3768443515625 0.8187430843750001 0.37634478125 0.7927394718749999 0.3739374640625 0.7459056984375 0.37116655625 0.7016416078125001 0.3703939234375 0.6976848234374999 0.373254990625 0.6915910265625 0.4239376078125
0 0.7561590687499999 0.537288771875 0.8103447546875 0.5366718484375 0.8135101828125 0.53438299375 0.8142975859374999 0.48927267968750005 0.81285671875 0.4673691953125 0.8115718765625 0.46637005781249996 0.8074331156250001 0.4647350765625 0.7751463671875001 0.464171509375 0.6917984546875 0.4642794046875 0.6904795265625 0.46523309375000005 0.6878075828125 0.46909330000000005 0.6892864921874999 0.53358205625 0.6926270796875 0.5361798171875 0.7561590687499999 0.537288771875
0 0.3405027890625 0.6995905390625 0.3456421578125 0.7035870921875 0.3655423984375 0.7039344515625 0.47214656718750003 0.6930979875000001 0.4839146625 0.6903732671875 0.48578502187500006 0.687671121875 0.48597931718750004 0.67654000625 0.4799001578125 0.6219334046875 0.47622198750000005 0.6152275656249999 0.4558009921875 0.614871115625 0.43702316874999997 0.616301428125 0.3378753875 0.6262913328125 0.33391860156250003 0.6291524 0.3337822546875 0.6369637109374999 0.3382058 0.6819696421875 0.3405027890625 0.6995905390625
32 0.451687090625 0.5073610703125 0.344762084375 0.5152618 0.3369166875 0.5170782796875 0.3329599015625 0.5199393484375 0.33282355468749997 0.5277506578125 0.3396804375 0.582566175 0.343398615625 0.5933748999999999 0.3465095046875 0.5942105703125 0.36213212499999997 0.5944832640625 0.4607387 0.5856559671875 0.4763954078125 0.5839758328125 0.4855938203125 0.5792528359375 0.47637177499999994 0.5107220765625 0.47251725 0.5077246609375 0.451687090625 0.5073610703125
32 0.7179839203125 0.62413575 0.8087904 0.6257207828125 0.8107858359375 0.6233138359375 0.8123410078125 0.60136496875 0.8131011421875 0.5578169234375 0.81065994375 0.5559185609374999 0.6935584640625 0.549967703125 0.6896016781250001 0.5528287703125 0.6858389609375 0.6191794578125001 0.6896934859375 0.622176871875 0.7179839203125 0.62413575
28 0.6841637109375001 0.6778505625 0.6860516609375 0.7189053890625 0.68810740625 0.7205040109375 0.7243866031249999 0.7211372671875 0.7863479359375 0.717725934375 0.8046084140625 0.7160912484375 0.8085651984375 0.7132301812499999 0.810435559375 0.7105280375 0.8107832453125001 0.6906092 0.8097241484375 0.6468340453125 0.8058696234375 0.64383663125 0.69380525 0.6477408078125 0.6885636234375 0.6496027375 0.6846068390625 0.6524638046875 0.6841637109375001 0.6778505625
28 0.365419175 0.4956974609375 0.4614369328125 0.5008896171874999 0.47248435625 0.50108245 0.47873430156249996 0.49474524999999997 0.48198572031250003 0.457686975 0.4825651953125 0.42448890781250004 0.48128035156250004 0.42348976875 0.4761069 0.42144604374999994 0.3699003515625 0.4180294640625 0.34282114375 0.41755679375000004 0.3393919296875 0.4200363859375 0.3362768578125 0.44928334999999997 0.332991353125 0.48829445156249995 0.33552695 0.49224555625 0.3368117921875 0.49324469375 0.365419175 0.4956974609375
24 0.682841146875 0.7536202703125 0.684695009375 0.796627925 0.6870942578125 0.8083903390625 0.6906918140625 0.8111879265624999 0.6938163375 0.8112424656250001 0.719624340625 0.809934865625 0.8057191859374999 0.80167054375 0.8088846140625 0.7993816890625001 0.809600434375 0.7583723124999999 0.8082311484375 0.732367890625 0.8043766234374999 0.7293704765625 0.791357775 0.7291432312499999 0.689640309375 0.737134859375 0.6830456671875 0.7419033046875 0.682841146875 0.7536202703125
24 0.32475573281250003 0.3781730109375 0.32705272343749997 0.3957939078125 0.332706028125 0.40019011562499995 0.370200315625 0.40084458125 0.45588821093750004 0.4009728734375 0.470260075 0.3982936015625 0.472154296875 0.39422447968749996 0.47234859062499995 0.38309334375000004 0.468849340625 0.3298991890625 0.4650629890625 0.32299611875 0.327063178125 0.32058732343749996 0.32310639375 0.32344839062499997 0.32266326562500003 0.34883514843749996 0.32475573281250003 0.3781730109375
20 0.3128638359375 0.298461140625 0.31414867812499997 0.2994602796875 0.41048816875 0.30114189062499996 0.452182575 0.29991624687499996 0.45877721875 0.29514779999999996 0.4620286359375 0.2580895265625 0.4626421984375 0.22293863125 0.4613573546875 0.22193949218750003 0.4561839015625 0.2198957671875 0.3206856 0.223390903125 0.31672881406250003 0.226251971875 0.3134092234375 0.2672159 0.3128638359375 0.298461140625
20 0.5111347671875001 0.3097356625 0.510896159375 0.32340545625 0.5199582234375 0.32649376874999997 0.5589806875 0.3291283296875 0.6423013296875 0.33058269687499997 0.6436202578125 0.32962900781250004 0.6522837359375 0.2809446671875 0.652658690625 0.2594635640625 0.6513738484375 0.2584644265625 0.6331815453125 0.25619345625 0.583744 0.253377096875 0.523857290625 0.2523317703125 0.5199005046875 0.2551928390625 0.5111347671875001 0.3097356625
16 0.49992174218749996 0.235895909375 0.5308198109375 0.2364352375 0.62812266875 0.2326640828125 0.6320794546874999 0.22980301406249998 0.6352204765625 0.1841477640625 0.635653378125 0.1593468453125 0.6325697578125 0.1569489125 0.5973320703125 0.15633383750000002 0.5121801390625 0.1603170875 0.5017309734375 0.16208811875 0.50041204375 0.1630418078125 0.49748576718750004 0.19639426875 0.4968381203125 0.233497978125 0.49992174218749996 0.235895909375
16 0.1542567453125 0.2978414078125 0.1555415859375 0.298840546875 0.1607150390625 0.300884271875 0.3012504484375 0.30724417187499997 0.30385421875 0.3072896203125 0.30962750781250004 0.3048118765625 0.310939165625 0.2296670734375 0.3052858609375 0.2252708640625 0.193426009375 0.2174580765625 0.154369459375 0.21677634218750003 0.15305053125 0.21773003124999998 0.15223245000000002 0.26459789218749996 0.1542567453125 0.2978414078125
12 0.1247051578125 0.3494819640625 0.1187136234375 0.3943061 0.11864545 0.39821175468750003 0.12249997500000001 0.4012091703125 0.13027719843750002 0.40329834375000007 0.23552100937499998 0.414121125 0.27697302968750004 0.4148446734375 0.277236815625 0.4146539359375 0.2799428453125 0.4088409015625 0.285064625 0.36908048125000004 0.2856066046875 0.338030525 0.285092665625 0.3376308703125 0.2747116734375 0.335496246875 0.1343466984375 0.319372209375 0.1303899140625 0.3222332765625 0.1276838828125 0.3280463109375 0.1247051578125 0.3494819640625
12 0.524046946875 0.420524759375 0.5287030546875 0.42236411250000006 0.6518613765625 0.42451385 0.654499234375 0.4226064703125 0.6557195390625 0.35269524531249996 0.6528928859375001 0.35049714062500004 0.585228953125 0.347362640625 0.5253422421875 0.3463173140625 0.5240233125 0.34727100312500003 0.5227621046875 0.419525621875 0.524046946875 0.420524759375
8 0.5259920703125001 0.48814713125000003 0.5258557234375 0.4959584421875 0.5297102484375 0.49895585625 0.5972037484375 0.5118544953125 0.635991271875 0.5180011171875 0.6523082296875 0.5182859296875 0.65573744375 0.5158063375 0.6709955640625 0.4623535484375 0.671195215625 0.4509155609375 0.6634569484374999 0.44659458281250003 0.5596129265625 0.4272011765625 0.5465940765624999 0.42697393124999994 0.5426372921875 0.429835 0.528800359375 0.47647561562499996 0.5259920703125001 0.48814713125000003
8 0.14243892656249998 0.5123162625 0.1449745234375 0.516267365625 0.1462593640625 0.5172665046875 0.1957309953125 0.518130034375 0.276481953125 0.517586125 0.2973462 0.515996890625 0.3013029859375 0.513135821875 0.2999263375 0.44278858281250005 0.2974248265625 0.43688465 0.2935703015625 0.4338872359375 0.270136371875 0.4334781953125 0.18154001875 0.435838584375 0.1476569203125 0.437200575 0.14241529375 0.43906250468749997 0.13845850937499998 0.44192357343750005 0.1383903359375 0.44582922812500003 0.14243892656249998 0.5123162625
4 0.5817501296875001 0.524281996875 0.5216929859375 0.5330008078125 0.5177362 0.5358618765625 0.517633940625 0.541720359375 0.532199871875 0.6025307062499999 0.53374168125 0.603729671875 0.55922143125 0.6041744234374999 0.6456513453125 0.5937671859375 0.659380790625 0.59058834375 0.659811134375 0.5659338968750001 0.657998915625 0.557844396875 0.6482314828125 0.5205588765625 0.6443769578125 0.5175614625 0.6339618781249999 0.5173796671875001 0.618305171875 0.5190598 0.5817501296875001 0.524281996875
4 0.204158325 0.12485784062500001 0.20148638124999999 0.1287180453125 0.20138412187500002 0.134576528125 0.2054327125 0.2010635625 0.20925315000000003 0.20601380468750002 0.2144266046875 0.20805752968750002 0.3419431625 0.21419018437499998 0.35496201250000003 0.21441742968750002 0.358127440625 0.212128575 0.35851602968749996 0.18986634687499998 0.3575762375 0.1392562953125 0.3537557984375 0.1343060515625 0.345978575 0.132216878125 0.22630741250000003 0.1242677421875 0.20547725312499998 0.12390414999999999 0.204158325 0.12485784062500001
44 0.520246046875 0.7128857656250001 0.6066912140625 0.7143946718749999 0.6410814296875 0.7138229015625 0.6502457546875 0.71105273125 0.6526505046875 0.707578546875 0.6538196796875 0.6405965625000001 0.6502221234375 0.637798975 0.525207075 0.6375702515625 0.5212502890625 0.6404313203124999 0.51810113125 0.6716311109374999 0.517419396875 0.7106876609375 0.520246046875 0.7128857656250001
44 0.5134427046875001 0.7594538109375 0.5048473984374999 0.804232496875 0.5046769656250001 0.813996634375 0.50596180625 0.8149957734375001 0.511135259375 0.8170394984374999 0.5977794453125 0.8220680390625 0.63397185 0.8226997796875001 0.6374010640625001 0.8202201875 0.64010709375 0.8144071546875 0.6501747171875001 0.7598870515625 0.6503281078125001 0.7510993312500001 0.6477584249999999 0.7491010546875 0.6373774296875 0.74696643125 0.5385364296875 0.7393808875000001 0.522913809375 0.73910819375 0.5162850796875 0.7458294671875 0.5134427046875001 0.7594538109375
44 0.33149569218749997 0.7754214546875 0.3353502171875 0.7784188703125 0.343127440625 0.78050804375 0.447690578125 0.7960071578125001 0.4730773359375 0.7964502859375 0.4743962640625 0.795496596875 0.48163846406250005 0.7461688546875 0.482055459375 0.722279271875 0.47704457656250004 0.7183826328125 0.35750976093750003 0.7026221875 0.34188714062500003 0.70234949375 0.3378280953125 0.71106904375 0.331836559375 0.7558931796875 0.33149569218749997 0.7754214546875
44 0.3378586140625 0.836153725 0.3444869328125 0.889142065625 0.34702252968749997 0.8930931703124999 0.3485643390625 0.8942921359374999 0.4886471671875 0.8967372906250001 0.4899660953125 0.8957836015625 0.4901007375 0.8880699296874999 0.481076009375 0.8231564484374999 0.4746858875 0.8162079296875 0.34446330000000003 0.8158883093749999 0.3392216734375 0.8177502390625 0.3381665296875 0.8185131906249999 0.3378586140625 0.836153725