26 0.73544835 0.1457024 0.7334179625 0.155254621875 0.734488553125 0.1564805625 0.787574921875 0.169761178125 0.874181740625 0.188170025 0.878611746875 0.18611651406250002 0.8968563218750001 0.1434949890625 0.8989933046875 0.133441278125 0.8969591828125001 0.1311119921875 0.831136515625 0.1151241921875 0.761954434375 0.10241584687500001 0.7575244296875 0.1044693578125 0.7400259953125 0.1366916125 0.73544835 0.1457024
26 0.24045687187499998 0 0.2379776921875 0.0042197609375 0.2275451078125 0.0307555796875 0.2235655484375 0.0494779328125 0.224207903125 0.050213496875 0.2310559765625 0.05306683125 0.2746141109375 0.0623253984375 0.3694016875 0.0810753890625 0.376378953125 0.0795633140625 0.382964828125 0.058599481249999995 0.389868146875 0.026121926562499998 0.38494342812500004 0.0204826 0.3110729046875 0.0047809359374999996 0.2847171125 0 0.24045687187499998 0
47 0.3916591015625 0.160485134375 0.39632329843749997 0.16806584375 0.400189675 0.16888766718749998 0.5399538640625 0.18302074375 0.548389871875 0.1821610359375 0.549898159375 0.1750651 0.5434238203125 0.12285715625 0.5387596218749999 0.1152764453125 0.5185271046875 0.1109758921875 0.49986197499999996 0.108605903125 0.403582990625 0.0981249671875 0.395535134375 0.0984111015625 0.3911051296875 0.1004646140625 0.38948081874999996 0.1081063921875 0.3916591015625 0.160485134375
47 0.5809645890625 0.15040493125 0.5794879203125001 0.151089434375 0.5768003890625 0.153712996875 0.5757445875 0.15868015 0.5742089125 0.1759252140625 0.5719940375 0.21139608906250001 0.575205809375 0.2150739109375 0.5773765203125001 0.2161343375 0.6288311578125 0.2270713578125 0.705522115625 0.2407767375 0.7237590078125 0.24265635 0.7279502796874999 0.23922092031250003 0.7297911640625 0.23056024062499997 0.729370146875 0.1849446453125 0.7269705296875 0.177445934375 0.71209305 0.17228686875000002 0.6454582281250001 0.160119959375 0.59920148125 0.15228454375 0.5809645890625 0.15040493125
51 0.373049721875 0.26056073125 0.5299608984375 0.29391323125 0.5329142359375 0.29254422343750003 0.546883303125 0.22682493125 0.5440997656250001 0.22363748593750002 0.391264203125 0.191151284375 0.3868341984375 0.1932047953125 0.3799234609375 0.21569698437499998 0.370908540625 0.25810885 0.373049721875 0.26056073125
51 0.5564540515624999 0.24692992500000002 0.5403954375 0.297429053125 0.540716615625 0.2977968359375 0.7022912375 0.33214058281250003 0.7084037640624999 0.321159771875 0.7201800125 0.26575688125 0.7191094203125 0.2645309390625 0.5662738578125001 0.23204473750000001 0.5618438515624999 0.23409825 0.5564540515624999 0.24692992500000002
42 0.3297171859375 0.36296894218750003 0.33078777812500004 0.3641948828125 0.33547621875 0.3671882015625 0.42717755625000003 0.386679921875 0.4989068953125 0.3999297046875 0.500383565625 0.3992452015625 0.50273515625 0.3969495828125 0.510897309375 0.358549671875 0.5162205890625 0.3247378640625 0.513008815625 0.3210600421875 0.35253147500000004 0.28694953125 0.3476953921875 0.2909134875 0.3378387375 0.3247600515625 0.3297171859375 0.36296894218750003
42 0.5598562796875 0.3423993046875 0.5508117796875001 0.3724249796875 0.545532771875 0.397260759375 0.5487445453124999 0.40093858125 0.5610747640625 0.405556209375 0.6290386125 0.4239958890625 0.659362078125 0.4316393953125 0.7133639781250001 0.4431178546875 0.7290385703125 0.3693746953125 0.7267940140625 0.36490408125 0.6082910546875 0.3337252234375 0.5700821640625 0.32560367343749996 0.565652159375 0.327657184375 0.5598562796875 0.3423993046875
18 0.7785919640625 0.3717208828125 0.7582138890625 0.3673893890625 0.753783884375 0.3694429 0.7395711703125001 0.436308459375 0.7419707890625 0.4438071703125 0.7492064890625 0.44734192500000003 0.8876814453125 0.48476272187499997 0.9055122593749999 0.48855277812500003 0.9084655968750001 0.48718377031250004 0.911612696875 0.47237782968750003 0.9166239953125 0.4300135015625 0.9177314328125 0.4122780640625 0.9166608421875001 0.41105212343749997 0.9119724015624999 0.40805880468750005 0.8567448499999999 0.392326309375 0.7785919640625 0.3717208828125
18 0.168098715625 0.2189938078125 0.1710963703125 0.22242644218750002 0.274260375 0.24435462812500003 0.329646646875 0.2543302609375 0.33702998906250003 0.250907740625 0.347909209375 0.2084927859375 0.3520511984375 0.1890062546875 0.350836625 0.1859526265625 0.3450775921875 0.18173336874999999 0.19438321249999999 0.15169904843749998 0.1865937921875 0.1570320125 0.1713473359375 0.2037102515625 0.168098715625 0.2189938078125
14 0.30727879375 0.2593599453125 0.22281315781250002 0.2434029796875 0.14303596093749998 0.23043933125 0.138199878125 0.2344032875 0.133364046875 0.30725548125 0.13657581875 0.310933303125 0.190068265625 0.3223034734375 0.30550709375 0.3428472359375 0.3099370984375 0.3407937234375 0.3123735640625 0.32933105625 0.3118195921875 0.2693105375 0.3104905671875 0.2630377671875 0.30727879375 0.2593599453125
14 0.7229515203125 0.5132452296875 0.7056746765625 0.5694756921875 0.7012078234375 0.5904905828125 0.7031348875 0.592697275 0.7388984093750001 0.600299046875 0.879663621875 0.6214338765625 0.8870469640625 0.6180113578124999 0.904508296875 0.5358622421875 0.9034377046875001 0.5346363015625 0.8987492640625 0.531642984375 0.7417421328125 0.5062571234375 0.73114701875 0.506001821875 0.7267170125 0.5080553328125 0.7229515203125 0.5132452296875
10 0.26927525 0.3767783453125 0.24889717500000003 0.3724468515625 0.09698456093749999 0.3481438640625 0.08960121875 0.351566384375 0.0873126484375 0.42496001562499996 0.08782951875 0.4350536734375 0.09035464531250001 0.4400831140625 0.146776440625 0.45207593749999997 0.21881033906249997 0.46389288593750005 0.2731149421875 0.4714421671875 0.27754494687500003 0.46938865625000004 0.27824630781250004 0.4535636625 0.2724870234375 0.3804561671875 0.26927525 0.3767783453125
10 0.8274468609375001 0.6679413578125 0.7153674484375 0.64411814375 0.71093744375 0.6461716562500001 0.6922207765625 0.68412524375 0.6722858796875 0.727810165625 0.669849415625 0.7392728328125 0.6730611875 0.7429506546875 0.7434430765625 0.75940835625 0.8593433781250001 0.7840437265625 0.8630350484375 0.7823324671874999 0.867612696875 0.77332168125 0.8912022921875 0.7124427578125 0.899028559375 0.688148415625 0.8958167859374999 0.68447059375 0.8274468609375001 0.6679413578125
2 0.530046328125 0.4363003046875 0.5157228203125 0.491161759375 0.5104438124999999 0.5159975375 0.5115144046875 0.517223478125 0.5162028453125 0.520216796875 0.5783781328125001 0.5358286718749999 0.690584909375 0.559678959375 0.6920966453124999 0.5582032046875 0.697294434375 0.5337495296875 0.7030754781249999 0.49903665156250004 0.7054011484375 0.47556988125000005 0.702189375 0.471892059375 0.5960166359375 0.445330828125 0.537429671875 0.432877784375 0.530046328125 0.4363003046875
2 0.306649240625 0.4780709140625 0.48782306249999996 0.5165805984375 0.48856139687500005 0.516238346875 0.4934343265625 0.4933130125 0.5005221343749999 0.434916803125 0.4955752578125 0.42687665468749997 0.3270500609375 0.393052278125 0.3226200546875 0.3951057890625 0.3055648 0.47534445937500003 0.306649240625 0.4780709140625
34 0.29503435625 0.49357292499999994 0.29060435 0.4956264359375 0.2860267046875 0.504637221875 0.264689084375 0.5799721296875 0.26561203437500003 0.5881553453125 0.2713710671875 0.592374603125 0.40388395 0.6265313640625 0.453555509375 0.6370893796875 0.4579855140625 0.6350358671875 0.47138607187500003 0.5719911984375 0.47533605312500005 0.5408826484375 0.4695770203125 0.536663390625 0.38378235781250003 0.514433653125 0.29503435625 0.49357292499999994
34 0.48812225781249996 0.5627693265625 0.48073891562500004 0.5661918453125 0.46124719374999995 0.6578931828125001 0.4646730859375 0.66181619375 0.5120521109375 0.671886915625 0.649485953125 0.69291266875 0.655765490625 0.6915518015625 0.665318465625 0.6466085890625 0.6704543421875 0.600526828125 0.669125315625 0.5942540578125 0.6659135421875 0.5905762359375 0.6455354671875 0.5862447421875 0.537332340625 0.5692357343750001 0.48812225781249996 0.5627693265625
10 0.8274468609375001 0.6679413578125 0.7153674484375 0.64411814375 0.71093744375 0.6461716562500001 0.6922207765625 0.68412524375 0.6722858796875 0.727810165625 0.669849415625 0.7392728328125 0.6730611875 0.7429506546875 0.7434430765625 0.75940835625 0.8593433781250001 0.7840437265625 0.8630350484375 0.7823324671874999 0.867612696875 0.77332168125 0.8912022921875 0.7124427578125 0.899028559375 0.688148415625 0.8958167859374999 0.68447059375 0.8274468609375001 0.6679413578125
6 0.0464588140625 0.45621144375 0.035310232812499995 0.5337120984375 0.034608871875 0.5495370921875 0.039961825 0.5556667953125001 0.110343715625 0.572124496875 0.2331216171875 0.5982217453125 0.2363499328125 0.583033715625 0.23776195625000002 0.5707542640625001 0.23964444999999998 0.49927107812499993 0.23174423593750001 0.4925999375 0.053842156249999995 0.452788925 0.0464588140625 0.45621144375
6 0.6595870609375 0.8783622 0.6551202078125 0.8993770890624999 0.6561907984375 0.9006030296875001 0.7886482859374999 0.9287577390624999 0.8578303671875 0.9414660843749999 0.8656197875 0.9361331203125 0.8816783984375001 0.8856339921874999 0.8883067140625001 0.8600866265624999 0.8952303328125 0.8275135578124999 0.8931962109375 0.8251842703125 0.8524400609375 0.8165212828125 0.7013396015625 0.7883974078125 0.6939562609375 0.7918199265625 0.6889725359375001 0.8027411578124999 0.6595870609375 0.8783622
30 0.4398817984375 0.70956059375 0.4167353796875 0.8184559328125 0.419411859375 0.8215207843749999 0.479590859375 0.834312225 0.620663771875 0.85481359375 0.6261060406250001 0.853634175 0.6342803781249999 0.8151769421875 0.6360578703125 0.8011780796875 0.6419274453125 0.748513203125 0.6410044953125 0.7403299890625 0.6352454640625 0.7361107296875 0.4468590640625 0.70804851875 0.4398817984375 0.70956059375
30 0.1966039671875 0.7136597078125 0.2019569234375 0.7197894109375 0.21394012187500003 0.7235345734374999 0.27303653906249997 0.7360959046875 0.3496979671875 0.7511927390625 0.40104923125 0.7601110281250001 0.405183903125 0.7581944171874999 0.42759938281250004 0.6527378796875001 0.424601728125 0.6493052453125 0.23610453437499998 0.6092389296875 0.2283151140625 0.61457189375 0.22130100156250002 0.6350453468749999 0.19741612343749998 0.70983881875 0.1966039671875 0.7136597078125
38 0 0.6878849609375 0.0162857515625 0.6921046625 0.08028472812500001 0.7079044999999999 0.1802391859375 0.7291504765625 0.18156105 0.72806699375 0.1848265890625 0.7127038437500001 0.1875424453125 0.6316635875000001 0.187837728125 0.6177490390625 0.1824847734375 0.6116193359375 0.149776478125 0.6026702140625 0.06357573749999999 0.582350921875 0 0.56883748125 0 0.6878849609375
38 0.590418675 0.06835090625 0.58894200625 0.069035409375 0.578383990625 0.1187069671875 0.5797130171875 0.1249797375 0.5820683171875001 0.1276768078125 0.7223374 0.157491921875 0.7274540625 0.1563830671875 0.7305918874999999 0.12909540625 0.73158853125 0.099355865625 0.7305179390625 0.09812992499999999 0.7156404609375 0.092970859375 0.590418675 0.06835090625
22 0.74128158125 0.249775378125 0.8298671499999999 0.27140028437499997 0.8828501453125 0.28266216875 0.8860692875 0.2825477140625 0.8904992937499999 0.280494203125 0.9076931437500001 0.2428159546875 0.9120801328124999 0.22217678749999997 0.836600515625 0.2021462375 0.770371771875 0.188068884375 0.7617701968749999 0.1972227375 0.7401001953125 0.2365453328125 0.7380698078125 0.24609755625 0.74128158125 0.249775378125
22 0.20554678750000002 0.13550208125000002 0.22490595624999998 0.1396169984375 0.34891683125 0.1523983625 0.3620592046875 0.1531951015625 0.36648921093750003 0.15114159062500002 0.36770744375 0.14541025624999998 0.3655291625 0.093031515625 0.3608649625 0.0854508046875 0.356425453125 0.0845071578125 0.256661521875 0.072886121875 0.20959262031249998 0.0688715953125 0.208115953125 0.0695561 0.2048673328125 0.08483965624999999 0.20276325 0.132314634375 0.20554678750000002 0.13550208125000002