44 0.473283215625 0.1561182859375 0.47329005156250004 0.15618332031249998 0.49730195781250003 0.29768147031250003 0.65119594375 0.279296259375 0.6505807781249999 0.2734433390625 0.6249165078125001 0.1333717421875 0.576404225 0.13847058750000002 0.473283215625 0.1561182859375
44 0.6517125906250001 0.322230375 0.5087022578125 0.36316246093750004 0.5333168296874999 0.5024460203125 0.6819177546875 0.46695819375000003 0.6810821781249999 0.4590082125 0.655702621875 0.32181100625000003 0.6517125906250001 0.322230375
0 0.6718644421875 0.4945051734375 0.528247359375 0.53243363125 0.55473675625 0.67373686875 0.7049685671875 0.6414277687500001 0.7039760703125 0.6319847953125 0.6747359859375 0.49420336093749995 0.6718644421875 0.4945051734375
0 0.23373167968750003 0.832780625 0.2496482828125 0.9528989703124999 0.3683408578125 0.9514282453125 0.36639939843749997 0.9329564843749999 0.350190209375 0.8259533156250001 0.2552662140625 0.8305172546874999 0.23373167968750003 0.832780625
32 0.5685124796875 0.722180625 0.57006705 0.8604450312499999 0.71944403125 0.858045253125 0.7209690703125 0.73387006875 0.7184085859375 0.7095086828125 0.647577896875 0.7138705140625 0.5685124796875 0.722180625
32 0.3511856890625 0.7892754296875 0.3320364328125 0.662195496875 0.21281564843749998 0.67472610625 0.23080018125 0.7986033625 0.3511856890625 0.7892754296875
28 0.30509974375 0.489062709375 0.190919465625 0.5118576234375001 0.20887257812499999 0.6352158640625001 0.32849161875 0.6171323 0.327257225 0.6053878234375001 0.308209203125 0.488735890625 0.30509974375 0.489062709375
28 0.742377078125 0.90765749375 0.7396518015625 0.8817282125 0.5847858890625 0.8980052765625001 0.590662965625 0.9932250781249999 0.5974730375 0.9925093109375001 0.7437394015625001 0.9707810109375 0.742377078125 0.90765749375
24 0.28528834999999997 0.3248348765625 0.1699042765625 0.35802115625 0.1884491390625 0.4791004734375 0.3068112125 0.4557012578125 0.304717978125 0.43578547187499994 0.28528834999999997 0.3248348765625
44 0.48503458125 0.4921462890625 0.40772357656249997 0.500272003125 0.352440715625 0.5083643109375 0.36626723125 0.6399148265625 0.49405245468750003 0.6298091515625 0.49868841093749994 0.6220537937499999 0.48503458125 0.4921462890625
44 0.3406675796875 0.4340171984375 0.3409446703125 0.43665354531249995 0.478684796875 0.4443074921875 0.4758010421875 0.31460654374999997 0.47467070468749994 0.3038520953125 0.347263778125 0.3008116078125 0.338080578125 0.30177680156250003 0.3406675796875 0.4340171984375
40 0.364019315625 1 0.362034884375 0.9811194046875 0.24884878281249997 0.9930157421875 0.24942745156249999 1 0.364019315625 1
40 0.722163009375 0.6555411421875 0.7228348062500001 0.6619328640625 0.7456799984375 0.802928603125 0.9196677171875001 0.7857473765625 0.9190501328125 0.7798714437500001 0.89236999375 0.6315819874999999 0.7228184640624999 0.649402571875 0.722163009375 0.6555411421875
8 0.9586029234375 0.8572294765624999 0.954243321875 0.8277516015625 0.9380336953124999 0.8294553015625 0.7767506187500001 0.8474140609375 0.7931614265625 0.9719416328125 0.793790228125 0.9718755421875 0.9657830515624999 0.9255438390625 0.9586029234375 0.8572294765624999
8 0.4335854125 1 0.5348152265625 0.9508294093749999 0.533050671875 0.9340407828125 0.5121712421875 0.8475064359375001 0.453489140625 0.8536741734375 0.3837293296875 0.8927781859374999 0.4062062734375 1 0.4335854125 1
4 0.4983831125 0.6808472109375 0.4978210734375 0.6809062828125 0.3717221953125 0.7493535921875 0.400196990625 0.87027315 0.400895371875 0.8701997468749999 0.5266494875000001 0.8133452671875 0.5253296484375001 0.8007878375 0.4983831125 0.6808472109375
36 0.8345862281249999 0.112905671875 0.6637071921875 0.15698854843750001 0.6818438171875 0.305819884375 0.8595804453125 0.2738474875 0.8591674203125 0.2699178296875 0.8377769578125 0.1125703140625 0.8345862281249999 0.112905671875
49 0.87895753125 0.458208153125 0.8737611609375 0.40876799375 0.8593732640624999 0.3050151546875 0.8530443156249999 0.30264066562499997 0.8495722015625 0.3030055984375 0.6848071015625 0.33666317343749996 0.7039963578124999 0.4876006015625 0.81640604375 0.4735691390625 0.8678740406250001 0.4570759890625 0.8777246859375 0.463799196875 0.87895753125 0.458208153125
45 0.791875053125 0.46692447187499997 0.7135364937500001 0.47294145781249997 0.7145079328125 0.612604121875 0.714965978125 0.616962134375 0.884899321875 0.6322688203125 0.8892563609374999 0.6262690531249999 0.8924791531249999 0.4822212203125 0.8915491703124999 0.47337302656249997 0.8891083562500001 0.4666801203125 0.791875053125 0.46692447187499997