44 0.8542768953125 0.518353175 0.7109788359375 0.509259259375 0.7010582015625 0.66220238125 0.8520723109375 0.6737764546875 0.8542768953125 0.518353175
44 0.634920634375 0.5233134921875 0.49382716093749995 0.5332341265625 0.5136684296875 0.6853505296875 0.6613756609375 0.6737764546875 0.634920634375 0.5233134921875
0 0.46516754843749997 0.5241402109375 0.3218694890625 0.5357142859375 0.3384038796875 0.6894841265625 0.488315696875 0.6737764546875 0.46516754843749997 0.5241402109375
0 0.1984126984375 0.2000661375 0.07605820156250001 0.203373015625 0.0650352734375 0.322420634375 0.1917989421875 0.3166335984375 0.1984126984375 0.2000661375
32 0.262345678125 0.5324074078125001 0.1212522046875 0.5456349203124999 0.1278659609375 0.6985780421875 0.2755731921875 0.68121693125 0.262345678125 0.5324074078125001
32 0.3571428578125 0.19593253906250002 0.23148148124999998 0.2008928578125 0.228174603125 0.321593915625 0.3571428578125 0.31580687812499997 0.3571428578125 0.19593253906250002
28 0.5202821875 0.1917989421875 0.3957231046875 0.196759259375 0.4012345671875 0.3182870375 0.5313051140625 0.3108465609375 0.5202821875 0.1917989421875
28 0 0.7010582015625 0.0892857140625 0.693617725 0.0958994703125 0.5390211640625 0 0.5431547625 0 0.7010582015625
24 0.6757054671875 0.18683862499999998 0.5533509703124999 0.1926256609375 0.5643738984375 0.3141534390625 0.6966490296875001 0.3050595234375 0.6757054671875 0.18683862499999998
44 0.5125661375 0.48032407343749994 0.509259259375 0.3521825390625 0.3769841265625 0.3521825390625 0.3714726625 0.48776454999999996 0.5048500890625001 0.4861111109375 0.5125661375 0.48032407343749994
44 0.71538800625 0.359623015625 0.579805996875 0.34804894218750004 0.557760140625 0.484457671875 0.6977513234375 0.49603174531249994 0.71538800625 0.359623015625
40 0 0.314980159375 0.034171075 0.3141534390625 0.037477954687499995 0.1984126984375 0 0.1992394171875 0 0.314980159375
40 0.3284832453125 0.70601851875 0.32076719531250003 0.7043650796875001 0.1730599640625 0.712632275 0.171957671875 0.887896825 0.32958553749999997 0.8763227515625 0.3284832453125 0.70601851875
8 0.12676366875 0.7415674609375 0.0011022921874999998 0.7382605828125001 0 0.9168320109374999 0.09810405625 0.9209656078125 0.12676366875 0.7415674609375
8 0 0.47536375625 0.10582010625 0.4894179890625 0.1543209875 0.3554894171875 0.0330687828125 0.343088625 0 0.41997354531250003 0 0.47536375625
4 0.32076719531250003 0.36127645468749997 0.19731040625000001 0.3455687828125 0.1421957671875 0.47867063437499996 0.276675484375 0.49437830624999995 0.32076719531250003 0.36127645468749997
36 0.8245149906250001 0.6985780421875 0.674603175 0.7010582015625 0.6878306875 0.88128306875 0.8509700171875 0.8763227515625 0.8245149906250001 0.6985780421875
49 0.49713403906250003 0.8796296296874999 0.5070546734375 0.8829365078125001 0.656966490625 0.877976190625 0.66027336875 0.871362434375 0.6437389765625 0.7010582015625 0.49162257499999995 0.7043650796875001 0.49382716093749995 0.8176256609375001 0.5048500890625001 0.8705357140625001 0.49713403906250003 0.8796296296874999
45 0.35052910000000004 0.8928571421875 0.49933862500000004 0.8738425921875 0.5048500890625001 0.868882275 0.4717813046875 0.7010582015625 0.3284832453125 0.715112434375 0.33068783125 0.79365079375 0.340608465625 0.890376984375 0.35052910000000004 0.8928571421875