44 0.706527265625 0.542202565625 0.7064626781250001 0.5421923359374999 0.6727395203125 0.69169650625 0.8143479031249999 0.7253872375 0.82016060625 0.726307878125 0.83823015 0.621833921875 0.8458958109375001 0.57343484375 0.706527265625 0.542202565625
44 0.653633765625 0.5587800171875 0.6538522296875 0.5574006875 0.5162240734375 0.5255710812500001 0.46689603125 0.6690573984375 0.46673322500000003 0.6700853234374999 0.5864507296875 0.69878373125 0.6111894921875 0.702701965625 0.653633765625 0.5587800171875
0 0.48201968749999996 0.5336175578125 0.343639271875 0.5000945265625 0.297367846875 0.64426733125 0.420752265625 0.677285603125 0.44360644843749997 0.68090535 0.47999871718750003 0.546377465625 0.48201968749999996 0.5336175578125
0 0.2474739125 0.1566745890625 0.1273289796875 0.14095993125 0.09802969218749999 0.2559888078125 0.11637453125 0.25889434375000003 0.2239269015625 0.270931928125 0.2440866125 0.17806115625000002 0.2474739125 0.1566745890625
32 0.251613909375 0.6199578734375 0.2601981578125 0.494696565625 0.118772540625 0.48568934375 0.101557928125 0.6362220468750001 0.114824471875 0.6383232609375 0.247860165625 0.6436580734375 0.251613909375 0.6199578734375
32 0.38612911875 0.30003729687499997 0.3938705109375 0.251160071875 0.40295686562500005 0.1814907859375 0.27961855468749997 0.156933765625 0.2608660765625 0.275332253125 0.365888209375 0.2968314515625 0.38612911875 0.30003729687499997
28 0.5610085109375 0.3145715875 0.56854234375 0.19838214999999998 0.44474082499999995 0.1837960640625 0.431248521875 0.3040195546875 0.4429123 0.305866915625 0.5605194046875 0.3176596828125 0.5610085109375 0.3145715875
28 0 0.6179530796875 0.0435012953125 0.62860875625 0.0692524109375 0.6326873328125 0.093612221875 0.478885534375 0.00011585625000000001 0.45991765625000003 0 0.4606491453125 0 0.6179530796875
24 0.7423083375 0.2271950890625 0.6223655203125 0.20233884062500002 0.583185984375 0.3158279484375 0.6885916609375 0.3400327734375 0.7128223609375001 0.3438705390625 0.7423083375 0.2271950890625
44 0.5136402859375 0.48379608437500005 0.5226651828125 0.42681512499999996 0.5320337875 0.3558614375 0.40138718124999995 0.3351690484375 0.3748728265625 0.4675259890625 0.4311613109375 0.4764412078125 0.50672785625 0.48745138125 0.5136402859375 0.48379608437500005
44 0.7148955015625 0.3805843578125 0.7122772687500001 0.38016967031250004 0.5791714359375 0.3705801265625 0.575277371875 0.5071768343749999 0.5859579234375001 0.5088684671875 0.7138129140625 0.51842290625 0.7153002500000001 0.5090322390625001 0.7148955015625 0.3805843578125
40 0.05343131718750001 0.12340279375 0.038737651562499996 0.237106009375 0.0709823421875 0.24221306718750002 0.08878607968749999 0.1298046890625 0.05343131718750001 0.12340279375
40 0.1577742984375 0.6530357296875 0.15142649375 0.6520303359375 0.1449060375 0.652382871875 0.117175865625 0.8204179406250001 0.2652821296875 0.8551545781250001 0.2696227109375 0.8558420578125 0.29697585625 0.6831411000000001 0.1577742984375 0.6530357296875
8 0 0.8461194546874999 0.0055211921875 0.8472339984374999 0.0376146296875 0.8523170999999999 0.0929646015625 0.6827386140625 0.0932613265625 0.68086516875 0 0.663567684375 0 0.8461194546874999
8 0.170414878125 0.3635363484375 0.1506984703125 0.28603268125 0.0289991703125 0.279312775 0.0555213859375 0.41694568906249996 0.0721946546875 0.419586475 0.161184409375 0.4218152328125 0.170414878125 0.3635363484375
4 0.3257334890625 0.4516315046875 0.325821896875 0.451073328125 0.2923436640625 0.311555696875 0.1681745203125 0.307763953125 0.16806466874999998 0.3084575359375 0.19043431875 0.44464170625 0.2029054640625 0.44661694062499996 0.3257334890625 0.4516315046875
36 0.8142110421875 0.75350818125 0.66802390625 0.7278686921874999 0.6140891875000001 0.8992865906249999 0.766894040625 0.9282741921875 0.7744975015625 0.9294784625 0.8109810375000001 0.7739016265625 0.8142110421875 0.75350818125
49 0.442286396875 0.8768613921874999 0.4913868453125 0.8846381390625 0.595328253125 0.8975937078125 0.5992598859375 0.8920949765625 0.5998060359374999 0.8886467218749999 0.6099396625 0.720784634375 0.45917875625000004 0.70025455 0.4436383421875 0.8124655796875 0.44624860312500003 0.8664485875000001 0.4372049484375 0.8742234859375 0.442286396875 0.8768613921874999
45 0.44110917968749996 0.8692589 0.4468514 0.86553168125 0.44724678124999995 0.8630353359375 0.44093667031250006 0.6947202890625 0.436608603125 0.6940347906250001 0.29718818125 0.685755303125 0.28707951875000004 0.7636715984375 0.281746703125 0.860758859375 0.28830269531249997 0.8635466078125 0.29709009218750004 0.8649383937499999 0.44110917968749996 0.8692589