51 0.284391534375 0.639880953125 0.297619046875 0.64318783125 0.354938271875 0.65062830625 0.38580246875 0.6514550265625 0.4210758375 0.6522817453124999 0.44113756562499995 0.65947420625 0.44312169375000005 0.65062830625 0.44532627812500003 0.6382275125 0.4574514984375 0.5696097890625 0.459656084375 0.5315806875 0.466269840625 0.503472221875 0.46924603125 0.484623015625 0.466269840625 0.4794146828125 0.4546957671875 0.4751984125 0.3422619046875 0.462549603125 0.32473545000000004 0.462053571875 0.30357142812500004 0.4635416671875 0.2992724875 0.4672619046875 0.3009259265625 0.4761904765625 0.29100529062499997 0.5067790999999999 0.28218694843750003 0.5555555562500001 0.2632275125 0.6168154765625 0.2638888890625 0.6336805562500001 0.26752645468749997 0.6418650796875001 0.271164021875 0.6443452375 0.284391534375 0.639880953125
42 0.0473985890625 0.6630290999999999 0.07649911875 0.66592261875 0.1029541453125 0.6654265875 0.1554232796875 0.66220238125 0.16093474375 0.6630290999999999 0.1741622578125 0.658895503125 0.1840828921875 0.6630290999999999 0.19510582031249998 0.659722221875 0.20502645468749997 0.6572420640625001 0.21164021093750002 0.6473214281249999 0.220348325 0.581101190625 0.22332451562500003 0.5644841265625 0.22332451562500003 0.5399305562500001 0.22563932968749997 0.505704365625 0.223985890625 0.48115079375 0.2206790125 0.475446428125 0.21241181718750002 0.47321428593750003 0.137014990625 0.471478175 0.06657848281249999 0.47321428593750003 0.0533509703125 0.47445436562500004 0.0480599640625 0.4766865078125 0.0447530859375 0.481398809375 0.042107584375 0.490575396875 0.035824515625 0.540674603125 0.031856260937500006 0.5868055562500001 0.023919753125000002 0.6321924609375 0.0225970015625 0.656994046875 0.027888007812499997 0.666170634375 0.0473985890625 0.6630290999999999
6 0 0.9117063484375001 0.040013228125 0.9154265875 0.172288359375 0.9206349203125 0.171957671875 0.9085648140625 0.1875 0.9179067453125 0.18187830625 0.91187169375 0.1917989421875 0.903604496875 0.199514990625 0.8639219578124999 0.2228835984375 0.7140376984375 0.2228835984375 0.7078373015625 0.2202380953125 0.70262896875 0.21296296250000002 0.697420634375 0.1888227515625 0.6914682546875001 0.10251322812500001 0.686755953125 0.0767195765625 0.6865079359374999 0.035383598437500004 0.6884920640625001 0.027777778125000003 0.6939484125 0.021825396875 0.7085813484375 0 0.82862103125 0 0.9117063484375001
10 0.256834215625 0.906911375 0.26014109375 0.9135251328124999 0.453042328125 0.9126984125 0.45634920625 0.6985780421875 0.27777777812500004 0.6977513234375 0.27336860625 0.7010582015625 0.256834215625 0.906911375
14 0.46957672031250003 0.9077380953124999 0.649250440625 0.91187169375 0.6580687828125 0.902777778125 0.6580687828125 0.6985780421875 0.483906525 0.6919642859375 0.4794973546875 0.6994047625 0.46516754843749997 0.90029761875 0.46957672031250003 0.9077380953124999
18 0.88514109375 0.9085648140625 0.8509700171875 0.70601851875 0.6790123453125 0.7118055562500001 0.6999559078125001 0.922619046875 0.8785273374999999 0.9168320109374999 0.88514109375 0.9085648140625
22 0.9138007046875 0.9234457671875 0.9986772484375 0.9143518515625001 0.9986772484375 0.702711640625 0.8630952375 0.7134589953125 0.860890653125 0.7200727515625001 0.90608465625 0.9201388890625 0.9138007046875 0.9234457671875
47 0.6624779546874999 0.6613756609375 0.6459435625000001 0.48363095312500004 0.480599646875 0.4852843921875 0.4828042328125 0.6679894171874999 0.649250440625 0.6671626984375 0.6624779546874999 0.6613756609375
38 0.7032627859375 0.672123015625 0.8664021156249999 0.66220238125 0.8708112874999999 0.6580687828125 0.8300264546875 0.4828042328125 0.6690917109375001 0.49024470937500003 0.6657848328125 0.49603174531249994 0.6955467375 0.671296296875 0.7032627859375 0.672123015625
44 0.8939594359375 0.6572420640625001 0.9986772484375 0.6547619046875 0.9986772484375 0.4737103171875 0.8664021156249999 0.4737103171875 0.860890653125 0.47867063437499996 0.8862433859375001 0.653108465625 0.8939594359375 0.6572420640625001
27 0.8818342156250001 0.45386904687499996 0.9986772484375 0.4546957671875 0.9997795406250001 0.2984457671875 0.85648148125 0.2951388890625 0.8520723109375 0.303406084375 0.8741181656249999 0.4555224875 0.8818342156250001 0.45386904687499996
27 0.8300264546875 0.44146825468750006 0.8090828921875 0.29100529062499997 0.655864196875 0.28687169375 0.663580246875 0.4480820109375 0.82231040625 0.446428571875 0.8300264546875 0.44146825468750006