26 0.8701770109375 0.348390684375 0.873711765625 0.3411549828125 0.8747946390625 0.336060465625 0.8945416625 0.2337640125 0.894255528125 0.22571615625 0.8922020171874999 0.22128615156250003 0.7844203828125 0.21168818437499998 0.774326725 0.21220505625000002 0.7715070609375 0.214667415625 0.745012759375 0.33931330625 0.746172015625 0.34466254375 0.74945146875 0.34802195937499997 0.774828684375 0.35075370625 0.850132759375 0.35344835625000004 0.8664991890625 0.35160245625000003 0.8701770109375 0.348390684375
26 0.25794711875 0 0.2507032984375 0.027957199999999998 0.2377761578125 0.08032 0.2278137234375 0.12718957343749998 0.2310993421875 0.13427758125 0.240110128125 0.138855228125 0.3528571875 0.181456771875 0.38766205781249996 0.1933807625 0.3945396578125 0.1948426421875 0.39993379687499997 0.190132040625 0.4264950265625 0.083959303125 0.43407514062499997 0.048297671874999996 0.4287421765625 0.040508253125 0.4216418359375 0.0363366828125 0.338822815625 0 0.25794711875 0
22 0.3878524828125 0.23428824062500003 0.24125885937499997 0.18183003749999999 0.22597530312499997 0.17858141875 0.21984559843749998 0.183934375 0.21631084375 0.191170075 0.17685941562500002 0.31430427031249997 0.1720135578125 0.33710224218749996 0.1722189078125 0.33754524375 0.1754983609375 0.3409046578125 0.19406136875 0.34751269375 0.3108320296875 0.3815181546875 0.34139913125 0.3880153921875 0.343362178125 0.3872345953125 0.35003331718749997 0.37933438124999996 0.3910197 0.252266696875 0.393185446875 0.24207765937499998 0.3911319359375 0.23764765156249998 0.3878524828125 0.23428824062500003
22 0.832202503125 0.5397286171875 0.8581914640624999 0.4174601671875 0.857506959375 0.41598349843750004 0.8523170640625001 0.41221800625 0.840854396875 0.40978154062499994 0.7385179625 0.3933539515625 0.737292021875 0.3944245421875 0.7360946953124999 0.39629991875 0.7085897109375 0.52570069375 0.7098218171874999 0.528358696875 0.7403889296874999 0.5348559374999999 0.769587034375 0.5383998421875 0.8222519109374999 0.544269415625 0.82852468125 0.5429403890625 0.832202503125 0.5397286171875
18 0.779053646875 0.76910749375 0.718174725 0.7455178984375 0.684869596875 0.733113984375 0.6734069296875 0.7306775187500001 0.6697291078125 0.7338892921875 0.6656529156250001 0.7436722515625 0.6385194171874999 0.8337492781250001 0.6320221765625 0.8643163906250001 0.6359861328124999 0.8691524734374999 0.6954960484375 0.8897887328125 0.7375064546875 0.9035105421875 0.74686764375 0.905500325 0.7503575031249999 0.9041122406250001 0.7567425078125 0.888164171875 0.78495888125 0.792992625 0.7882075015625001 0.77770906875 0.7861539890625 0.7732790625 0.779053646875 0.76910749375
18 0.337999115625 0.4354811484375 0.33457659687499997 0.4280978046875 0.1626365875 0.39155082812500003 0.156506884375 0.3969037828125 0.15109251875000002 0.42237637812499995 0.1292105796875 0.5535048375 0.1318116953125 0.5591161765625 0.1788086484375 0.5691056875 0.2095923171875 0.574584021875 0.29282430625 0.5869508359375 0.3067388546875 0.5872461203125 0.3128685578125 0.5818931640625 0.3377438140625 0.4460762625 0.337999115625 0.4354811484375
14 0.21324288125000002 0.6043795359375 0.14554975 0.5846662265625 0.11307219375 0.577762909375 0.10694249062500001 0.5831158640624999 0.0591727328125 0.7327028046875 0.0594588671875 0.7407506609375 0.06151237968749999 0.745180665625 0.0811930421875 0.7512275625 0.23937784843749998 0.7848507812500001 0.24232010625 0.7822813625 0.24531342343749998 0.777592921875 0.2876379828125 0.634835603125 0.2842154625 0.627452259375 0.2752046765625 0.6228746140625 0.21324288125000002 0.6043795359375
14 0.7179953765625 1 0.7201928234375 0.9924800328125001 0.7181393109374999 0.9880500265625001 0.7129494140625 0.984284534375 0.6357040609375 0.9625408375 0.599405615625 0.9548253656250001 0.59572779375 0.9580371375000001 0.5848682281250001 0.9903393546875 0.582267646875 1 0.7179953765625 1
2 0.5739292171875 1 0.5752297328125 0.9938815546875001 0.5849447609375 0.929387915625 0.584515559375 0.91731613125 0.44696355312499997 0.88807855 0.4441438890625 0.8905409093750001 0.4416803515625 0.9021309390625 0.42952534375000007 0.9842098921875 0.43049598125 0.9937344171875001 0.43377543437500005 0.99709383125 0.447447884375 1 0.5739292171875 1
2 0.25494543593749996 0.8938548828125 0.24815108125 0.9427290234375001 0.2496631578125 0.9497062875 0.252942609375 0.9530657031249999 0.36648640781249997 0.982524871875 0.4027848546875 0.9902403453125 0.4059723 0.9874568078125 0.41301097656249997 0.9543424375 0.4175467125 0.9254882703125 0.42105063437499995 0.8996096 0.4189971234375 0.89517959375 0.264251115625 0.8622873156249999 0.2610636703125 0.8650708515625001 0.25494543593749996 0.8938548828125
10 0.22134338125 0.866878071875 0.0398511515625 0.8283007078125 0.0386252109375 0.8293712984375 0.0344290765625 0.8491125593750001 0.029196315625000004 0.90191279375 0.032276584375 0.9085578015625 0.1170525703125 0.92657749375 0.166891390625 0.935174303125 0.20946260625000002 0.9415607484375 0.213140428125 0.9383489765625 0.217471921875 0.9179709015625 0.22123114687499998 0.881497115625 0.22134338125 0.866878071875
47 0.5306980484375 0.2639854140625 0.44161153437499995 0.23200400000000002 0.42986867812499996 0.229507978125 0.4246529609375 0.23212662812499998 0.41487626874999994 0.25933432500000003 0.3922811546875 0.33040842656249997 0.38212921718750004 0.3781695390625 0.3824714703125 0.3789078734375 0.3914822546875 0.383485521875 0.41577659687499996 0.3913117890625 0.5065445765625001 0.41832591875 0.527113703125 0.42269802187499994 0.5305463375 0.41970036874999994 0.534622528125 0.4099174078125 0.57207415625 0.290085421875 0.5726155937499999 0.2875381625 0.57110351875 0.280560896875 0.5306980484375 0.2639854140625
51 0.431212528125 0.46195013281249997 0.40500774218749996 0.4537177875 0.38208240781249997 0.44884485625000003 0.3784045859375 0.4520566296875 0.3632135265625 0.504736921875 0.340442353125 0.5930788453125 0.34386487187500003 0.6004621875 0.34714432500000003 0.6038216015625 0.45020623125 0.6299878390625 0.48917927499999997 0.638271815625 0.491796671875 0.637230753125 0.49547449375 0.63401898125 0.5182456671875 0.54567705625 0.5285329640625 0.4972791296875 0.5245690078125 0.49244304687499996 0.431212528125 0.46195013281249997
42 0.30306682500000004 0.659946334375 0.2981036546875 0.6832962109375 0.279417509375 0.7946926453125001 0.278079334375 0.8103822796875001 0.281501853125 0.817765621875 0.3521883015625 0.832790490625 0.4329684078125 0.8472984859375 0.43690638281250005 0.8419233890625 0.44130104374999995 0.821248134375 0.45773142968749997 0.7261006265625001 0.4612353515625 0.7002219562499999 0.45781283124999994 0.6928386140625 0.3595525890625 0.6666280640625 0.3079705875 0.6556639718749999 0.30306682500000004 0.659946334375
42 0.61889776875 0.8551370828125 0.622575590625 0.8519253109375 0.6279899578125 0.8264527171875 0.6403813375 0.7305798109375 0.6411780765625 0.7174374343750001 0.6391245640625 0.7130074296875 0.6358451125 0.709648015625 0.6301137781249999 0.708429784375 0.5171422484375 0.6950663234375 0.5051381453125 0.69517711875 0.5047703625 0.6954982953125 0.4925880375 0.75281163125 0.49066242187500003 0.76797705 0.4823164015625 0.835424025 0.4832870390625 0.84494855 0.4884769359375 0.8487140421875001 0.59680000625 0.8557647484375 0.61889776875 0.8551370828125
51 0.6492793406249999 0.642217634375 0.67068150625 0.5509223734375001 0.6653485421875 0.543132953125 0.64296464375 0.5357127640625 0.566260728125 0.51142180625 0.5376040609375 0.50533064375 0.5333848015625 0.5110896765625 0.503007984375 0.6361527437500001 0.5015461046875 0.64303034375 0.5048317250000001 0.6501183515625 0.5310365109374999 0.658350696875 0.5878084109375 0.6730802812500001 0.6355695234375001 0.6832322203125 0.6392473453124999 0.680020446875 0.6492793406249999 0.642217634375
47 0.724724653125 0.3591395359375 0.7195347578125 0.3553740421875 0.692788534375 0.34968895624999996 0.615829315625 0.3359931171875 0.59236254375 0.333667446875 0.588684721875 0.3368792203125 0.5698462421875 0.419401196875 0.559802590625 0.4666528578125 0.559988578125 0.4718839640625 0.5624990859375 0.47494681875 0.5978741375000001 0.48246601718750004 0.6256281953125 0.4871672703125 0.678293071875 0.49303684375 0.6941180640625 0.4937382046875 0.6977958859375 0.49052643125 0.7262367281250001 0.3661168015625 0.724724653125 0.3591395359375
38 0.764365528125 0.1773408921875 0.7614844453125 0.16741029062499999 0.751932221875 0.165379903125 0.6316050484375 0.1584399890625 0.6254753453124999 0.1637929453125 0.6235296890625001 0.16684043125 0.61707305625 0.1972164984375 0.5992310828125 0.296656509375 0.6004631890625001 0.29931451249999996 0.620331815625 0.30353771875 0.626661809375 0.3038182640625 0.7284259750000001 0.304150140625 0.7378351296875 0.3021566015625 0.7408284484375 0.2974681609375 0.7467842515625 0.2694483078125 0.764365528125 0.1773408921875