43 0.8542768953125 0.6646825390625 0.8785273374999999 0.5125661375 0.7297178125 0.4935515875 0.6977513234375 0.6448412703125 0.8542768953125 0.6646825390625
52 0.5423280421875 0.4794973546875 0.5015432093750001 0.6266534390625 0.642636684375 0.6489748671875 0.6790123453125 0.49768518593750005 0.5423280421875 0.4794973546875
48 0.46957672031250003 0.49024470937500003 0.3384038796875 0.48693783125 0.3218694890625 0.6340939156250001 0.46296296249999996 0.6357473546875 0.46957672031250003 0.49024470937500003
39 0.2579365078125 0.47453703750000004 0.1289682546875 0.4819775125 0.136684303125 0.6266534390625 0.2799823640625 0.6117724875 0.2579365078125 0.47453703750000004
39 0.26014109375 0.446428571875 0.2579365078125 0.3166335984375 0.12566137500000002 0.3199404765625 0.1289682546875 0.45634920625 0.26014109375 0.446428571875
48 0.36375661406250004 0.1521164015625 0.2369929453125 0.166170634375 0.2590388 0.2918320109375 0.38800705468749996 0.27529761875 0.36375661406250004 0.1521164015625
52 0.44532627812500003 0.281911375 0.572089946875 0.27447089999999996 0.5676807765625 0.147156084375 0.43981481406249995 0.15376984062500001 0.44532627812500003 0.281911375
43 0.7826278656250001 0.1769179890625 0.7903439156250001 0.30423280468749997 0.9248236328124999 0.2984457671875 0.9104938265625 0.1678240734375 0.7826278656250001 0.1769179890625
19 0.761684303125 0.33068783125 0.7605820109375 0.47288359843750005 0.9038800703125001 0.46875 0.8950617281250001 0.328207671875 0.761684303125 0.33068783125
23 0.6690917109375001 0.322420634375 0.54012345625 0.3141534390625 0.5180776015624999 0.453042328125 0.65255731875 0.46213624375 0.6690917109375001 0.322420634375
27 0.46296296249999996 0.31911375625 0.33399470937500003 0.3257275125 0.3417107578125 0.4604828046875 0.4783950625 0.4546957671875 0.46296296249999996 0.31911375625
27 0.35824515 0.684523809375 0.3494268078125 0.847387565625 0.494929453125 0.8490410046875001 0.49933862500000004 0.6861772484374999 0.35824515 0.684523809375
23 0.5522486765625 0.6919642859375 0.530202821875 0.8548280421875001 0.684523809375 0.871362434375 0.70216049375 0.7051917984375 0.5522486765625 0.6919642859375
19 0.74404761875 0.7051917984375 0.7451499109374999 0.8705357140625001 0.901675484375 0.8705357140625001 0.8895502640625 0.703538359375 0.74404761875 0.7051917984375
3 0.9986772484375 0.6828703703125 0.9986772484375 0.5241402109375 0.9567901234375 0.521660053125 0.9545855375000001 0.6787367718749999 0.9986772484375 0.6828703703125
15 0.9942680781250001 0.7118055562500001 0.9600970015625 0.7084986765625 0.9534832453125001 0.87549603125 0.9964726625000001 0.8788029093749999 0.9942680781250001 0.7118055562500001
15 0.9744268078125 0.31332671875 0.9358465609375 0.44973545000000004 0.99757495625 0.46213624375 0.9986772484375 0.31580687812499997 0.9744268078125 0.31332671875
3 0.9799382718749999 0.166170634375 0.99757495625 0.2992724875 0.9986772484375 0.165343915625 0.9799382718749999 0.166170634375