4 0.23813628593749997 0.184964490625 0.30288380625 0.1917697296875 0.3844140546875 0.197098496875 0.39160335625 0.19098053125 0.394190909375 0.1763269890625 0.4005095734375 0.1162089078125 0.3957827125 0.11384640625 0.25770134218749996 0.10718900312499999 0.252317384375 0.10858700937500002 0.24771798281250001 0.114977184375 0.237778425 0.1846322953125 0.23813628593749997 0.184964490625
16 0.531357403125 0.23777876562500003 0.566580053125 0.24148081562499998 0.654172359375 0.2451882640625 0.6595563171875 0.24379025781250002 0.6623399734375 0.24097334843749998 0.669580746875 0.1720819890625 0.6677914375 0.1704210125 0.6607123765625 0.1696769734375 0.5682855890625 0.1654614 0.5447723250000001 0.164953940625 0.539388365625 0.166351946875 0.535197278125 0.1688572703125 0.5282559359375 0.23489974062500002 0.531357403125 0.23777876562500003
36 0.7304098953125 0.2037112921875 0.753719003125 0.20616117812499998 0.842974915625 0.2139712453125 0.847166003125 0.211465921875 0.849271715625 0.1665179234375 0.8487233859375 0.1468214578125 0.8451447703125 0.14349950625000002 0.8266608109375 0.13998565624999998 0.7282445828124999 0.12964169375 0.72461230625 0.131812975 0.723795678125 0.1395826765625 0.7233232218750001 0.1689912703125 0.7252365078125 0.2006144984375 0.72642938125 0.20172181562499997 0.7304098953125 0.2037112921875
45 0.7032976765625001 0.28727255 0.772189034375 0.29451332343750003 0.817934615625 0.29775027187499997 0.8221257015625 0.29524494687499997 0.825328075 0.2896898796875 0.8318611031250001 0.22753226249999997 0.83114538125 0.226867871875 0.8088722328125 0.22452686875 0.7216882421874999 0.21693456875 0.7137143828125 0.21806036562500003 0.7095232953124999 0.22056569062500003 0.7044835093749999 0.2436025875 0.7001962093749999 0.284393525 0.7032976765625001 0.28727255
16 0.540241246875 0.25913688281249997 0.5388442171875 0.259971990625 0.5374151171875 0.27356896875 0.5385117765625 0.3129619 0.5394684187500001 0.3287735140625 0.5423029640625 0.3331955921875 0.5957585171875001 0.338813996875 0.6623866281249999 0.3426746796875 0.6706865578125 0.3409378796875 0.672844790625 0.3204036734375 0.672294115625 0.285781440625 0.6711333140625 0.2719122515625 0.6675546984375 0.26859029843750004 0.620936484375 0.26369052656249997 0.54562520625 0.2577388765625 0.540241246875 0.25913688281249997
49 0.69709419375 0.3213812734375 0.696009265625 0.35661714375 0.696761753125 0.3743711828125 0.697954625 0.3754785015625 0.7029302687500001 0.3779653453125 0.8145001593750001 0.3877279296875 0.8184118390625 0.385389628125 0.8224337359374999 0.3471238375 0.8230426874999999 0.3189079265625 0.8218498171874999 0.317800609375 0.8168741718750001 0.3153137640625 0.7029185375 0.3033365453125 0.6987274515624999 0.30584186875 0.69709419375 0.3213812734375
40 0.7042279140625001 0.4602902515625 0.729326328125 0.46440111406250006 0.82256275625 0.47420065781250004 0.8247603781249999 0.4719767828125 0.8351117703125001 0.420825465625 0.8364387921875001 0.40819969375 0.8330987515625001 0.4050992046875 0.71955143125 0.38923713437499996 0.7125662875 0.393412675 0.7012451484375 0.4537905125 0.7008878734375 0.4571897625 0.7042279140625001 0.4602902515625
40 0.1583189859375 0.584375734375 0.1644875 0.5879698953125 0.2677268421875 0.6059889625 0.3070933359375 0.610126546875 0.31030650312499997 0.6082058 0.3143255015625 0.5948810296875 0.3178661859375 0.573650428125 0.3222555625 0.531888303125 0.317279915625 0.5294014578125 0.2812254640625 0.5236481000000001 0.17285794375000002 0.508330446875 0.1686668578125 0.510835771875 0.16281044218750002 0.541642371875 0.1583189859375 0.584375734375
45 0.1425871546875 0.659313703125 0.1461657703125 0.66263565625 0.181811909375 0.672273865625 0.26845605781250004 0.6924764734375 0.2929306171875 0.6950488531250001 0.296143784375 0.6931281046875 0.3086091015625 0.6492689453125 0.311435234375 0.6348368421874999 0.313068490625 0.6192974546875 0.3106827453125 0.6170828187499999 0.25193165781250004 0.603052296875 0.1644875 0.5879698953125 0.1602964140625 0.5904752203125 0.1434037828125 0.651544 0.1425871546875 0.659313703125
49 0.13797879375 0.7604603078125 0.139887390625 0.7622320171875 0.1696712484375 0.7653624265625 0.2349291609375 0.7673116015625 0.2819556890625 0.768326521875 0.293916478125 0.7666378265625 0.29631504999999997 0.7637477125000001 0.301500640625 0.71441010625 0.30187860624999996 0.6908832281249999 0.2982999921875 0.6875612765625 0.217604753125 0.68300763125 0.14965486249999999 0.681757459375 0.1460225859375 0.6839287406250001 0.13797879375 0.7604603078125
8 0.14132791875 0.474478121875 0.144906534375 0.47780007500000005 0.1602417828125 0.4813757578125 0.2655626671875 0.4957840296875 0.2932746046875 0.498696671875 0.2986993953125 0.49691018124999997 0.310412225 0.43529698124999994 0.31163716875 0.42364242812499997 0.308058553125 0.420320475 0.22061439843750003 0.4052380734375 0.1586609359375 0.3967626203125 0.1542656921875 0.40121036875 0.1486134359375 0.43007454375 0.14132791875 0.474478121875
8 0.6594713234375 0.4401696609375 0.6542915234375 0.43962524218750004 0.535500259375 0.44874249375 0.5341032296875 0.44957760156250004 0.5328782875 0.4612321546875 0.542497134375 0.5191957546875 0.5436900046875001 0.520303071875 0.5607833515625 0.5220996546875 0.6698426578125 0.5158872999999999 0.6740337453125 0.5133819749999999 0.6746462156249999 0.5075546984375 0.666800640625 0.45763301093750003 0.6630499390625 0.4434916125 0.6594713234375 0.4401696609375
4 0.648305375 0.5339498328125 0.6449309171875 0.5286854546875001 0.637161215625 0.527868825 0.5422915296874999 0.5336086875 0.521164009375 0.5353158609374999 0.516972921875 0.5378211859375 0.51615629375 0.5455908875000001 0.5237977125 0.597455 0.5255709828125 0.6054969125 0.5285531625 0.60826520625 0.5428901140625 0.60977208125 0.6341747296875 0.6061102671875 0.65271235 0.6041308828124999 0.6569034375 0.6016255593750001 0.6579242234375 0.59191343125 0.6563551078125001 0.58192909375 0.648305375 0.5339498328125
12 0.5321190734375 0.4223656625 0.5351012515625 0.42513395625 0.6509993125 0.4373153328125 0.662806984375 0.43708345625 0.6655906390624999 0.434266546875 0.672647671875 0.367123375 0.6717578265624999 0.3643786015625 0.67056495625 0.363271284375 0.6109972390625 0.357010465625 0.5460455609375 0.35214765312499996 0.5390604156250001 0.35632319218749997 0.5321190734375 0.4223656625
12 0.1436692375 0.3674961734375 0.161594384375 0.371344065625 0.2693494328125 0.39248899375 0.2874787359375 0.39439446093749997 0.29166982343750003 0.39188913593749997 0.29507635312499997 0.38439164375 0.30426405 0.3443121390625 0.306958925 0.3186721296875 0.3060046265625 0.3177862765625 0.3010289828125 0.31529943125000004 0.17555294375 0.288364184375 0.1574236390625 0.2864587171875 0.15323255156249999 0.2889640421875 0.14921355 0.30228881093750004 0.135727446875 0.3558600984375 0.1351149765625 0.361687375 0.1386935921875 0.36500932812500003 0.1436692375 0.3674961734375
0 0.803732390625 0.5649168015625 0.812237840625 0.5637159515625 0.819138353125 0.49806196875 0.8166637484375 0.494201421875 0.7001182140625 0.48195199375 0.695927128125 0.4844573171875 0.68959825625 0.544672509375 0.69236665625 0.553211790625 0.803732390625 0.5649168015625
0 0.326347265625 0.61254299375 0.3239382125 0.6354636109375 0.32382275625 0.6814063515625 0.32654015625 0.6875836125 0.3537711140625 0.6904456999999999 0.4316098734375 0.689789409375 0.46309699687499994 0.6891710718749999 0.4693355046875 0.68711660625 0.47129949687500006 0.668430478125 0.47123121250000005 0.6242359203125 0.46966209687499993 0.6142515828125 0.46608348125 0.6109296296875 0.3536969625 0.6089367484375 0.3299795421875 0.6103717125 0.326347265625 0.61254299375
32 0.6810571750000001 0.6010220109375 0.677341515625 0.6363741515625 0.6804429828125 0.6392531781249999 0.6957782296875 0.6428288609374999 0.7815351546875 0.655279071875 0.794484659375 0.6566401203125001 0.8007712890625 0.652882134375 0.8080696328125001 0.6033737984374999 0.8094579015625 0.5901653125 0.8077126328125 0.5868396640625 0.8041340171875 0.5835177109374999 0.7395906546875 0.574770046875 0.6877926390625 0.56932585625 0.686395609375 0.5701609640624999 0.6810571750000001 0.6010220109375
32 0.32903404531249997 0.5570838390625 0.3288026671875 0.5592852453125 0.3345284515625 0.5646003703125 0.365198946875 0.5717517359375 0.41784801875 0.5824896671875 0.4694194171875 0.5879100390625001 0.4727819078125 0.5820772187500001 0.48621317656249996 0.5265362890625 0.48705022187499997 0.5185723390625 0.4813244375 0.513257215625 0.3632097890625 0.49102344843749995 0.3502602828125 0.4896624015625 0.346069196875 0.492167725 0.34266266875 0.49966521718749995 0.32903404531249997 0.5570838390625
28 0.66760321875 0.7290278515625 0.671181834375 0.7323498046875 0.7744211765625 0.7503688703125 0.785298759375 0.7515121515625001 0.7885119265625 0.7495914031249999 0.790527840625 0.74037665 0.7968158812499999 0.6805499359375 0.7946687125 0.6785567640625 0.7767435640625 0.674708871875 0.7020447562500001 0.66292994375 0.6787356484375 0.6604800578125001 0.6745445625000001 0.6629853828125001 0.66760321875 0.7290278515625
28 0.351722278125 0.4035033890625 0.3447371328125 0.40767892968749997 0.3439205046875 0.41544863125 0.34256727656249997 0.47815066875 0.34519159374999997 0.48058676718750004 0.42962236093749995 0.4894607984375 0.4654854859375 0.49205183437500005 0.48122904687499996 0.4917426671875 0.485420134375 0.4892373421875 0.4897715765625 0.4229226640625 0.4863971171875 0.417658284375 0.351722278125 0.4035033890625
24 0.3427089390625 0.3821316625 0.3439018109375 0.3832389796875 0.3473847609375 0.3849797703125 0.3885641828125 0.389307903125 0.4811665515625 0.397666084375 0.484240015625 0.39582884687500003 0.48922144999999995 0.3484336734375 0.49011739531250004 0.32496123125 0.4841530359375 0.31942464375 0.3494781953125 0.30526974687499997 0.34528710937499996 0.3077750703125 0.3430413796875 0.32914175156250003 0.3427089390625 0.3821316625
24 0.66463273125 0.7572901437499999 0.6598962859374999 0.8023544140625001 0.6595183203125 0.8258812921875001 0.66071119375 0.826988609375 0.664493965625 0.8283681359375 0.6783067703125 0.8298199203125 0.7284569265624999 0.83018120625 0.7808674124999999 0.8297981203125 0.7844996890625 0.8276268390625001 0.7859287890625 0.8140298687499999 0.7894099437500001 0.7609781171875001 0.785831328125 0.7576561640625 0.7702919234375 0.7560229078125 0.6788287671875 0.7542652750000001 0.6682650078125 0.7551188625 0.66463273125 0.7572901437499999
20 0.34389000625 0.22141375000000002 0.3373569765625 0.28357136875 0.33854985000000004 0.2846786859375 0.3799882609375 0.2890340390625 0.46306924374999997 0.29580231874999996 0.47881280468750004 0.29549315 0.48320805 0.2910454 0.486203915625 0.272507009375 0.49163449843749996 0.2208384765625 0.49076186406250005 0.21917565468750003 0.48956899062500003 0.21806833593750002 0.45072047968750006 0.21398519375 0.3516917796875 0.20946850781249998 0.3475006921875 0.21197383125 0.34389000625 0.22141375000000002
16 0.1796212234375 0.2633594890625 0.179212909375 0.2672443390625 0.181394496875 0.2714014 0.18175235781250001 0.2717335953125 0.27084494531250003 0.2810976046875 0.30969666406249996 0.283904559375 0.3306200265625 0.2841398109375 0.33606844062499996 0.28088288906250003 0.34425003906249996 0.203040184375 0.33939878437500004 0.2006155109375 0.3342189828125 0.20007109218750002 0.1987275140625 0.1936858984375 0.1907536546875 0.1948116953125 0.189356625 0.195646803125 0.1796212234375 0.2633594890625
44 0.5036867078125 0.7140579984375 0.5907073734375 0.7232042390625 0.6265704984375 0.7257952750000001 0.6333514874999999 0.7235621609375 0.6388800781249999 0.6884005578125 0.6425753234375 0.653242659375 0.6420981734375 0.65279973125 0.5205769953125 0.6380634578125 0.51120610625 0.6400243624999999 0.508003734375 0.6455794296875 0.501062390625 0.7116219 0.5036867078125 0.7140579984375
44 0.4886297328125 0.7464506281250001 0.48443864531249997 0.7489559515625 0.48362201718750003 0.7567256546875 0.48806106250000003 0.814144834375 0.49041614375 0.8194984609375 0.5744214234375 0.8283277703125 0.6159549156249999 0.8305328453125 0.6193454078125 0.8294162875 0.6223056875 0.8012511140624999 0.6191134859375 0.7631108484375 0.6173402125 0.7550689359375 0.613761596875 0.751746984375 0.5956322921874999 0.7498415171875 0.5095530953125 0.746685878125 0.4886297328125 0.7464506281250001
44 0.31101393593750004 0.8032741328125 0.3093888453125 0.81873583125 0.31157105625 0.8702225546875001 0.3133443265625 0.8782644671875 0.31477577343749996 0.8795932484375 0.4541124359375 0.8942381203125 0.4555094640625 0.8934030125 0.45734687812499997 0.8759211796875 0.45666964062500004 0.859942546875 0.45318723906249997 0.8183349812499999 0.4498127796875 0.813070603125 0.3954248640625 0.807354203125 0.317523684375 0.8011303421875 0.31101393593750004 0.8032741328125
44 0.3134054234375 0.70328888125 0.3125887953125 0.7110585828125 0.312256353125 0.7640484921875 0.31341715468750003 0.77791768125 0.314610025 0.7790249984375001 0.3301494296875 0.78065825625 0.34848289375 0.7806212968749999 0.44035436250000004 0.778494078125 0.453508025 0.7779127 0.45686089374999994 0.7759084406250001 0.46043364374999995 0.7419159953125 0.460621453125 0.7226896765624999 0.4600731234375 0.7029932109375 0.45649450781249995 0.6996712578125 0.32298046875 0.6993855499999999 0.31759651093749997 0.70078355625 0.3134054234375 0.70328888125
36 0.1301817484375 0.8458552859375 0.1403371953125 0.8488865499999999 0.2602921921875 0.8722956859375 0.279068971875 0.8742692046875 0.281626353125 0.8736051515625001 0.290012109375 0.793820021875 0.2877456515625 0.7917161187499999 0.2827700078125 0.7892292734375 0.13875635 0.7642734109375 0.1345652625 0.7667787359375 0.1266031328125 0.8425333328125 0.1301817484375 0.8458552859375
5 0.3357033140625 0 0.351047684375 0.0334368609375 0.35541686562499997 0.03389608125 0.48613201874999995 0.0185859484375 0.4862106984375 0.0183250921875 0.48689359843749996 0.0118277328125 0.47695429999999994 0 0.3357033140625 0
9 0.49864709375 0.04948150625 0.3755515375 0.0045901859375 0.3736586734375 0.0043912390625 0.360376871875 0.0197074484375 0.3603362 0.0200944234375 0.48672436093749993 0.063408121875 0.48995539062500004 0.0637477171875 0.49859112968749997 0.050013973437500005 0.49864709375 0.04948150625