0 0.6404320984375 0.18849206406250002 0.5136684296875 0.18849206406250002 0.49933862500000004 0.3067129625 0.628306878125 0.3108465609375 0.6404320984375 0.18849206406250002
0 0.9126984125 0.5514219578125 0.766093475 0.5514219578125 0.7749118171875 0.7109788359375 0.931437390625 0.7118055562500001 0.9126984125 0.5514219578125
40 0.7605820109375 0.72503306875 0.6084656078124999 0.715939153125 0.6018518515625 0.891203703125 0.761684303125 0.9019510578125001 0.7605820109375 0.72503306875
40 0.46847442656249993 0.1793981484375 0.34722222187499996 0.18187830625 0.3395061734375 0.3017526453125 0.46406525624999995 0.2992724875 0.46847442656249993 0.1793981484375
45 0.917107584375 0.7366071421875 0.76499118125 0.7374338625 0.7760141093749999 0.91931216875 0.9468694890625 0.9168320109374999 0.917107584375 0.7366071421875
49 0.9391534390625 0.9234457671875 0.9997795406250001 0.9292328046874999 0.99757495625 0.747354496875 0.9391534390625 0.7432209000000001 0.9413580250000001 0.88707010625 0.9501763671875001 0.916005290625 0.9391534390625 0.9234457671875
49 0.319664903125 0.19345238125 0.20061728437499998 0.19593253906250002 0.1807760140625 0.31332671875 0.30202821874999997 0.3141534390625 0.319664903125 0.19345238125
45 0.1675485015625 0.1926256609375 0.052910053125 0.1926256609375 0.025352734375 0.3108465609375 0.1466049375 0.3108465609375 0.1675485015625 0.1926256609375
32 0.8090828921875 0.19345238125 0.677910053125 0.1926256609375 0.670194003125 0.3182870375 0.8057760140625 0.31911375625 0.8090828921875 0.19345238125
32 0.6966490296875001 0.5398478843750001 0.5544532625 0.540674603125 0.557760140625 0.6944444437499999 0.7076719578125 0.6944444437499999 0.6966490296875001 0.5398478843750001
8 0.5555555562500001 0.740740740625 0.40784832499999996 0.72503306875 0.368165784375 0.8928571421875 0.5224867718749999 0.9143518515625001 0.5555555562500001 0.740740740625
8 0.593033509375 0.3521825390625 0.4717813046875 0.3298611109375 0.41335978906250004 0.4555224875 0.536816578125 0.48363095312500004 0.593033509375 0.3521825390625
12 0.3560405640625 0.7448743390625 0.22045855312499998 0.72503306875 0.1620370375 0.891203703125 0.298721340625 0.9168320109374999 0.3560405640625 0.7448743390625
12 0.4166666671875 0.3455687828125 0.2876984125 0.3414351859375 0.26455026406250004 0.47205687812499997 0.396825396875 0.4794973546875 0.4166666671875 0.3455687828125
24 0.348324515625 0.5332341265625 0.213844796875 0.5299272484374999 0.1906966484375 0.6795634921875 0.33399470937500003 0.6836970906250001 0.348324515625 0.5332341265625
28 0.530202821875 0.5365410046875 0.5291005296875 0.534060846875 0.39021164062499997 0.5299272484374999 0.3714726625 0.6820436515625 0.5169753078125 0.6861772484374999 0.530202821875 0.5365410046875
28 0.9909611999999999 0.20254629687499998 0.8509700171875 0.2017195765625 0.853174603125 0.327380953125 0.9942680781250001 0.3298611109375 0.9909611999999999 0.20254629687499998
20 0.2436067015625 0.343088625 0.11904761875 0.3455687828125 0.10471781250000001 0.4761904765625 0.23148148124999998 0.47205687812499997 0.2436067015625 0.343088625
4 0.7671957671875 0.36871693125 0.63271605 0.343088625 0.5776014109375 0.4737103171875 0.70877425 0.503472221875 0.7671957671875 0.36871693125
16 0 0.8515211640624999 0.1201499109375 0.859788359375 0.16093474375 0.6927910046875 0.0198412703125 0.684523809375 0 0.75562169375 0 0.8515211640624999
16 0 0.48363095312500004 0.0540123453125 0.4852843921875 0.0914903 0.353009259375 0 0.35052910000000004 0 0.48363095312500004
20 0.17526455000000002 0.534060846875 0.041887125 0.528273809375 0.0088183421875 0.677910053125 0.1421957671875 0.6828703703125 0.17526455000000002 0.534060846875
44 0.9711199296874999 0.36871693125 0.8278218687500001 0.362103175 0.8134920640625 0.5018187828125 0.9645061734375 0.5125661375 0.9711199296874999 0.36871693125
44 0.9986772484375 0.56299603125 0.9468694890625 0.5621693125 0.9634038796875 0.7275132281250001 1 0.728339946875 0.9986772484375 0.56299603125