36 0.27401588125 0 0.24931883125 0.140063934375 0.284325665625 0.14623658281250002 0.2940502546875 0.14676133593750001 0.40255340312500004 0.150027328125 0.42846270468750003 0.149307159375 0.43440185781249996 0.14374353906249998 0.46221582968749997 0.00849786875 0.4637142328125 0 0.27401588125 0
28 0.193134321875 0.638663696875 0.1854405125 0.6373070703125 0.1811413984375 0.6391933609375 0.177125696875 0.645096134375 0.173393409375 0.6550153921875 0.135402228125 0.7951151765625 0.134142503125 0.8022594296875001 0.13664361875 0.8071958218749999 0.311403028125 0.8380106203125001 0.316881340625 0.8310435734375 0.3519369140625 0.6997191296875 0.35465016562499996 0.684331509375 0.3524433 0.6799758687499999 0.3375078890625 0.6746980125 0.193134321875 0.638663696875
24 0.28158820156250003 0.9625905625 0.2833970359375 0.9523321484375 0.29130755937499997 0.88497414375 0.29300177656250004 0.864118159375 0.2907949109375 0.85976251875 0.11383726875 0.8285601109374999 0.1102737765625 0.8318982828125 0.1052994796875 0.8601089203125 0.0987455828125 0.9197731156250001 0.1024236921875 0.9270325156249999 0.11543565156249999 0.9319712156250001 0.23717999375 0.9613710484375 0.2775725 0.9684933359375 0.27876033125 0.9673806140625001 0.28158820156250003 0.9625905625
0 0.48288832968750006 0.8726112671875 0.3328590234375 0.846157053125 0.32929553125 0.8494952234375001 0.3233084609375 0.917192384375 0.3204868515625 0.9669373218749999 0.32206604375 0.973165540625 0.44737898749999994 0.9952615937499999 0.47079957187500004 0.9974080187500001 0.47436306406249995 0.9940698484375 0.477528525 0.9761176234375 0.4838531875 0.8952582890624999 0.48509519531249995 0.8769669078125 0.48288832968750006 0.8726112671875
32 0.5071867265625001 0.6785702203125 0.48942344374999996 0.6780824140624999 0.3804680875 0.6773810265625 0.3723220671875 0.678589003125 0.3663829140625 0.6841526203125 0.3643511046875 0.718170778125 0.3645928625 0.8292756921875 0.36758834218750003 0.8383979828125 0.3878475671875 0.84197023125 0.5155807640625001 0.8334220437500001 0.5191442562499999 0.8300838734375 0.5214053 0.8172608546875001 0.5238767953125001 0.6907683203125 0.5206508953125 0.680944315625 0.5071867265625001 0.6785702203125
45 0.451632471875 0.47084564687499997 0.4329365171875 0.46754904531249997 0.42747249531250003 0.4726675734375 0.4232879984375 0.48515143437499997 0.3934359578125 0.6094603796875 0.3940027828125 0.617493346875 0.3981331015625 0.62218814375 0.409221609375 0.6267876875 0.517467409375 0.6506341546875001 0.538048340625 0.654263128125 0.5414876328125 0.6527540968750001 0.545051125 0.6494159265625 0.5762597921875 0.51741316875 0.57495734375 0.5079283218749999 0.5657922906249999 0.5036679359375 0.451632471875 0.47084564687499997
49 0.45724887968749994 0.292549709375 0.44425570312499996 0.42247566875000003 0.44749243749999995 0.428863940625 0.47061235312500005 0.43294060625 0.584836540625 0.44065301406249996 0.5929825609375 0.43944503749999997 0.5989217140624999 0.43388141874999997 0.600278340625 0.4261876078125 0.6137237265625 0.293697046875 0.611516859375 0.28934140625000004 0.5942057859375 0.286288996875 0.4639778328125 0.271259315625 0.4599621328125 0.2771620890625 0.45724887968749994 0.292549709375
44 0.5246232234375 0.038673440625 0.520324109375 0.040559729687500004 0.5161540609374999 0.0484626171875 0.49153882812500005 0.188062534375 0.492455959375 0.1929840625 0.49850973125 0.19801801562500002 0.5736390015625 0.22184269375 0.604697659375 0.2312856828125 0.6373963515625001 0.2370513453125 0.6397720125 0.2348258984375 0.6641912875 0.0963373078125 0.661984421875 0.0919816671875 0.645577765625 0.0838000515625 0.528470128125 0.039351754687500004 0.5246232234375 0.038673440625
37 0.8703779984375 0.5668942390625 0.8696423765624999 0.565442359375 0.8638720187500001 0.5644248890625 0.8499556421875001 0.5646153968750001 0.7554834875 0.5717564687500001 0.753582959375 0.5735368249999999 0.74634761875 0.6145704828125 0.7414108374999999 0.6684378359375 0.7398312375 0.699891390625 0.7413753359374999 0.7059812046875 0.7576512421875 0.7088510859375 0.850426634375 0.6969154515625 0.8566492 0.6953683171875 0.8602126921875 0.692030146875 0.8620215281249999 0.681771734375 0.871397034375 0.572362603125 0.8703779984375 0.5668942390625
9 0.647348053125 1 0.6476681203125 0.9981848046874999 0.6474388859375 0.9769896640625 0.6452320203124999 0.9726340234374999 0.51636069375 0.9499105312499999 0.5157667781249999 0.95046689375 0.5128651046875 0.9669231 0.512362915625 1 0.647348053125 1
50 0.8066363624999999 1 0.8278478828125 0.8902019828125001 0.8241697734375 0.8829425828125 0.8024449671875 0.87117889375 0.7252776265625 0.8364174875 0.7193384734375 0.8419811046874999 0.71153630625 0.8749817953125 0.695256790625 0.967307521875 0.69746365625 0.9716631609374999 0.7047052578125 0.975584390625 0.7509827390625 0.9943217203125 0.770974734375 1 0.8066363624999999 1
46 0.7406585531250001 0.7098213265625 0.7383962578125 0.713653365625 0.7299851734375 0.7613549921875 0.7203091578125 0.8252284859374999 0.7199715656250001 0.838390659375 0.7221784312499999 0.8427462984374999 0.73711384375 0.8480241562499999 0.8313630234374999 0.8646428296875 0.8325508546875 0.8635301046875 0.835536684375 0.8555946984375 0.8378881703125 0.8422587625 0.8523334234375 0.7400899796875 0.8515978015625001 0.7386381 0.8482031062500001 0.7353951828125 0.7557627609375 0.7085180953125 0.7442220453124999 0.70648315625 0.7406585531250001 0.7098213265625
13 0.5661801609375 0.7702858125 0.5647547640624999 0.77162108125 0.541556453125 0.9031852406249999 0.5410252640625 0.9073225218750001 0.544251165625 0.9171465265625001 0.5495693140625 0.9207286 0.6275264546875 0.9397632281250001 0.6679189609375 0.9468855171874999 0.671482453125 0.9435473468750001 0.690698196875 0.812074253125 0.6884913296875 0.8077186125000001 0.6793262765625 0.8034582265625 0.575797425 0.771981596875 0.5661801609375 0.7702858125
17 0.6845920750000001 0.5936328203125 0.6359389328125 0.5771209374999999 0.618627859375 0.574068528125 0.6150643671875 0.5774066999999999 0.612236496875 0.58219675 0.6075997906249999 0.597245215625 0.5845878765625 0.6861361484375 0.5799979578125 0.7121668750000001 0.58176345 0.7156513875 0.5870816 0.719233459375 0.6959645921875001 0.7487453953125 0.7028409421874999 0.7499578812500001 0.7085425296875 0.744616809375 0.7385091874999999 0.6309054328125 0.74077023125 0.6180824171875 0.7385633656249999 0.6137267765625001 0.7313217640625 0.6098055453125 0.6845920750000001 0.5936328203125
21 0.7690801640625 0.42884743593749997 0.7190703953125 0.4200293640625 0.6474504390625 0.41004517500000004 0.64196349375 0.41304418906249996 0.640125378125 0.4161577203125 0.6320308406249999 0.46206412500000005 0.6238751421875001 0.5156283296875 0.6199198796875 0.5493073328125 0.62278880625 0.554969665625 0.6471204734375 0.5592599953125 0.66636615625 0.561463575 0.7446608890624999 0.567336028125 0.750147834375 0.5643370140624999 0.77185385625 0.44123604375000003 0.7712870296875 0.4332030765625 0.7690801640625 0.42884743593749997
25 0.802718984375 0.2796883203125 0.8019833625 0.278236440625 0.7966652140625 0.2746543671875 0.6785448015625 0.2696925921875 0.67146845625 0.2743946078125 0.6590101046875 0.345049434375 0.6549695046874999 0.3752757484375 0.6519186609375 0.4038255421875 0.6524854875 0.411858509375 0.654692353125 0.41621414999999995 0.6623861640625 0.41757077656249997 0.767946825 0.4150292484375 0.778016296875 0.4141604265625 0.783503240625 0.4111614140625 0.7907385812500001 0.37012775625 0.7987637234375 0.31336732343749996 0.802718984375 0.2796883203125
29 0.8404407109375001 0.11974625000000001 0.8382338453125 0.11539060937500001 0.8266931296875001 0.1133556703125 0.72724041875 0.1037524953125 0.71524749375 0.104282159375 0.7116840015625 0.10762032968749999 0.70955195 0.11240085468750001 0.685856209375 0.24678607812500003 0.6860768953124999 0.24722164218749998 0.7053114218750001 0.250613209375 0.7643716281249999 0.2530940953125 0.8018216453125 0.2544088640625 0.8118911171875001 0.25354004375 0.8154546093749999 0.2502018734375 0.8410075375 0.12777921718750002 0.8404407109375001 0.11974625000000001
44 0.412655815625 0.22320583906250002 0.399191646875 0.22083174374999998 0.2690783109375 0.216399634375 0.2354751984375 0.215763178125 0.2307564265625 0.2183423296875 0.22262571250000002 0.264453903125 0.21281058125 0.36117201250000003 0.21111636250000002 0.3820279984375 0.21398528906249997 0.3876903296875 0.2334602421875 0.391124290625 0.3558816984375 0.38772148125 0.391860471875 0.38613248906250003 0.3973474171875 0.38313347656249996 0.40017528750000003 0.3783434265625 0.416333925 0.23046524218750003 0.412655815625 0.22320583906250002
40 0.25845893750000004 0.45264998125 0.21883581875 0.44566335625000003 0.2157474578125 0.4485564375 0.21291958906250003 0.4533464875 0.1932411375 0.539079053125 0.1805943640625 0.6108024640624999 0.18294835468749998 0.61544848125 0.35490502031250004 0.64576908125 0.3603690421875 0.640650553125 0.3864887953125 0.5262608656250001 0.3923675109375 0.49292101875 0.3886894015625 0.4856616171875 0.2919499421875 0.46067082031249995 0.25845893750000004 0.45264998125