36 0.1540728984375 0.24489897656249998 0.1617146765625 0.2465232859375 0.2048273296875 0.250362471875 0.220652321875 0.251063834375 0.2265368375 0.245924996875 0.2431048 0.1679788609375 0.2486947953125 0.1332253890625 0.24801029218749998 0.1317487203125 0.24604261875 0.1297330703125 0.2299948953125 0.126322021875 0.20789095624999998 0.12322109218749999 0.18006185937500002 0.1226305265625 0.1763840375 0.1258422984375 0.151191815625 0.23496837343750002 0.1520193859375 0.24046897031249997 0.1540728984375 0.24489897656249998
36 0.7275474859375 0.8864845656250001 0.7790784359375 0.8995676828124999 0.8004754078125 0.9041157484375001 0.8039652687500001 0.9027276656250001 0.8081845265625001 0.8969686328125 0.8320694062499999 0.8221751625 0.8385820624999999 0.8009295359375 0.8485986406249999 0.7538052359375 0.8481879390625 0.752919234375 0.7729164234375 0.73691978125 0.7697289781250001 0.7397033171875 0.7588694125 0.7720055328125001 0.7379778515625001 0.8421105640625001 0.7306530390625 0.86717708125 0.7268629828125001 0.8850078953124999 0.7275474859375 0.8864845656250001
49 0.7495879078125001 0.7687015171875 0.756626584375 0.73558714375 0.729549328125 0.7277018203125001 0.682170309375 0.7176310984375001 0.6789828625000001 0.7204146359375 0.654556546875 0.7977553656249999 0.637553215625 0.859901125 0.6367952046875 0.8634672890624999 0.638711815625 0.8676019609375001 0.6642607171875 0.875162421875 0.7112576484375001 0.8851519281250001 0.71444509375 0.8823683921875001 0.7190627218750001 0.8700381734375 0.7495879078125001 0.7687015171875
49 0.39311397187499997 0.2978385984375 0.3989309 0.2765782078125 0.41945135 0.180037078125 0.41924599999999995 0.17959407656249998 0.400682990625 0.17298604374999998 0.3736598890625 0.1648459953125 0.35321812656249996 0.1605009640625 0.3497854921875 0.16349861875 0.325420840625 0.278125290625 0.327474353125 0.2825552953125 0.38633805312499997 0.3001256171875 0.3896813375 0.30083625468749997 0.39311397187499997 0.2978385984375
45 0.621845328125 0.8722701484375 0.62797503125 0.8669171953125 0.6315097859375001 0.8596814937499999 0.6735337921875 0.743232296875 0.676844978125 0.7276543921874999 0.6734359750000001 0.7234953625 0.6285251078125 0.7046310515624999 0.6017788890625 0.6989459671875 0.598244134375 0.70618166875 0.5770664390625 0.7682388437500001 0.5556334406250001 0.84089113125 0.5576869531249999 0.8453211375 0.56287685 0.84908663125 0.621845328125 0.8722701484375
45 0.24782812187499997 0.2030608515625 0.23728552343749998 0.2620538953125 0.23811309375 0.2675544890625 0.2387975984375 0.269031159375 0.2726441625 0.2788878125 0.3043575421875 0.2856287 0.32942606093750004 0.167690590625 0.3293433046875 0.16714053125 0.3253793484375 0.1623044484375 0.2838910046875 0.15082348437499998 0.262876115625 0.14635663125 0.25919829375000003 0.1495684046875 0.24782812187499997 0.2030608515625
40 0.5693466234375 0.8200578390625 0.5851258921875 0.7007309546875 0.5823878765625 0.6948242812500001 0.5565968609375 0.68934223125 0.531490378125 0.68533685625 0.5099340515625 0.6834172625 0.5087081109375 0.684487853125 0.5063134578125 0.6882386046875 0.5035521296875001 0.7012296296875 0.48303611718750006 0.833447128125 0.485089628125 0.837877134375 0.504194075 0.8419379093750001 0.5606798390625001 0.8486196390625 0.563867284375 0.8458361015625 0.5693466234375 0.8200578390625
40 0.41468701093749993 0.2851188484375 0.41987690781250003 0.2888843390625 0.4706313390625 0.29434783593749997 0.4826354421875 0.294237040625 0.48508732343750005 0.292095859375 0.49456246562499995 0.2475188203125 0.50306696875 0.19341725781250002 0.5044051453125 0.17772762343749998 0.5030361375 0.1747742859375 0.47628991718749997 0.1690892015625 0.438224090625 0.164991578125 0.43454626875 0.1682033515625 0.42534184531249997 0.2115067609375 0.417506428125 0.2577635078125 0.41400250625 0.283642178125 0.41468701093749993 0.2851188484375
0 0.5832341640625 0.2662334546875 0.59644521875 0.20408032656250003 0.594665509375 0.20024098750000002 0.56653904375 0.1930644671875 0.529762996875 0.1852474765625 0.52779995 0.1860282734375 0.526574009375 0.1870988640625 0.5077196796875 0.26828630468750003 0.5010058640625 0.2998723203125 0.501667921875 0.304272796875 0.502352425 0.305749465625 0.5323781015625 0.31479396406250004 0.566766103125 0.322103359375 0.570443925 0.3188915875 0.5832341640625 0.2662334546875
0 0.6926777453125 0.5855301859375001 0.69681586875 0.566061846875 0.694077853125 0.560155171875 0.6774252890625 0.553953215625 0.6367108109374999 0.5402406296875 0.626680971875 0.538108721875 0.6232483375 0.5411063765625 0.5912110765625 0.6354657671874999 0.5855933328125 0.653440565625 0.581346921875 0.67341835625 0.5870534828125 0.6785107406249999 0.6427329796875 0.698066584375 0.6489100734375 0.6993795671874999 0.6528361671875 0.6978179734375 0.6581383 0.6869644218750001 0.6926777453125 0.5855301859375001
32 0.5126234859375 0.527975484375 0.4808723578125 0.6303827328125 0.4765408640625 0.65076080625 0.47859437656250003 0.6551908125 0.5432941890625 0.6795925640625 0.549965328125 0.6716923484375 0.55512439375 0.6568148703125 0.5853370499999999 0.5644637578125 0.5891271078125 0.5466329421875 0.5890412671874999 0.5442185859374999 0.5793459765625 0.5381642703125 0.527477840625 0.5191523218749999 0.5198360625 0.5175280109375 0.516158240625 0.520739784375 0.5126234859375 0.527975484375
32 0.6634483203125 0.3097072765625 0.682330925 0.22087160625000002 0.6803489468749999 0.2184535640625 0.6591000828125 0.21273892343749998 0.616497178125 0.20368339687499998 0.6141678921875 0.20571751875 0.5859823515625 0.31953203750000003 0.5880358625000001 0.3239620421875 0.6524495406249999 0.3403159375 0.6561273625 0.3371041640625 0.6634483203125 0.3097072765625
28 0.742590825 0.3568137140625 0.746268646875 0.35360194218749996 0.7519691484375 0.336177203125 0.764352878125 0.2934164578125 0.7758854796875 0.23915983281250003 0.775680128125 0.2387168328125 0.7578700671874999 0.23373313125 0.7099179171875 0.2235405875 0.7075886296875 0.22557470937500002 0.7045953109374999 0.2302631515625 0.6755822 0.3385770734375 0.6776357109375 0.343007078125 0.7382285000000001 0.3585488171875 0.742590825 0.3568137140625
28 0.468802375 0.654288496875 0.47109961250000004 0.6434808390625 0.48763982656250004 0.5487560296875 0.4916851859375 0.5203300984375 0.4910006828125 0.5188534296875 0.48903300937500005 0.5168377796875 0.47222110781250004 0.5132643 0.44897090312500004 0.5099197234374999 0.4197727984375 0.5063758203125001 0.4165853515625 0.5091593578125 0.4109544109375 0.5356508546875001 0.39039214843750003 0.6399039 0.39121972031249996 0.6454044953125 0.3919042234375 0.6468811640625 0.42438178125 0.6537844828125 0.46122166406250004 0.6589526953125 0.468802375 0.654288496875
24 0.82629999375 0.377268990625 0.829977815625 0.37405721875000003 0.8573974484375 0.292028046875 0.863297134375 0.271317715625 0.8649214453124999 0.2636759375 0.863210184375 0.259984265625 0.8522889546875 0.255000540625 0.8336191921875 0.24983410468749997 0.797989409375 0.24226076093749999 0.7932082406250001 0.24643606562499998 0.7625399875000001 0.34374879375 0.759832803125 0.3564850921875 0.761886315625 0.360915096875 0.797643325 0.371177828125 0.82629999375 0.377268990625
24 0.370241584375 0.6384162250000001 0.3880242640625 0.5608614046875 0.39712040000000004 0.5180674468750001 0.394177034375 0.511717771875 0.37752447031249997 0.5055158140625 0.3648726109375 0.5016285234375 0.323224925 0.492776034375 0.3208956375 0.4948101578125 0.29219949375 0.629814903125 0.29807389375 0.6350570640625001 0.3581252453125 0.653146065625 0.364398015625 0.6518170359375 0.370241584375 0.6384162250000001
20 0.22464350937500002 0.635289909375 0.2614833921875 0.6404581234375 0.2676130953125 0.6351051671875 0.2781865265625 0.594755096875 0.298219684375 0.5005064984375001 0.2980827828125 0.5002111640625 0.25070376875 0.49014044375 0.2263072953125 0.4865522203125 0.2226294734375 0.48976399375 0.1887434328125 0.6210032484375 0.189571003125 0.6265038453125 0.19025550625 0.6279805140625 0.22464350937500002 0.635289909375
20 0.31535596875 0.45276566406249996 0.3287290796875 0.45560820625 0.333489775 0.44730191562500005 0.34352177031250003 0.4094991015625 0.36084774375 0.3279868015625 0.360163240625 0.3265101328125 0.31402643750000003 0.3087164171875 0.293011546875 0.3042495640625 0.29178560625 0.3053201546875 0.28608510468750004 0.32274489375000004 0.2738873640625 0.37073674375 0.26143432031249997 0.42932370937500003 0.26348783125 0.43375371406249996 0.31535596875 0.45276566406249996
16 0.268130009375 0.3207920625 0.26676100156250004 0.317838725 0.2228207734375 0.308498940625 0.19703285937499998 0.304881190625 0.19580691875 0.3059517828125 0.191730728125 0.3157347421875 0.1686945515625 0.39780819843750004 0.16136710781250002 0.43228110781250007 0.16314681875 0.43612044687499996 0.1822512640625 0.440181221875 0.23246425781250002 0.448191978125 0.2361420796875 0.4449802046875 0.2617049609375 0.3510195390625 0.268130009375 0.3207920625
16 0.24973229843750003 0.7605613515625 0.26879481875 0.65678823125 0.267967246875 0.6512876359375 0.26728274375 0.6498109671875001 0.2529114734375 0.645558203125 0.18824294218749998 0.63181248125 0.1801484625 0.669894009375 0.16259801875 0.780644396875 0.1660205375 0.7880277390625 0.23861742968750002 0.803458684375 0.24143027031250003 0.7996193296875 0.24973229843750003 0.7605613515625
12 0.2660147328125 0.8398991312499999 0.2666992359375 0.8413758 0.2896245703125 0.84624873125 0.3365581125 0.850900071875 0.342621790625 0.8496153468750001 0.3522665828125 0.804240165625 0.36482505625 0.7038235421875 0.36453892187500003 0.6957756859375 0.3632383640625 0.692970015625 0.34628317656249996 0.6893660781250001 0.3136414234375 0.6862882609375001 0.292085096875 0.68436866875 0.2858123265625 0.6856976953125 0.2821345046875 0.68890946875 0.266270034375 0.8293040171875001 0.2660147328125 0.8398991312499999
12 0.42848222031249994 0.46070420156249997 0.4543358234375 0.3390725671875 0.45371514375000005 0.33494712031249996 0.45303064062500004 0.3334704515625 0.38234419375 0.3184455828125 0.3811182515625 0.319516175 0.3686652078125 0.3781031390625 0.35649829843749997 0.4447379609375 0.3585518109375 0.44916796562499994 0.42541736874999997 0.46338067968749996 0.42848222031249994 0.46070420156249997
8 0.46073703593750004 0.4648978296875 0.5212989921875 0.4617965984375 0.522770121875 0.46051188906249996 0.52856349375 0.433256215625 0.5306156515625 0.40387414687499995 0.5332303390625001 0.33520893749999997 0.5328880859375 0.334470603125 0.50910305 0.3294149375 0.4629730921875 0.332255853125 0.45929527031250006 0.3354676265625 0.4565880875 0.34820392187500004 0.4521246203125 0.4537489953125 0.455005703125 0.46367959687500004 0.46073703593750004 0.4648978296875
8 0.4697021078125 0.755268528125 0.4799894046875 0.7068706 0.4793049 0.7053939312499999 0.47602544843750005 0.7020345171875 0.42492764375 0.6869135890625 0.40735156562499997 0.6831776796875 0.404654496875 0.6855329796875 0.401661178125 0.6902214203125 0.39271205625 0.7229297156250001 0.3704823203125 0.8087243781250001 0.36560939062500003 0.8316497125 0.36766290156250003 0.83607971875 0.37285279843749997 0.8398452109375001 0.44108736562499995 0.8570112609375 0.4447651875 0.8537994890625 0.451007125 0.833827490625 0.4697021078125 0.755268528125
4 0.5394345281249999 0.4243850734375 0.5365337078125 0.4850024265625 0.53858721875 0.48943243281250004 0.544318553125 0.4906506640625 0.606790953125 0.4879555125 0.6082620828125 0.486670803125 0.6135604265625 0.46174404999999996 0.6198360046875 0.374916303125 0.61933526875 0.36083255468750003 0.5952159078125 0.3557058265625 0.5869292453125 0.3559412015625 0.5484650531249999 0.35841476562499996 0.5447872312500001 0.36162653906250003 0.542621484375 0.371815575 0.541283309375 0.387505209375 0.5394345281249999 0.4243850734375
4 0.0865169421875 0.7205441671874999 0.156661953125 0.7381162953125 0.15911383437499999 0.7359751125 0.1687243359375 0.6907612578125 0.1857564671875 0.5965403609375 0.184928896875 0.5910397640625 0.180964940625 0.58620368125 0.13465755468750001 0.572500340625 0.1089620890625 0.5670386015625 0.10699904062500001 0.5678193984375 0.1057731 0.5688899890625 0.10144160625000001 0.5892680640625 0.08226685156249999 0.707660228125 0.0825529859375 0.715708084375 0.0865169421875 0.7205441671874999
44 0.6397278671875 0.5086675453125 0.7046829812500001 0.52247418125 0.7090453078125 0.520739078125 0.713806003125 0.512432784375 0.7193348234375 0.4901793328125 0.7398011296875 0.3938929296875 0.7385690234375 0.39123492656250003 0.7003601328125 0.3831133765625 0.669251584375 0.37916339374999997 0.6655737625 0.38237516718750003 0.63767435625 0.5042375390625 0.6397278671875 0.5086675453125
44 0.7439120296875 0.5370690859375 0.745965540625 0.541499090625 0.8092655125 0.5443045343749999 0.8155382828125 0.5429755078125 0.8170094125 0.5416907984375 0.8319259921875 0.471513803125 0.8408427406250001 0.41923038906250004 0.8403255078124999 0.415792515625 0.8107932234374999 0.40951523593749994 0.7842139078125 0.4085247328125 0.7702993609375001 0.4082294484375 0.7622592125 0.41317632499999996 0.7590105921875 0.42845988124999995 0.74416733125 0.5264739703125 0.7439120296875 0.5370690859375
44 0.73820905 0.7179613 0.741886871875 0.714749528125 0.745421625 0.7075138265625001 0.7805875640625 0.607829178125 0.785866571875 0.5829934 0.78518206875 0.58151673125 0.7381424937500001 0.5649954140625 0.714771396875 0.560027734375 0.709990228125 0.5642030390625 0.671711028125 0.6785344281250001 0.6684624078125 0.6938179843750001 0.676247253125 0.6994662218750001 0.7191046046875 0.713900525 0.73820905 0.7179613
44 0.8548150484375 0.73489275 0.8580024953125 0.7321092124999999 0.8863737765625 0.598632821875 0.8845940671875001 0.5947934828125 0.8813146140624999 0.5914340703125001 0.8346332921874999 0.5743233156249999 0.8134273578125001 0.56981585625 0.81293698125 0.5702440921874999 0.8099436624999999 0.5749325328125 0.7809613843750001 0.701889425 0.7862943484375 0.70967884375 0.8490837156250001 0.7336745171875 0.8548150484375 0.73489275