3 0.8616903078125 0.4176659171875 0.8443285984375001 0.42041574062500003 0.8436356453125 0.42228324375000004 0.8686217062500001 0.5800390234374999 0.881957465625 0.651752428125 0.88497289375 0.6583058359375 0.8911535296875 0.6661156828125 0.9634730250000001 0.6638895984375 0.9955439437500001 0.6588100640625 0.9971030859375001 0.6546081765625 0.9521513031250001 0.4332200859375 0.9480495234375 0.419807728125 0.9443411421875 0.415121821875 0.9360816515625 0.41291449062499996 0.8616903078125 0.4176659171875
48 0.9027732859375 0.110847090625 0.8965926515625 0.10303724843749999 0.8921913187499999 0.100218846875 0.8001946437499999 0.093696665625 0.7886201703125 0.09552988125 0.7851554109375 0.10486740624999999 0.7934342359375 0.1652532625 0.8253729390625001 0.3669062984375 0.82821603125 0.3704988265625 0.836475521875 0.3727061546875 0.9367316875 0.3814356671875 0.9419757484375 0.377089584375 0.9440546031249999 0.3714870703125 0.9027732859375 0.110847090625
52 0.7793875359375 0.121512828125 0.7736003 0.12242943749999999 0.682334490625 0.15797754375 0.6770904296875 0.162323625 0.674041440625 0.1705406453125 0.6822977046875 0.22266864218750002 0.716348821875 0.40394873281250004 0.7215369515625001 0.42422003437500005 0.7245654625 0.42804685937500003 0.7455683078125 0.42472033593749997 0.81181025625 0.401133390625 0.8247706328125 0.395565165625 0.8268494875 0.38996265 0.8276922171875001 0.3827981671875 0.7855681703124999 0.1293226703125 0.7793875359375 0.121512828125
43 0.5588398890625 0.19230228437500002 0.5974053296874999 0.4357948953125 0.6008141578124999 0.45107475781249995 0.6045225390625 0.4557606625 0.6436472906249999 0.453079415625 0.68056389375 0.44925381406250003 0.7092589312500001 0.4447089671875 0.7111650484375 0.4423856546875 0.7125983484375 0.43395579531250006 0.7096108859375 0.4150936953125 0.6672617 0.183918715625 0.6642462703125 0.1773653046875 0.66301014375 0.1758033375 0.6238853921875 0.1784845828125 0.5602257921875 0.188567271875 0.5588398890625 0.19230228437500002
23 0.4490469375 0.22823606093749998 0.4652862625 0.3557376484375 0.4818251421875 0.47264528125 0.48993485468750003 0.4801495875 0.5604680421875 0.4760092375 0.591333303125 0.47112065937500003 0.5934121578125 0.4655181453125 0.5763301046875 0.345181040625 0.5546030953125001 0.20800210468749997 0.5508947140625 0.203316196875 0.5233444359375 0.2041642296875 0.4514253453125 0.21203959062500002 0.449346490625 0.21764210468749998 0.4490469375 0.22823606093749998
19 0.4940374140625 0.5235314921875001 0.48839995468749997 0.5191511234374999 0.40659184843749996 0.514530734375 0.393088296875 0.5166694875 0.391009440625 0.522272 0.3907098890625 0.5328659578125 0.40793849218749995 0.6978267515625001 0.41652066093749995 0.7520124312500001 0.42146516875 0.7582603078125 0.4316537375 0.7601620984374999 0.5010652453125 0.7624394234375 0.5170886546875 0.759901565625 0.517469778125 0.7588744390625 0.51831250625 0.751709953125 0.5167389124999999 0.7168041484375001 0.4986823703125 0.5403733265625 0.49705284375 0.530084903125 0.4940374140625 0.5235314921875001
15 0.43799966718750005 0.2284038 0.34154572656250004 0.243680603125 0.336301665625 0.248026684375 0.3343614015625 0.2532556984375 0.3400919 0.2894366421875 0.378331865625 0.4821817734375 0.3847561234375 0.5040150453125001 0.38915745625 0.506833446875 0.397308309375 0.5083548828125 0.43820479062500006 0.501877515625 0.4778950796875 0.4927787875 0.4850682203125 0.48812717031249997 0.48714707500000004 0.48252465781250004 0.45805923593750003 0.31135652343750003 0.4417080484375 0.23308970625 0.43799966718750005 0.2284038
11 0.276341840625 0.6060856015625 0.31032906875 0.7669858875 0.31403744843750003 0.7716717937500001 0.347293478125 0.769392734375 0.40738429218750005 0.759875284375 0.41064116562499997 0.7510980125 0.372806590625 0.549675690625 0.367075284375 0.5259749125 0.3633669046875 0.52128900625 0.2653697015625 0.5368102390625 0.276341840625 0.6060856015625
7 0.182901853125 0.440627578125 0.11622682343749999 0.44415685781249997 0.1085105078125 0.4453790015625 0.106431653125 0.450981515625 0.11240657968750001 0.48870572343749996 0.15301296250000002 0.6826580265625 0.159736771875 0.69389734375 0.24784472656249998 0.6902252640625 0.25406602500000003 0.6892399078125 0.2560409359375 0.6839175187500001 0.23347119843750003 0.5539030671875 0.21959226406250001 0.4787601875 0.2127746078125 0.4482004625 0.20659397343750002 0.4403906203125 0.182901853125 0.440627578125
23 0.44850376093750005 0.2248065875 0.4818251421875 0.47264528125 0.4880057765625 0.4804551234375 0.5411772546875 0.4790645984375 0.591333303125 0.47112065937500003 0.5934121578125 0.4655181453125 0.5937117109375001 0.4549241890625 0.5551462703125 0.21143157812500002 0.5521308406250001 0.204878165625 0.5508947140625 0.203316196875 0.5233444359375 0.2041642296875 0.4514253453125 0.21203959062500002 0.44850376093750005 0.2248065875
31 0.722826159375 0.487294915625 0.719117778125 0.48260900937500006 0.6978979109375001 0.48596990624999997 0.628694696875 0.510992634375 0.6208286046875 0.51751175625 0.6206788296875 0.5228087359375 0.624299996875 0.5456718921875 0.6657803890625 0.7388998484375 0.672168009375 0.7495771984374999 0.6761226312499999 0.7489508484375 0.755210965625 0.722977684375 0.7623841046875001 0.718326065625 0.7644629609375 0.7127235515625 0.7653056890625 0.7055590703125 0.7620466375 0.684982228125 0.722826159375 0.487294915625
35 0.754198965625 0.6167060890625 0.767724028125 0.7020999765625 0.7704435078125 0.7055363078125 0.81867049375 0.697897903125 0.8629905656249999 0.6880658921875 0.868927578125 0.6818523046875 0.8697703078125001 0.674687821875 0.8451077859374999 0.47153080156250005 0.84114260625 0.44649564531249997 0.8379286765625 0.4424345265625 0.8335273437499999 0.43961612656250004 0.8277401078125 0.44053273437499996 0.7400888328125 0.4614463390625 0.7346949953124999 0.4710894 0.754198965625 0.6167060890625
27 0.6064190265625 0.5182999203125 0.51961048125 0.5320490437500001 0.5162954984375 0.5360895890624999 0.51421664375 0.5416921046875001 0.523554659375 0.6087654328125 0.5484049265625 0.7656638421874999 0.55570366875 0.77241771875 0.64829945 0.7577519875000001 0.65037830625 0.7521494718749999 0.615071915625 0.5292337015624999 0.6120564875000001 0.5226802921875 0.6064190265625 0.5182999203125
39 0.31803731874999996 0.26005978281250003 0.31161306093749996 0.2382265109375 0.307211728125 0.235408109375 0.2170882 0.253197778125 0.20798598125 0.25815493125 0.205075584375 0.26599845 0.20833463437500002 0.286575290625 0.21405475468750002 0.3151995453125 0.26044837187500003 0.5082352421875 0.2671721828125 0.519474559375 0.309611915625 0.5127527656249999 0.363082946875 0.5007682828125 0.365161803125 0.4951657671875 0.36600453125 0.48800128593750003 0.3649181796875 0.4811423375 0.337403934375 0.3448800109375 0.31803731874999996 0.26005978281250003
11 0.2648696578125 0.5386471890625 0.26457010468750003 0.549241146875 0.3109077921875 0.766894228125 0.31461617343750004 0.7715801328125 0.3478722015625 0.7693010734375 0.40796301562500004 0.7597836234375 0.41121988906249995 0.7510063515625001 0.3733853140625 0.5495840296875001 0.367654009375 0.5258832515625 0.36394562812500003 0.5211973453125001 0.265562609375 0.536779684375 0.2648696578125 0.5386471890625