7 0.6744791671875 0.2666015625 0.6770833328125 0.2705078125 0.68359375 0.275390625 0.7044270828125 0.275390625 0.7278645828125 0.2734375 0.94921875 0.251953125 0.9596354171874999 0.25 0.9661458328125001 0.2451171875 0.96875 0.2392578125 0.9427083328125001 0.0986328125 0.9401041671874999 0.0927734375 0.93359375 0.087890625 0.87890625 0.08984375 0.7044270828125 0.1015625 0.6575520828125 0.10546875 0.6510416671875 0.1083984375 0.6484375 0.1123046875 0.6484375 0.1220703125 0.6640625 0.2177734375 0.6744791671875 0.2666015625
11 0.6236979171875 0 0.6223958328125 0.0009765625 0.6223958328125 0.0068359375 0.6328125 0.0537109375 0.6354166671875 0.0615234375 0.64453125 0.06640625 0.6705729171875 0.06640625 0.9075520828125001 0.048828125 0.9231770828125001 0.046875 0.9270833328125001 0.0439453125 0.9270833328125001 0.0283203125 0.91796875 0 0.6236979171875 0
6 0.4700520828125 1 0.5013020828125 0.99609375 0.7044270828125 0.96484375 0.71875 0.9599609375 0.71875 0.9384765625 0.7005208328125 0.8291015625 0.6979166671875 0.8154296875 0.69140625 0.80859375 0.67578125 0.80859375 0.4752604171875 0.8359375 0.4075520828125 0.845703125 0.4010416671875 0.8486328125 0.3984375 0.8525390625 0.3984375 0.8642578125 0.421875 0.9912109375 0.42578125 1 0.4700520828125 1
10 0.390625 0.8251953125 0.3971354171875 0.83203125 0.41015625 0.83203125 0.42578125 0.830078125 0.6549479171875 0.798828125 0.6809895828125 0.794921875 0.6901041671875 0.7900390625 0.6901041671875 0.7705078125 0.6692708328125 0.6494140625 0.6666666671875 0.6416015625 0.66015625 0.63671875 0.64453125 0.63671875 0.6263020828125 0.638671875 0.4752604171875 0.65625 0.37109375 0.669921875 0.3645833328125 0.6748046875 0.3645833328125 0.6904296875 0.3880208328125 0.8154296875 0.390625 0.8251953125
14 0.3541666671875 0.6611328125 0.3580729171875 0.666015625 0.36328125 0.66796875 0.37890625 0.66796875 0.3971354171875 0.666015625 0.6471354171875 0.63671875 0.6549479171875 0.634765625 0.6588541671875 0.6318359375 0.6588541671875 0.6162109375 0.640625 0.4990234375 0.6380208328125 0.4853515625 0.6354166671875 0.4794921875 0.6315104171875 0.4765625 0.6263020828125 0.474609375 0.6184895828125 0.474609375 0.34765625 0.5 0.33203125 0.50390625 0.3307291671875 0.5048828125 0.3307291671875 0.5263671875 0.3515625 0.6513671875 0.3541666671875 0.6611328125
18 0.3515625 0.4755859375 0.3580729171875 0.482421875 0.3815104171875 0.482421875 0.6393229171875 0.4609375 0.6497395828125 0.458984375 0.6588541671875 0.4541015625 0.6588541671875 0.4384765625 0.640625 0.3017578125 0.6380208328125 0.2978515625 0.6315104171875 0.29296875 0.6106770828125 0.29296875 0.5455729171875 0.296875 0.34765625 0.310546875 0.3346354171875 0.3125 0.328125 0.3173828125 0.328125 0.3388671875 0.3489583328125 0.4658203125 0.3515625 0.4755859375
22 0.3359375 0.2939453125 0.3385416671875 0.2978515625 0.3450520828125 0.302734375 0.4049479171875 0.302734375 0.5481770828125 0.296875 0.6419270828125 0.291015625 0.6484375 0.2880859375 0.6510416671875 0.2841796875 0.6510416671875 0.2724609375 0.6354166671875 0.1279296875 0.6263020828125 0.12109375 0.58984375 0.12109375 0.32421875 0.12890625 0.3177083328125 0.1337890625 0.3177083328125 0.1474609375 0.3229166671875 0.1923828125 0.3359375 0.2939453125
26 0.27734375 0 0.2760416671875 0.0029296875 0.2994791671875 0.1025390625 0.3020833328125 0.1103515625 0.30859375 0.115234375 0.3138020828125 0.1171875 0.33203125 0.1171875 0.6002604171875 0.08984375 0.6158854171875 0.0859375 0.6197916671875 0.0791015625 0.6015625 0.0009765625 0.6002604171875 0 0.27734375 0
47 0.7057291671875 0.6064453125 0.7083333328125 0.6181640625 0.7122395828125 0.62109375 0.7174479171875 0.623046875 0.73046875 0.623046875 0.9440104171874999 0.607421875 0.9856770828125001 0.603515625 0.9921875 0.6005859375 0.9921875 0.5634765625 0.984375 0.4521484375 0.98046875 0.447265625 0.9752604171874999 0.4453125 0.9622395828125001 0.4453125 0.79296875 0.455078125 0.7044270828125 0.4609375 0.6979166671875 0.4638671875 0.6953125 0.4677734375 0.6953125 0.4990234375 0.6979166671875 0.5302734375 0.7057291671875 0.6064453125
51 0.7057291671875 0.7822265625 0.7083333328125 0.7880859375 0.7122395828125 0.791015625 0.73046875 0.791015625 0.9674479171874999 0.767578125 0.9830729171874999 0.765625 0.9895833328125001 0.7607421875 0.9895833328125001 0.7431640625 0.9791666671874999 0.6201171875 0.9765625 0.6142578125 0.97265625 0.611328125 0.94921875 0.611328125 0.8528645828125001 0.619140625 0.7174479171875 0.630859375 0.7018229171875 0.6328125 0.6966145828125 0.634765625 0.6927083328125 0.6376953125 0.6927083328125 0.6689453125 0.6953125 0.6962890625 0.7057291671875 0.7822265625
42 1 0.7998046875 0.99609375 0.796875 0.9752604171874999 0.796875 0.76171875 0.814453125 0.7434895828125 0.81640625 0.7369791671875 0.8212890625 0.734375 0.8271484375 0.734375 0.8349609375 0.7395833328125 0.9384765625 0.7421875 0.9638671875 0.74609375 0.96875 0.7513020828125 0.970703125 0.7799479171875 0.96875 0.9830729171874999 0.9453125 0.9973958328125001 0.9423828125 1 0.9384765625 1 0.7998046875
38 0.7096354171875 0.453125 0.7278645828125 0.453125 0.7669270828125 0.44921875 0.9778645828125001 0.423828125 0.9830729171874999 0.421875 0.9895833328125001 0.4169921875 0.9895833328125001 0.4091796875 0.96875 0.2724609375 0.9661458328125001 0.2666015625 0.9622395828125001 0.263671875 0.9544270828125001 0.26171875 0.68359375 0.2890625 0.6770833328125 0.2939453125 0.6770833328125 0.3154296875 0.703125 0.4443359375 0.7096354171875 0.453125