33 0.578125 0.3466796875 0.58203125 0.3515625 0.62890625 0.3515625 0.69921875 0.34765625 0.7200520828125 0.345703125 0.7291666671875 0.3408203125 0.7265625 0.3232421875 0.703125 0.2294921875 0.7005208328125 0.2216796875 0.6940104171875 0.21484375 0.67578125 0.21484375 0.56640625 0.220703125 0.5611979171875 0.22265625 0.5598958328125 0.2236328125 0.5598958328125 0.2353515625 0.5625 0.2568359375 0.578125 0.3466796875
1 0.4596354171875 0.244140625 0.5091145828125 0.244140625 0.5130208328125 0.2392578125 0.5260416671875 0.1298828125 0.5221354171875 0.126953125 0.51171875 0.125 0.3971354171875 0.119140625 0.390625 0.1240234375 0.3723958328125 0.2158203125 0.3697916671875 0.2333984375 0.3763020828125 0.23828125 0.3919270828125 0.240234375 0.4596354171875 0.244140625
5 0.3528645828125 0.40625 0.4908854171875 0.40625 0.4947916671875 0.4033203125 0.4947916671875 0.2705078125 0.4934895828125 0.26953125 0.35546875 0.267578125 0.3515625 0.2705078125 0.3489583328125 0.2763671875 0.3463541671875 0.3076171875 0.3411458328125 0.3798828125 0.3411458328125 0.4013671875 0.3450520828125 0.404296875 0.3528645828125 0.40625
9 0.20963541718749998 0.400390625 0.22526041718749998 0.40234375 0.24348958281250002 0.40234375 0.25 0.3955078125 0.2604166671875 0.3720703125 0.2994791671875 0.2783203125 0.2994791671875 0.2705078125 0.29296875 0.267578125 0.1783854171875 0.251953125 0.1627604171875 0.251953125 0.1588541671875 0.2568359375 0.1354166671875 0.3037109375 0.1015625 0.3720703125 0.1015625 0.3818359375 0.1080729171875 0.384765625 0.20963541718749998 0.400390625
13 0 0.3740234375 0.006510417187500001 0.376953125 0.06380208281250001 0.376953125 0.06901041718749999 0.375 0.07291666718749999 0.3701171875 0.09635416718749999 0.2666015625 0.09895833281250001 0.2529296875 0.09895833281250001 0.2431640625 0.08984375 0.240234375 0.0013020828125 0.240234375 0 0.2412109375 0 0.3740234375
46 0 0.2119140625 0.0013020828125 0.212890625 0.01171875 0.212890625 0.0182291671875 0.2080078125 0.0338541671875 0.1591796875 0.0442708328125 0.1181640625 0.046875 0.1005859375 0.0455729171875 0.099609375 0.0013020828125 0.099609375 0 0.1005859375 0 0.2119140625
50 0.1002604171875 0.2109375 0.1549479171875 0.208984375 0.1627604171875 0.20703125 0.1692708328125 0.2001953125 0.1770833328125 0.1181640625 0.1770833328125 0.0947265625 0.16796875 0.091796875 0.05078125 0.09765625 0.046875 0.1005859375 0.03125 0.1708984375 0.0260416671875 0.2001953125 0.0260416671875 0.2080078125 0.0299479171875 0.2109375 0.1002604171875 0.2109375
41 0.21223958281250002 0.236328125 0.32421875 0.251953125 0.3333333328125 0.2451171875 0.3723958328125 0.1552734375 0.3776041671875 0.1416015625 0.3776041671875 0.1357421875 0.37109375 0.1328125 0.2591145828125 0.1171875 0.2513020828125 0.1171875 0.24479166718749998 0.1220703125 0.21875 0.1728515625 0.1927083328125 0.2255859375 0.1927083328125 0.2294921875 0.20182291718749998 0.234375 0.21223958281250002 0.236328125
4 0.3971354171875 0.6015625 0.4075520828125 0.6015625 0.5299479171875 0.5859375 0.55078125 0.58203125 0.5572916671875 0.5751953125 0.5546875 0.5634765625 0.5234375 0.4501953125 0.5182291671875 0.4326171875 0.515625 0.4287109375 0.51171875 0.42578125 0.4986979171875 0.42578125 0.3684895828125 0.44140625 0.3619791671875 0.4462890625 0.3619791671875 0.4501953125 0.3932291671875 0.5986328125 0.3971354171875 0.6015625
8 0.6223958328125 0.8369140625 0.62890625 0.83984375 0.6966145828125 0.841796875 0.80078125 0.841796875 0.8046875 0.8388671875 0.8046875 0.8193359375 0.8020833328125001 0.7880859375 0.7864583328125 0.6533203125 0.7838541671875 0.6494140625 0.7799479171875 0.646484375 0.7018229171875 0.64453125 0.6184895828125 0.64453125 0.6145833328125 0.6474609375 0.6145833328125 0.6962890625 0.6197916671875 0.8291015625 0.6223958328125 0.8369140625
12 0.40625 0.8349609375 0.4127604171875 0.837890625 0.4388020828125 0.837890625 0.58203125 0.830078125 0.5885416671875 0.8251953125 0.5885416671875 0.7978515625 0.5703125 0.6435546875 0.5677083328125 0.6376953125 0.5559895828125 0.634765625 0.4153645828125 0.640625 0.4010416671875 0.6435546875 0.3984375 0.6474609375 0.3984375 0.6865234375 0.4036458328125 0.8134765625 0.40625 0.8349609375
16 0.2955729171875 0.607421875 0.3190104171875 0.607421875 0.3255208328125 0.6005859375 0.328125 0.5869140625 0.3489583328125 0.4677734375 0.3489583328125 0.4462890625 0.3372395828125 0.443359375 0.22265625 0.4375 0.1966145828125 0.4375 0.1901041671875 0.4482421875 0.1640625 0.5556640625 0.15625 0.5888671875 0.15625 0.5947265625 0.1653645828125 0.599609375 0.2955729171875 0.607421875
20 0.1497395828125 0.828125 0.2591145828125 0.83203125 0.2903645828125 0.83203125 0.296875 0.8251953125 0.2994791671875 0.8154296875 0.3203125 0.6630859375 0.3203125 0.6396484375 0.3138020828125 0.63671875 0.16015625 0.630859375 0.1510416671875 0.6357421875 0.1484375 0.6416015625 0.1119791671875 0.8095703125 0.1119791671875 0.8212890625 0.1184895828125 0.826171875 0.1497395828125 0.828125
24 0 0.8212890625 0.009114582812499999 0.82421875 0.0455729171875 0.826171875 0.07682291718749999 0.826171875 0.08333333281250001 0.8212890625 0.08854166718749999 0.8056640625 0.1223958328125 0.6572265625 0.125 0.6357421875 0.1184895828125 0.630859375 0.00390625 0.626953125 0 0.6298828125 0 0.8212890625
0 0 0.5869140625 0.006510417187500001 0.58984375 0.1002604171875 0.59765625 0.11328125 0.59765625 0.1197916671875 0.5927734375 0.1223958328125 0.5869140625 0.1666666671875 0.4482421875 0.1666666671875 0.4384765625 0.16015625 0.435546875 0.0403645828125 0.42578125 0.0169270828125 0.42578125 0.010416667187500001 0.4326171875 0 0.4560546875 0 0.5869140625