33 0.18315805624999998 0.3347641953125 0.1982760671875 0.44324769062499997 0.20175435625000002 0.46114193593749997 0.2097069453125 0.4662283796875 0.21787280625 0.46729400468750004 0.314372440625 0.47241254843749997 0.3321245046875 0.47161480625 0.33517846093750003 0.461735996875 0.3331205140625 0.4409127578125 0.326892359375 0.3955648515625 0.3130438 0.32432019218749997 0.30905611718750003 0.322230178125 0.217881659375 0.3240352484375 0.1962951140625 0.3255783390625 0.1847916703125 0.3278143828125 0.1840815 0.32927888125 0.18315805624999998 0.3347641953125
1 0.1621953453125 0.6977773953125 0.2670763265625 0.66412605625 0.27015261874999996 0.6605037703125001 0.2566568578125 0.5910740984375 0.2449291703125 0.5450708015625 0.2400305390625 0.5301055515625 0.23544367500000002 0.5259566234374999 0.22394022656249998 0.5281926671875 0.217236925 0.5305568187499999 0.13060490625 0.565966734375 0.12705405 0.573289221875 0.154669303125 0.6846493140625001 0.1585741375 0.6945019234375 0.1621953453125 0.6977773953125
5 0.309487784375 0.690900490625 0.34066053281249997 0.6874940296875 0.41259223125 0.678817740625 0.433681878125 0.6747183296875 0.4358123921875 0.6703248375 0.4361962828125 0.6630873640625 0.40966190625000004 0.5265798328125 0.4062821109375 0.523522728125 0.2759097515625 0.548864546875 0.27519957968750003 0.5503290453125 0.29961795625 0.6861867203124999 0.3032391640625 0.689462190625 0.309487784375 0.690900490625
9 0.450304165625 0.915820115625 0.45989036875 0.9139567468750001 0.46152398437500003 0.9070069343749999 0.4574828703125 0.8043290328125 0.456737965625 0.7933316140625 0.45225878125 0.7702882078125 0.44498784375 0.7656377453125 0.41999336249999997 0.7598845468750001 0.3225019578125 0.7398372078125 0.312647340625 0.7417527515625 0.3112097609375 0.7478685875 0.31773536562500004 0.8633280921875001 0.32071675625 0.8786660171875 0.32625520625000004 0.8815688140625 0.376741065625 0.8956315296874999 0.450304165625 0.915820115625
13 0.47144231249999996 1 0.46181243125 0.9504585562500001 0.4594836015625 0.9466665843750001 0.453945153125 0.9437637875 0.347859315625 0.9405086125000001 0.33811700624999996 0.9405452890625 0.324258096875 0.9432391875 0.323370375 0.9506630250000001 0.3329605125 1 0.47144231249999996 1
50 0.2995338703125 1 0.2748955921875 0.8732470453125 0.2640631859375 0.8753526515625 0.2390748515625 0.8849851265625001 0.17303558125000001 0.9137393093749999 0.1709050671875 0.9181328000000001 0.18261130625 1 0.2995338703125 1
41 0.170375671875 0.809466475 0.17186636718749998 0.8171354375 0.17790171562499998 0.822594553125 0.2327189546875 0.8384682421875 0.28945343437500004 0.8539692578125001 0.293287915625 0.8532239109375 0.29634187343749996 0.8433451015625 0.29627152031250004 0.8327471453124999 0.2904688890625 0.7240778296875 0.2895185703125 0.7191888671875 0.2817933265625 0.7122011968749999 0.1861467828125 0.6909993812499999 0.1717323015625 0.6884954546875 0.1659805796875 0.6896134765624999 0.1643469640625 0.6965632890625 0.170375671875 0.809466475
4 0.471078646875 0.61120748125 0.58824138125 0.62026825 0.6002417234374999 0.620588528125 0.6057098203125 0.6128933671875 0.6055691140625 0.5916974546875 0.5984546453124999 0.4824209375 0.5933924937499999 0.45637842031250003 0.5919440093749999 0.45506823281250003 0.44785459687499996 0.452833225 0.43558425781250004 0.4552183375 0.43288560781249996 0.4607834265625 0.44239260312499995 0.5915808578124999 0.44487709531249997 0.6043624609375 0.44849830468749996 0.60763793125 0.452829684375 0.6094489046875 0.471078646875 0.61120748125
8 0.6194089593750001 0.35581664218750003 0.62303016875 0.3590921125 0.6709611828125001 0.34977526718749996 0.800339746875 0.3193208046875 0.8075118109374999 0.31527378906250003 0.809145425 0.3083239765625 0.79814330625 0.2414869625 0.7782673703125 0.13923412968749999 0.7748875749999999 0.136177025 0.7524558546875 0.140537309375 0.7252948046875 0.14820450000000002 0.59598659375 0.18925691875 0.5926490109375 0.1925585859375 0.5905184984375 0.19695207812499999 0.6035082093749999 0.27401437500000003 0.6194089593750001 0.35581664218750003
12 0.812450590625 0.5423312375 0.8392919593749999 0.537113803125 0.8428428140625 0.5297913171874999 0.82613143125 0.40901622812499994 0.8165661359374999 0.359807053125 0.8140952718750001 0.356307978125 0.7925087265624999 0.3578510703125 0.701438240625 0.3717066625 0.6267138109375 0.38623161875 0.625211896875 0.387717371875 0.6250689781250001 0.402336146875 0.6461497703125 0.541495490625 0.651261675 0.5524399234375 0.6575102953124999 0.5538782234374999 0.812450590625 0.5423312375
16 0.5125149812500001 0.8477511984375001 0.5351304265625 0.8433552015625001 0.6466947140625 0.800711325 0.6596185 0.7955462875 0.6631337046875 0.7905994 0.650453921875 0.7253675703125 0.6281006265625 0.6385188953125 0.6217550171874999 0.630732471875 0.6147799109375 0.6320882953125 0.5847142640625 0.645625896875 0.48423501562500004 0.691686165625 0.47493243906249993 0.700126671875 0.4799014234375 0.72568988125 0.507516675 0.8370499734375001 0.5125149812500001 0.8477511984375001
20 0.8891706718749999 0.781434309375 0.8763942328125 0.70035119375 0.8650365531249999 0.641921003125 0.8582200500000001 0.6375611937500001 0.8481369484375 0.6368682437500001 0.704212 0.6449476093750001 0.671283384375 0.651348284375 0.6699764921875 0.6569081328124999 0.69275626875 0.8037843828125 0.6938030671875001 0.8091696984375 0.7000740234375 0.8168645187499999 0.70632264375 0.81830281875 0.8781619125000001 0.8220413609375001 0.8896653562499999 0.8198053171874999 0.8932162124999999 0.8124828328125 0.8891706718749999 0.781434309375
24 0.9028402 0.888607615625 0.90639105625 0.8812851296875 0.900428275 0.8506092796875 0.89155445625 0.8151934625000001 0.8869394500000001 0.80680535 0.6990498734374999 0.843327384375 0.696919359375 0.8477208765625001 0.722617371875 0.9594536437500001 0.72865271875 0.9649127609375 0.7492454671875 0.958257028125 0.8884960718749999 0.8967016484375 0.9028402 0.888607615625
0 0.6749964 0.8925717609375001 0.6685367203125 0.8593395906250001 0.664432684375 0.8556273921875001 0.6581840640625 0.85418909375 0.5161639671875 0.8374914375 0.503830471875 0.8398888265625001 0.502392890625 0.8460046609375 0.515664015625 0.9654587859375001 0.5201361015625 0.9884656734374999 0.5280886890625001 0.9935521156249999 0.5524583109375001 0.999161484375 0.6816036343749999 0.9740581765625 0.6831719046875 0.9673863546874999 0.6749964 0.8925717609375001