9 0.5850694437499999 0.1796875 0.5920138890625 0.181640625 0.8177083328125001 0.181640625 0.8263888890625 0.1787109375 0.8263888890625 0.1533203125 0.815972221875 0.0830078125 0.8125 0.0771484375 0.8072916671874999 0.07421875 0.796875 0.072265625 0.5711805562500001 0.068359375 0.565972221875 0.0712890625 0.565972221875 0.0947265625 0.5798611109375 0.1728515625 0.5850694437499999 0.1796875
5 0.25694444375000003 0.1767578125 0.265625 0.181640625 0.29340277812500004 0.181640625 0.512152778125 0.173828125 0.53125 0.1708984375 0.53125 0.1533203125 0.5069444437499999 0.0654296875 0.4982638890625 0.05859375 0.36631944375000003 0.05859375 0.234375 0.060546875 0.22743055625 0.0625 0.22569444375 0.0634765625 0.22569444375 0.0791015625 0.25347222187499996 0.1708984375 0.25694444375000003 0.1767578125
50 0.359375 0.3125 0.48090277812500004 0.322265625 0.5017361109375 0.322265625 0.5069444437499999 0.3193359375 0.5104166671875 0.3134765625 0.5208333328125 0.2392578125 0.5208333328125 0.2138671875 0.519097221875 0.212890625 0.512152778125 0.2109375 0.4635416671875 0.205078125 0.25868055624999997 0.18359375 0.2517361109375 0.18359375 0.24479166718749998 0.185546875 0.23958333281250002 0.1904296875 0.22569444375 0.2841796875 0.22569444375 0.2958984375 0.234375 0.30078125 0.359375 0.3125
46 0.5642361109375 0.296875 0.5850694437499999 0.298828125 0.7725694437499999 0.302734375 0.800347221875 0.302734375 0.8055555562500001 0.2998046875 0.809027778125 0.2958984375 0.8055555562500001 0.2021484375 0.800347221875 0.197265625 0.7899305562500001 0.1953125 0.5989583328125 0.1875 0.5572916671875 0.1875 0.5555555562500001 0.1884765625 0.5555555562500001 0.2568359375 0.559027778125 0.2939453125 0.5642361109375 0.296875
1 0.28819444375000003 0.4521484375 0.29340277812500004 0.455078125 0.3697916671875 0.453125 0.5295138890625 0.4453125 0.5538194437499999 0.443359375 0.559027778125 0.4404296875 0.5625 0.4345703125 0.5486111109375 0.3447265625 0.5451388890625 0.3369140625 0.5364583328125 0.33203125 0.3072916671875 0.337890625 0.2760416671875 0.33984375 0.2673611109375 0.3447265625 0.2673611109375 0.3525390625 0.28472222187499996 0.4404296875 0.28819444375000003 0.4521484375
41 0.590277778125 0.4326171875 0.5954861109375 0.435546875 0.6302083328125 0.435546875 0.8142361109375 0.427734375 0.828125 0.42578125 0.8333333328125001 0.4228515625 0.8333333328125001 0.3955078125 0.8263888890625 0.3310546875 0.8211805562500001 0.322265625 0.8142361109375 0.3203125 0.8072916671874999 0.3203125 0.5885416671875 0.326171875 0.581597221875 0.328125 0.5763888890625 0.3310546875 0.5763888890625 0.3388671875 0.5868055562500001 0.4208984375 0.590277778125 0.4326171875
25 0.6475694437499999 0.595703125 0.6614583328125 0.595703125 0.8697916671874999 0.576171875 0.8819444437499999 0.5712890625 0.8819444437499999 0.5634765625 0.8645833328125001 0.4814453125 0.8611111109375 0.4755859375 0.855902778125 0.47265625 0.8385416671874999 0.47265625 0.6614583328125 0.486328125 0.637152778125 0.48828125 0.621527778125 0.4912109375 0.6180555562500001 0.4970703125 0.6354166671875 0.5771484375 0.6388888890625 0.5888671875 0.6475694437499999 0.595703125
33 0.3298611109375 0.6044921875 0.33506944375000003 0.607421875 0.3489583328125 0.607421875 0.578125 0.587890625 0.59375 0.5849609375 0.59375 0.5634765625 0.5833333328125 0.4990234375 0.5798611109375 0.4853515625 0.574652778125 0.48046875 0.543402778125 0.48046875 0.4739583328125 0.484375 0.3454861109375 0.4921875 0.32118055624999997 0.494140625 0.3142361109375 0.49609375 0.30902777812500004 0.4990234375 0.30902777812500004 0.5087890625 0.3263888890625 0.5986328125 0.3298611109375 0.6044921875
29 0.3854166671875 0.7548828125 0.390625 0.7578125 0.4079861109375 0.755859375 0.6267361109375 0.716796875 0.6388888890625 0.7119140625 0.6388888890625 0.7001953125 0.625 0.6611328125 0.6076388890625 0.6162109375 0.6024305562500001 0.611328125 0.5885416671875 0.611328125 0.35243055624999997 0.6484375 0.34722222187499996 0.6513671875 0.34722222187499996 0.6650390625 0.37847222187499996 0.7470703125 0.3854166671875 0.7548828125
21 0.706597221875 0.748046875 0.7239583328125 0.748046875 0.9010416671874999 0.71875 0.921875 0.71484375 0.9305555562500001 0.7119140625 0.9305555562500001 0.7001953125 0.90625 0.6181640625 0.9010416671874999 0.615234375 0.887152778125 0.615234375 0.6788194437499999 0.64453125 0.6736111109375 0.6474609375 0.6736111109375 0.6650390625 0.6979166671875 0.7412109375 0.706597221875 0.748046875
13 0.38194444375000003 0.9287109375 0.38715277812500004 0.931640625 0.39409722187499996 0.931640625 0.6302083328125 0.892578125 0.6423611109375 0.8876953125 0.6423611109375 0.8701171875 0.625 0.7998046875 0.621527778125 0.7900390625 0.6163194437499999 0.787109375 0.5954861109375 0.787109375 0.36631944375000003 0.8203125 0.3576388890625 0.8251953125 0.3576388890625 0.8408203125 0.37847222187499996 0.9208984375 0.38194444375000003 0.9287109375
17 0.6927083328125 0.87890625 0.7100694437499999 0.87890625 0.9045138890625 0.859375 0.9236111109375 0.8544921875 0.9236111109375 0.8154296875 0.9201388890625 0.7607421875 0.9114583328125001 0.755859375 0.7100694437499999 0.771484375 0.6927083328125 0.7734375 0.6857638890625 0.775390625 0.684027778125 0.7763671875 0.684027778125 0.8349609375 0.6875 0.8740234375 0.6927083328125 0.87890625