45 0.5052083328125 0.900390625 0.6336805562500001 0.900390625 0.800347221875 0.8984375 0.8454861109375 0.896484375 0.8576388890625 0.8916015625 0.8576388890625 0.8798828125 0.8333333328125001 0.7607421875 0.8298611109375 0.7509765625 0.824652778125 0.74609375 0.8177083328125001 0.744140625 0.793402778125 0.744140625 0.5920138890625 0.748046875 0.5052083328125 0.75 0.49652777812500004 0.7529296875 0.49305555625 0.7587890625 0.49652777812500004 0.8544921875 0.5 0.8974609375 0.5052083328125 0.900390625
40 0.5086805562500001 0.69140625 0.7239583328125 0.6953125 0.8107638890625 0.6953125 0.8194444437499999 0.6904296875 0.8194444437499999 0.6650390625 0.809027778125 0.5732421875 0.800347221875 0.568359375 0.6649305562500001 0.56640625 0.5052083328125 0.56640625 0.5 0.5712890625 0.49305555625 0.6689453125 0.49305555625 0.6845703125 0.4982638890625 0.689453125 0.5086805562500001 0.69140625
49 0.1927083328125 0.71484375 0.42534722187499996 0.720703125 0.4704861109375 0.720703125 0.47569444375 0.7177734375 0.4791666671875 0.7138671875 0.4895833328125 0.6220703125 0.4895833328125 0.5966796875 0.48090277812500004 0.591796875 0.19618055625 0.5859375 0.18923611093749998 0.587890625 0.18402777812499999 0.5927734375 0.1770833328125 0.6181640625 0.15625 0.7001953125 0.15625 0.7080078125 0.16493055625 0.712890625 0.1927083328125 0.71484375
36 0.4392361109375 0.896484375 0.44618055625 0.89453125 0.4548611109375 0.8896484375 0.4583333328125 0.8193359375 0.4583333328125 0.7509765625 0.44965277812500004 0.74609375 0.140625 0.744140625 0.13194444375 0.7490234375 0.12847222187500001 0.7548828125 0.1041666671875 0.8818359375 0.1041666671875 0.8857421875 0.112847221875 0.892578125 0.4392361109375 0.896484375
55 0 0.1064453125 0.0017361109374999999 0.107421875 0.012152778125 0.109375 0.17534722187500001 0.111328125 0.1875 0.1064453125 0.20833333281250002 0.0576171875 0.20833333281250002 0.0537109375 0.19618055625 0.05078125 0.015625 0.05078125 0.010416667187500001 0.0537109375 0.0034722218749999997 0.0634765625 0 0.0732421875 0 0.1064453125
0 0.5677083328125 0.12890625 0.6197916671875 0.126953125 0.628472221875 0.1220703125 0.6354166671875 0.0712890625 0.6354166671875 0.0615234375 0.6302083328125 0.05859375 0.4982638890625 0.0546875 0.4114583328125 0.0546875 0.40277777812500004 0.0595703125 0.3958333328125 0.0830078125 0.3888888890625 0.1083984375 0.3888888890625 0.1220703125 0.39409722187499996 0.125 0.5677083328125 0.12890625
4 0.5399305562500001 0.212890625 0.5486111109375 0.2099609375 0.5486111109375 0.1376953125 0.546875 0.13671875 0.4322916671875 0.13671875 0.3142361109375 0.138671875 0.30902777812500004 0.1416015625 0.3020833328125 0.1787109375 0.2986111109375 0.2099609375 0.30381944375000003 0.212890625 0.36284722187499996 0.21484375 0.5399305562500001 0.212890625
8 0.29340277812500004 0.30078125 0.47743055625 0.3046875 0.5225694437499999 0.3046875 0.527777778125 0.3017578125 0.5381944437499999 0.2373046875 0.5381944437499999 0.2197265625 0.5364583328125 0.21875 0.4947916671875 0.216796875 0.39409722187499996 0.21484375 0.29340277812500004 0.21484375 0.28819444375000003 0.2177734375 0.28472222187499996 0.2236328125 0.27430555624999997 0.2587890625 0.2673611109375 0.2861328125 0.2673611109375 0.2958984375 0.27256944375000003 0.298828125 0.29340277812500004 0.30078125
12 0.5052083328125 0.3984375 0.5104166671875 0.3955078125 0.5138888890625 0.3720703125 0.5138888890625 0.3076171875 0.5086805562500001 0.3046875 0.25868055624999997 0.3046875 0.25 0.3095703125 0.246527778125 0.3232421875 0.23611111093749998 0.3818359375 0.23611111093749998 0.3955078125 0.24131944375 0.3984375 0.5052083328125 0.3984375
16 0.4322916671875 0.52734375 0.46006944375 0.52734375 0.46527777812500004 0.5244140625 0.46875 0.5205078125 0.4895833328125 0.4521484375 0.49305555625 0.4384765625 0.49305555625 0.4248046875 0.49131944375 0.423828125 0.484375 0.421875 0.45659722187499996 0.419921875 0.24131944375 0.40625 0.22743055625 0.40625 0.21875 0.4111328125 0.21180555625 0.4248046875 0.18055555625 0.4970703125 0.18055555625 0.5068359375 0.18576388906250002 0.509765625 0.4322916671875 0.52734375
20 0.5260416671875 0.537109375 0.769097221875 0.54296875 0.8072916671874999 0.54296875 0.8125 0.5400390625 0.8125 0.4580078125 0.809027778125 0.4365234375 0.8038194437499999 0.43359375 0.5954861109375 0.4296875 0.5260416671875 0.4296875 0.5208333328125 0.4345703125 0.5173611109375 0.4638671875 0.5104166671875 0.5263671875 0.5104166671875 0.5302734375 0.515625 0.53515625 0.5260416671875 0.537109375
24 0.5295138890625 0.404296875 0.7795138890625 0.4140625 0.793402778125 0.4140625 0.8020833328125001 0.4091796875 0.8055555562500001 0.3818359375 0.8055555562500001 0.3212890625 0.800347221875 0.318359375 0.7899305562500001 0.31640625 0.5538194437499999 0.30859375 0.546875 0.30859375 0.5399305562500001 0.310546875 0.534722221875 0.3154296875 0.5208333328125 0.3837890625 0.5208333328125 0.4013671875 0.5225694437499999 0.40234375 0.5295138890625 0.404296875
28 0.5642361109375 0.298828125 0.6197916671875 0.296875 0.8038194437499999 0.287109375 0.8177083328125001 0.28515625 0.8229166671874999 0.2822265625 0.8229166671874999 0.2724609375 0.8020833328125001 0.2119140625 0.7986111109375 0.2041015625 0.7899305562500001 0.201171875 0.7274305562500001 0.203125 0.5920138890625 0.2109375 0.550347221875 0.21484375 0.5451388890625 0.2177734375 0.5451388890625 0.2314453125 0.559027778125 0.2958984375 0.5642361109375 0.298828125
32 0.5625 0.1513671875 0.565972221875 0.1533203125 0.565972221875 0.1630859375 0.5694444437499999 0.1650390625 0.5694444437499999 0.1787109375 0.5729166671875 0.1806640625 0.5729166671875 0.1943359375 0.5763888890625 0.1962890625 0.5763888890625 0.2021484375 0.581597221875 0.205078125 0.605902778125 0.205078125 0.609375 0.203125 0.6475694437499999 0.203125 0.6510416671875 0.201171875 0.6788194437499999 0.201171875 0.6822916671875 0.19921875 0.730902778125 0.19921875 0.734375 0.197265625 0.7482638890625 0.197265625 0.7517361109375 0.1953125 0.7864583328125 0.1953125 0.7899305562500001 0.193359375 0.8177083328125001 0.193359375 0.8211805562500001 0.19140625 0.8263888890625 0.1904296875 0.8263888890625 0.1787109375 0.8229166671874999 0.1767578125 0.8229166671874999 0.1689453125 0.8194444437499999 0.1669921875 0.8194444437499999 0.1591796875 0.815972221875 0.1572265625 0.815972221875 0.1513671875 0.8125 0.1494140625 0.8125 0.1435546875 0.809027778125 0.1416015625 0.809027778125 0.1337890625 0.8055555562500001 0.1318359375 0.8055555562500001 0.1220703125 0.8020833328125001 0.1201171875 0.8020833328125001 0.1181640625 0.796875 0.115234375 0.7725694437499999 0.115234375 0.769097221875 0.1171875 0.7447916671875 0.1171875 0.7413194437499999 0.119140625 0.7204861109375 0.119140625 0.7170138890625 0.12109375 0.6892361109375 0.12109375 0.6857638890625 0.123046875 0.668402778125 0.123046875 0.6649305562500001 0.125 0.6302083328125 0.125 0.6267361109375 0.126953125 0.6197916671875 0.126953125 0.6163194437499999 0.12890625 0.5677083328125 0.12890625 0.559027778125 0.1337890625 0.559027778125 0.1357421875 0.5625 0.1376953125 0.5625 0.1513671875