36 0.091304403125 0.40398834843750003 0.09308719531250001 0.40969198437500004 0.110281196875 0.4133466828125 0.133928446875 0.41482326875000003 0.1857657515625 0.4151922453125 0.1923466515625 0.4077165734375 0.2406217125 0.21723691875 0.24178880937499997 0.21174616093749998 0.24085169999999997 0.20370784375 0.2181412875 0.19888059687499998 0.1648474890625 0.19420851249999999 0.1526629046875 0.19516839531250002 0.14608200625 0.20264406406250002 0.1412838984375 0.2158233703125 0.0999673890625 0.3632322 0.091304403125 0.40398834843750003
45 0.055562021875 0.49605153281250003 0.03530439375 0.6195382140625 0.0314395140625 0.6471150578125 0.0311842109375 0.6577101734374999 0.0398868671875 0.6684344656250001 0.11532743125 0.6986690265625 0.1191483203125 0.69948118125 0.1225554234375 0.6975430375 0.156665934375 0.5370656968749999 0.1702766765625 0.463638184375 0.165394909375 0.45372604843750003 0.1059598171875 0.4233437609375 0.0734822609375 0.4164404421875 0.0721660796875 0.417935578125 0.055562021875 0.49605153281250003
49 0.22157998750000002 0.42706455156249995 0.2831808265625 0.44725780000000004 0.302285271875 0.451318575 0.3063737953125 0.448992803125 0.3244938765625 0.363744525 0.34500594218749997 0.245636615625 0.3445393296875 0.23843784375000002 0.3396575609375 0.228525709375 0.2911535625 0.2159972421875 0.2589148734375 0.209144696875 0.2536875578125 0.21025222187499998 0.24973901718749997 0.21473762187499998 0.24757327031249998 0.22492666093749997 0.21814205156250002 0.410359725 0.218608665625 0.417558490625 0.22157998750000002 0.42706455156249995
40 0.295451815625 0.5755287765625 0.320357903125 0.45835484531250004 0.31830769062500003 0.4517956640625 0.307274875 0.44945056718750004 0.2401192328125 0.4412995890625 0.22602420625000003 0.44185339062500006 0.22470802656250002 0.4433485265625 0.22135375000000002 0.449735140625 0.1780057640625 0.6170347359374999 0.164740565625 0.6794425890625 0.1652159765625 0.6809635593750001 0.19387264375 0.6870547234375 0.2564507 0.6932565109375 0.26481439375 0.6914844734375001 0.268762934375 0.6869990734375 0.295451815625 0.5755287765625
20 0.347019603125 0.4569223765625 0.3424767984375 0.4595065671875 0.34116061875 0.4610017015625 0.32888805312499997 0.51873958125 0.2970797765625 0.6965677953125 0.29886256875 0.7022714296875 0.38793154687500003 0.7247534203125 0.3926697953125 0.7193709359375 0.4334580265625 0.527477396875 0.44024843125 0.4927128484375 0.43978181875000005 0.485514078125 0.439187553125 0.48361286562499994 0.415073690625 0.47493751250000005 0.356571825 0.45895276406249996 0.347019603125 0.4569223765625
16 0.5005029296875 0.287208021875 0.5084440015625 0.2498482171875 0.5060669437499999 0.24224337031249998 0.44469744218749996 0.2230754859375 0.4246377609375 0.21881167031249998 0.42141312031249994 0.22247474843749998 0.41326073750000003 0.2420406671875 0.37555380625 0.37246776875 0.367986890625 0.3996127 0.36293348124999997 0.42338712031250003 0.364597421875 0.42871051250000003 0.3791590625 0.4353554796875 0.42237737031249994 0.4480916078125 0.45294448281250005 0.4545888484375 0.45426066406250004 0.45309371406250004 0.5005029296875 0.287208021875
12 0.47861091718750004 0.46723275 0.481709890625 0.47144125 0.49317255781249997 0.47387771562500003 0.5576610578125 0.4804855828125 0.569845640625 0.4795257015625 0.5719515296875 0.4771334875 0.5872561390625 0.40513095468750004 0.5899316265625 0.389725575 0.6065796765625 0.283220621875 0.60755689375 0.2692291609375 0.6063683656250001 0.2654267375 0.5848758640625 0.260858365625 0.5221811546875 0.252856884375 0.5163221703125 0.256936209375 0.51296789375 0.2633228234375 0.5115240625 0.2701155140625 0.4775500390625 0.45813276875 0.47861091718750004 0.46723275
24 0.4204874421875 0.7157880640625 0.4222702359375 0.7214916984374999 0.510150684375 0.7401712640625 0.5158102578125 0.7337421890625 0.56468394375 0.503809575 0.5621286078125001 0.49563436406249994 0.46779490937499996 0.4791329109375 0.46384636874999996 0.4836183140625 0.45229572031250004 0.537959846875 0.4207427453125 0.7051929484375 0.4204874421875 0.7157880640625
28 0.6844235484375 0.6008781015625 0.6970204109375 0.5650995484375 0.7009050046875 0.5468239734375 0.6961018484375 0.541239009375 0.6285605703125 0.5033652843749999 0.608466784375 0.49909421875 0.6055053796875 0.5024582703125 0.5539147328125 0.6512330578125 0.531682778125 0.7191895359375 0.5311834531249999 0.721538675 0.5321736046875001 0.7300319921875 0.5352725781250001 0.7342404921875 0.59780664375 0.7688312796875 0.6161891734375 0.7762884015625 0.6234919890625 0.765416384375 0.6844235484375 0.6008781015625
8 0.657578190625 0.5050071828125 0.66152673125 0.50052178125 0.6889155328125 0.3998496375 0.709339596875 0.3192620921875 0.713508659375 0.2996481953125 0.7132053609375 0.29496899375 0.7117896203125 0.2926269390625 0.6178275890625 0.2726546921875 0.6143288578125 0.2810517328125 0.5885951984375 0.3927250671875 0.570547309375 0.47763371250000003 0.572330103125 0.4833373484375 0.6231901890625 0.49769778750000004 0.657578190625 0.5050071828125
4 0.6886101484375 0.5121357 0.740658765625 0.5302985625 0.7463900984375 0.5315167953125 0.750932903125 0.5289326046875 0.76112338125 0.5044752046875 0.8113186062500001 0.350522846875 0.8170036921875001 0.3237766234375 0.8155180312500001 0.3190235921875 0.7933146125 0.310754315625 0.7523263109375 0.29645105781250003 0.7267741328125 0.2910197734375 0.72394434375 0.294234315625 0.7136262140625 0.3239892734375 0.6725650078125 0.46080298593749996 0.6646239375 0.4981627890625 0.6664067296875 0.5038664265625 0.6886101484375 0.5121357
0 0.8773669765625 0.61846085625 0.8830701109374999 0.5916297234375001 0.902841721875 0.4272171078125 0.9055180734375 0.39583783906250003 0.9040026984375 0.3909897484375 0.8149759859374999 0.3720665359375 0.810933284375 0.374881271875 0.8031654734375 0.411425953125 0.782730375 0.5507779890625 0.7800540234375 0.58215725625 0.7834919593749999 0.5988620828125 0.8018744890624999 0.60631920625 0.87447138125 0.6217501515625 0.8773669765625 0.61846085625
32 0.6394173359375 0.7553122046875 0.6412001296875001 0.7610158421875 0.66769105 0.777296040625 0.709848503125 0.800189825 0.7260568843749999 0.8036350234375 0.734684259375 0.7862111984375 0.789118578125 0.652240025 0.8150195578125 0.586749575 0.8164633890624999 0.5799568828125 0.811581621875 0.5700447484375 0.7528684453125 0.5362661125 0.73939893125 0.5301195203125 0.722825821875 0.526596796875 0.72170706875 0.5278676625000001 0.7183527921875 0.5342542765625 0.6958060890625 0.5933581140624999 0.65334504375 0.70857551875 0.6430269140625 0.7383304765625 0.6394173359375 0.7553122046875
14 0.31686186875 0 0.298727234375 0.065054690625 0.294395740625 0.08543276718750001 0.29617853437499997 0.0911364015625 0.374506759375 0.1077855796875 0.3790495640625 0.10520138906250001 0.3829981046875 0.10071598749999999 0.388518128125 0.084140334375 0.4046520765625 0.02420589375 0.40979719687499994 0 0.31686186875 0
47 0.20148247812500003 0 0.189249984375 0.0667218828125 0.18958894531249998 0.0792182109375 0.2621858375 0.09464915625 0.27054953125000003 0.0928771203125 0.27449807187499997 0.0883917171875 0.28080383593749997 0.065770940625 0.29478388125 0 0.20148247812500003 0