55 1 0.36854342500000004 0.9830810859374999 0.36450435625 0.950231278125 0.35901625625 0.9210458859375 0.3564628640625 0.9185473265624999 0.3592505015625 0.9157291390625 0.391462525 0.910459825 0.511076496875 0.91195158125 0.5164352375 0.9164753609374999 0.5207521875000001 0.9627180515625 0.5300261265625 0.9936221671875 0.5353440015625 0.9977405218750001 0.5330901953125 0.9988268515625001 0.53187818125 1 0.5184690359374999 1 0.36854342500000004
55 0.9808150796874999 0.140537934375 0.9782369921875 0.136391209375 0.9762913 0.1362209828125 0.94253361875 0.1411099109375 0.892756459375 0.14982554374999998 0.8862222390625 0.15504226875 0.8828663546875 0.19340021406250002 0.878635928125 0.32242875 0.8805168234374999 0.32782153593749996 0.8979168734374999 0.3293438421875 0.9662406125 0.318329653125 0.9736179578125 0.3124398015625 0.9758876390625 0.28649723125 0.9799401359375001 0.1953577828125 0.9813989640624999 0.1562737015625 0.9808150796874999 0.140537934375
55 0.9539845734375 0.7676692593750001 0.92136173125 0.7595869015625001 0.91163326875 0.7587357703125 0.9105469375 0.7599477875 0.90701246875 0.777937359375 0.897252840625 0.8894904125 0.899830928125 0.8936371375000001 0.9501985578125 0.9095458359374999 0.9659586687499999 0.9109246656250001 0.97751134375 0.778876984375 0.9749332578125 0.774730259375 0.9539845734375 0.7676692593750001
55 0.9751709265624999 0.5703273249999999 0.9596053843749999 0.568965515625 0.9563463921875 0.5726015624999999 0.9545306484375 0.5933556203125 0.95038113125 0.70801360625 0.95164591875 0.7159666031249999 0.9542240062499999 0.720113328125 0.973453965625 0.724409846875 0.9812367375 0.72509075 0.9823230671875001 0.723878734375 0.9950332796874999 0.578600340625 0.9905094999999999 0.574283390625 0.9751709265624999 0.5703273249999999
55 0.9453597265625 0.572686 0.8673050468750001 0.5684712140625 0.8599277015625001 0.574361065625 0.8424413109375 0.6913159296875 0.840404271875 0.7145993859375 0.8416073796875001 0.7165345234375 0.9148951390625 0.722946371875 0.92355344375 0.7210897609375 0.926180040625 0.713477215625 0.930168446875 0.690299128125 0.946802971875 0.589804009375 0.9479378125 0.5768327249999999 0.9453597265625 0.572686
55 0.7888255984375 0.8559544062500001 0.7860565875 0.8876043421875 0.787947184375 0.8906452734375 0.8198565421874999 0.89343698125 0.8449429875 0.8935404703125001 0.8626811906249999 0.8924782468749999 0.86811284375 0.88641816875 0.8860718390625 0.7663023640625 0.8866733046874999 0.759427584375 0.8847827078125 0.7563866515625 0.8408100562499999 0.7525395421875001 0.8063842843750001 0.75161896875 0.8031252921875 0.755255015625 0.8004986953125 0.7628675609375 0.7888255984375 0.8559544062500001
55 0.746330115625 0.71421130625 0.7468457328125 0.7150406499999999 0.75051015 0.7179753609375 0.7993794375000001 0.7196367546875 0.8249004109375001 0.7192554375 0.8301050953125 0.7157896171875 0.8405785546875 0.6408966140625 0.8468560453125 0.5870722500000001 0.8480816734375001 0.5730632609375 0.8458473312500001 0.5694694328125001 0.7853038875 0.5667866828125 0.7656199906250001 0.567678678125 0.7601883390624999 0.57373875625 0.7519135296874999 0.650392584375 0.746330115625 0.71421130625
55 0.7831285203125 0.4728803703125 0.7798488328125 0.5103673843750001 0.782083175 0.5139612125 0.8544307234374999 0.5385896015625 0.8661048796875 0.5396109578125 0.867191209375 0.5383989421875001 0.8695908390625 0.5333806546875001 0.8744871171874999 0.49982553906250005 0.8851388578125 0.41841285 0.88845713125 0.3804848125 0.8842952546875 0.37651321875 0.8652922625 0.3696224421875 0.8061106265625 0.35137415 0.8028516359375001 0.355010196875 0.8002250390625001 0.3626227421875 0.7831285203125 0.4728803703125
55 0.7660533484375 0.7509659953125001 0.7641076546875001 0.7507957703125 0.6965922921875001 0.7605736265624999 0.688582553125 0.7624869796875 0.6853235625 0.766123025 0.684188721875 0.779094309375 0.6861032515625001 0.8916687171875 0.6881722359375 0.8976007812500001 0.7018699125000001 0.8987991734375 0.75963415 0.8915665531249999 0.7656981968750001 0.8894829734374999 0.7689571875000001 0.8858469281250001 0.76983213125 0.8310270781250001 0.768631434375 0.7551127203125 0.7660533484375 0.7509659953125001
55 0.725882465625 0.5647249171875 0.6527569921875 0.5713978390625 0.6470658984375001 0.5759414375 0.6430777437499999 0.6215262390625 0.6420409828125 0.7050871890625 0.642851834375 0.7182286999999999 0.6447424328125 0.72126963125 0.652330628125 0.7219335124999999 0.714437040625 0.717956309375 0.7224467796875 0.71604295625 0.7278784328125 0.709982878125 0.7329358218750001 0.5849478625 0.731492575 0.567829853125 0.725882465625 0.5647249171875
55 0.6924464765625 0.3395999453125 0.686706684375 0.339097778125 0.683882225 0.34224901874999997 0.6788559984375 0.3548798515625 0.642695646875 0.48247221093750003 0.6424163015625 0.4856651421875 0.6480021578125 0.4946497109375 0.71360475625 0.5291444515625 0.7227625078125001 0.5320369421875 0.7254864765625 0.5322752578125 0.7283109359375 0.5291240171875 0.76038105625 0.40906642499999996 0.766769090625 0.38087005 0.762472278125 0.37395884218750003 0.719310121875 0.3518838421875 0.6924464765625 0.3395999453125
55 0.7920891140624999 0.10154516875 0.7709134609375 0.097078425 0.75534791875 0.09571661718749999 0.7518619609375 0.1019469203125 0.7486227265625 0.13224865937500002 0.736207571875 0.27415451874999996 0.7366550984375 0.27576214062500004 0.7392331859375 0.279908865625 0.8103159453125001 0.29658425781250003 0.82782718125 0.29811629375000004 0.8310861718749999 0.29448024687499996 0.8422076078125 0.1673616515625 0.8443473406249999 0.1204947984375 0.8428555843750001 0.115136059375 0.8305490328125 0.11013820468749999 0.7920891140624999 0.10154516875
55 0.5981281828125 0.2568459109375 0.5958811984375 0.2825290546875 0.599834265625 0.28888736718749997 0.6704630890625001 0.31075127187499996 0.68602863125 0.3121130796875 0.6871149625 0.31090106562500003 0.689514590625 0.30588277812500003 0.6937299640625 0.28011043281250003 0.711257721875 0.1649237171875 0.713639265625 0.137702546875 0.707753475 0.1310257671875 0.633233265625 0.108821409375 0.6273961875 0.10831073124999999 0.624137196875 0.1119467765625 0.6206027265625 0.1299363484375 0.5981281828125 0.2568459109375
55 0.6611084468749999 0.3896633296875 0.6568116359375 0.3827521203125 0.5905281328124999 0.35604015312500004 0.5788539765625 0.355018796875 0.5753680171875 0.3612491015625 0.5725144515625 0.37145590156249997 0.543882428125 0.48246883125 0.5416297703125 0.5082168328125001 0.541887578125 0.50863150625 0.5474976890625001 0.5117364390625 0.615499915625 0.541212890625 0.6232826874999999 0.5418937953125 0.626541678125 0.5382577484375 0.6611084468749999 0.3896633296875
55 0.5291828046875 0.560847909375 0.5165406828125 0.7053480249999999 0.5175719171875001 0.7070067171875001 0.5994855828125 0.714173234375 0.6015496109375 0.711870403125 0.61186019375 0.5716102984375 0.6092821078124999 0.5674635734375 0.6017263046875 0.5641884109374999 0.5316813640625 0.5580602734375 0.5291828046875 0.560847909375
55 0.585925959375 0.8776761125 0.5927131140624999 0.87225745 0.5985496640625 0.8257140265625 0.6058353390625 0.7424383765625 0.6034291234375 0.7385681 0.5294927984375 0.732099509375 0.5231693609375 0.737147953125 0.5118533796875 0.8664901953124999 0.5149470843749999 0.8714662656250001 0.585925959375 0.8776761125
55 0.45087416718749995 0.3219941609375 0.4482475703125 0.32960670625 0.4113781921875 0.45970087499999995 0.4102433515625 0.4726721609375 0.41282143906249996 0.4768188859375 0.41843155000000004 0.4799238203125 0.467657753125 0.49991524062500003 0.47405423906250005 0.5024354453125001 0.4942033859375 0.5041982671875 0.5043175093750001 0.473060240625 0.53421496875 0.355426678125 0.52991815625 0.3485154703125 0.524308046875 0.34541053437499997 0.4560788515625 0.318528340625 0.45087416718749995 0.3219941609375
55 0.462012478125 0.1095262140625 0.453479184375 0.26980908124999997 0.457775996875 0.2767202890625 0.49279846562499996 0.2797843578125 0.541667753125 0.2814457515625 0.5444922125 0.2782945109375 0.5576109671875 0.1283464578125 0.5584148812499999 0.10123000156249999 0.5558367953125 0.097083278125 0.513031553125 0.0933383046875 0.46805365156249995 0.0920173625 0.46305653125 0.0975926328125 0.462012478125 0.1095262140625
55 0.4308308875 0.5174755140625 0.3958084171875 0.5144114453124999 0.392549425 0.5180474921875 0.3833407546875 0.6008934890625001 0.3781204890625 0.660561403125 0.380698575 0.6647081265625 0.3843629921875 0.6676428359375 0.4444525 0.6755141 0.45807235 0.6767056828125 0.461331340625 0.6730696359375 0.47089692968749997 0.6085536625 0.4787437921875 0.54127320625 0.4796516640625 0.530896178125 0.4753548515625 0.5239849703125 0.4308308875 0.5174755140625
55 0.3756501828125 0.7246524875 0.3542475609375 0.72278 0.35316123125 0.723992015625 0.3507616015625 0.7290103046875 0.3438063234375 0.7793770203125 0.3369518875 0.857723584375 0.3383268671875 0.8599351703125 0.39900337656249996 0.872301784375 0.407564425 0.8730507796874999 0.41180925625000003 0.8715922734375001 0.4150682484375 0.867956228125 0.4328376140625 0.7544898234375 0.4341994234375 0.73892428125 0.42967564375 0.7346073296875 0.3756501828125 0.7246524875
55 0.32656107031250003 0.4958053390625 0.28158316875 0.494484396875 0.26773634999999996 0.49588707187500003 0.2628699375 0.5033297984375 0.25052514375 0.6444314390625 0.32280763437500004 0.6507553374999999 0.33068118750000003 0.6503985390625 0.335885871875 0.64693271875 0.346553371875 0.5250026375 0.3466503921875 0.5014840984375 0.34018091875 0.496996921875 0.32656107031250003 0.4958053390625
55 0.39085286875 0.4679694828125 0.41514021718749994 0.347230984375 0.415821121875 0.33944821406250003 0.41324303437500004 0.3353014890625 0.386457271875 0.32772980937499996 0.35188873906249996 0.3194772265625 0.3324318109375 0.317774965625 0.32917281875 0.3214110125 0.319477284375 0.365002703125 0.302609028125 0.44351881562499995 0.2997389125 0.476324375 0.30840435781250003 0.48036202812499995 0.3410271984375 0.488444384375 0.37948711875 0.4970374203125 0.383605471875 0.494783615625 0.3875453671875 0.4833647984375 0.39085286875 0.4679694828125
55 0.4175533984375 0.1056365484375 0.40198785625 0.104274740625 0.3312620125 0.1059293734375 0.328763453125 0.10871700937499999 0.3133977140625 0.284348209375 0.31451488437499997 0.286145125 0.3553744125 0.2897198703125 0.37202630625 0.2898696625 0.40555701875 0.28757499375 0.4088160109375 0.283938946875 0.4140362765625 0.22427103593750003 0.42013148593749994 0.10978327343750001 0.4175533984375 0.1056365484375
55 0.2157369328125 0.710400478125 0.21312974062499998 0.713309315625 0.211699840625 0.729653134375 0.2072906046875 0.818147259375 0.206966615625 0.8442600546874999 0.209544703125 0.848406778125 0.23655743437500001 0.8533842015624999 0.2832540609375 0.8574696265625 0.28845874375 0.85400380625 0.29299810625 0.802118665625 0.2976344875 0.7267149859375001 0.29614273125 0.7213562453125 0.29356464375 0.7172095203125 0.2157369328125 0.710400478125
55 0.30768737968750004 0.3081598828125 0.3001315765625 0.30488472187500004 0.248278775 0.29250584687500003 0.2249304625 0.29046313437500004 0.221444503125 0.2966934375 0.2185909375 0.3069002390625 0.1919443265625 0.41762940156250006 0.188919165625 0.4522071421875 0.1928932703125 0.45496355 0.23908733437500002 0.46619382031249995 0.274474628125 0.4692898078125 0.2750177921875 0.4686838 0.27741742187499996 0.46366551093749997 0.28380545625 0.4354691359375 0.3095845625 0.3200893796875 0.310265465625 0.31230660781249997 0.30768737968750004 0.3081598828125
55 0.311519640625 0.09740544375 0.31066027812499997 0.09602320156250001 0.2775835015625 0.093129359375 0.224595859375 0.09372176875 0.2191642078125 0.099781846875 0.20522783906250003 0.21201512656250002 0.20018914687499997 0.2696076328125 0.2002929296875 0.270662359375 0.20676240156249998 0.27514953593749997 0.2911080953125 0.274686484375 0.2943670859375 0.27105043906250004 0.3026678859375 0.1985814671875 0.311519640625 0.09740544375
55 0.1171804484375 0.0665481625 0.10633944531249999 0.0694495734375 0.1033826703125 0.10324566875 0.101795128125 0.2311983703125 0.10260598125 0.2443398828125 0.10667582499999999 0.25384534687500004 0.1942319984375 0.26150551875 0.197490990625 0.2578694734375 0.19885279843749998 0.24230393125 0.2025154515625 0.0883916359375 0.20125066249999998 0.0804386390625 0.1967268828125 0.0761216890625 0.1171804484375 0.0665481625
55 0.203951290625 0.3117626046875 0.190558409375 0.307976765625 0.127268171875 0.29485865625 0.12479066718750001 0.29464190156250003 0.11770841406250002 0.300296159375 0.11508181718749999 0.3079087046875 0.083777375 0.4349012765625 0.0817181546875 0.4584382640625 0.083093134375 0.46064984999999997 0.1463833578125 0.47376795781250003 0.168239978125 0.4756801640625 0.17128170468749998 0.472286521875 0.17390830156249998 0.4646739765625 0.189764903125 0.3954801671875 0.20584847343749998 0.32369210000000004 0.20652937656249998 0.3159093296875 0.203951290625 0.3117626046875
55 0.12789640156249998 0.5043041625 0.1228999046875 0.50763135 0.12049555625 0.5351131812500001 0.11604555000000001 0.6509647984375 0.11839667031250001 0.65770578125 0.18265970781250002 0.6682948843750001 0.196117425 0.66947228125 0.20097512812499999 0.666237515625 0.2080111390625 0.5858155484374999 0.21151267968749998 0.523383153125 0.20721586875 0.5164719468750001 0.1782574453125 0.5113242984374999 0.12789640156249998 0.5043041625
55 0.0880168734375 0.85032221875 0.1636719234375 0.8595552937500001 0.1691035765625 0.853495215625 0.172184109375 0.84069415625 0.18813773125 0.7479818078125 0.19018044375 0.7246334953125 0.181765278125 0.7199760921875 0.11366603125000001 0.7140181796875 0.1082343796875 0.72007825625 0.08725453125 0.8254214390625 0.0854387875 0.8461754953125 0.0880168734375 0.85032221875