55 0.3333333328125 0.0849609375 0.3372395828125 0.08984375 0.34765625 0.091796875 0.4596354171875 0.09765625 0.4934895828125 0.09765625 0.4973958328125 0.0947265625 0.4921875 0.0263671875 0.4895833328125 0.0146484375 0.4856770828125 0.01171875 0.3893229171875 0.00390625 0.33203125 0.001953125 0.3268229171875 0.00390625 0.3255208328125 0.0048828125 0.3255208328125 0.0087890625 0.3307291671875 0.0654296875 0.3333333328125 0.0849609375
55 0.125 0.1435546875 0.12890625 0.146484375 0.2669270828125 0.140625 0.2981770828125 0.138671875 0.3020833328125 0.1357421875 0.3020833328125 0.1298828125 0.2864583328125 0.0634765625 0.2838541671875 0.0537109375 0.2799479171875 0.046875 0.22265625 0.046875 0.11328125 0.05078125 0.10546875 0.052734375 0.1041666671875 0.0537109375 0.1041666671875 0.0673828125 0.1197916671875 0.1337890625 0.125 0.1435546875
55 0.09505208281250001 0.283203125 0.20963541718749998 0.283203125 0.26953125 0.28125 0.2734375 0.2783203125 0.2734375 0.2607421875 0.265625 0.1962890625 0.2591145828125 0.189453125 0.23046875 0.1875 0.08463541718749999 0.185546875 0.078125 0.1904296875 0.078125 0.1962890625 0.08854166718749999 0.2783203125 0.09505208281250001 0.283203125
55 0.12109375 0.421875 0.1393229171875 0.421875 0.2877604171875 0.41015625 0.296875 0.4052734375 0.296875 0.3955078125 0.2838541671875 0.3291015625 0.28125 0.3193359375 0.27734375 0.31640625 0.1315104171875 0.32421875 0.10546875 0.326171875 0.1002604171875 0.328125 0.09895833281250001 0.3291015625 0.09895833281250001 0.3369140625 0.1145833328125 0.4150390625 0.12109375 0.421875
55 0.3606770828125 0.357421875 0.3736979171875 0.357421875 0.4908854171875 0.3359375 0.5065104171875 0.33203125 0.5130208328125 0.3291015625 0.5130208328125 0.3212890625 0.5078125 0.3056640625 0.4921875 0.2646484375 0.4830729171875 0.24609375 0.4674479171875 0.24609375 0.4544270828125 0.248046875 0.3580729171875 0.263671875 0.3294270828125 0.26953125 0.3255208328125 0.2724609375 0.3255208328125 0.2783203125 0.3541666671875 0.3505859375 0.3606770828125 0.357421875
55 0.3763020828125 0.458984375 0.3919270828125 0.458984375 0.5143229171875 0.439453125 0.53125 0.4345703125 0.53125 0.4248046875 0.5208333328125 0.3876953125 0.5104166671875 0.3544921875 0.5065104171875 0.3515625 0.48828125 0.3515625 0.3528645828125 0.37109375 0.3489583328125 0.3740234375 0.3489583328125 0.3779296875 0.3723958328125 0.4521484375 0.3763020828125 0.458984375
55 0.2591145828125 0.56640625 0.2747395828125 0.564453125 0.28125 0.5595703125 0.2786458328125 0.4775390625 0.2747395828125 0.47265625 0.1002604171875 0.47265625 0.09505208281250001 0.474609375 0.09375 0.4755859375 0.09375 0.5654296875 0.1002604171875 0.5703125 0.2591145828125 0.56640625
55 0.2877604171875 0.705078125 0.2942708328125 0.7001953125 0.3020833328125 0.6298828125 0.3020833328125 0.6142578125 0.2981770828125 0.611328125 0.17578125 0.607421875 0.1236979171875 0.607421875 0.1197916671875 0.6103515625 0.1119791671875 0.6708984375 0.109375 0.6982421875 0.1158854171875 0.703125 0.20703125 0.705078125 0.2877604171875 0.705078125
55 0.3450520828125 0.703125 0.3658854171875 0.703125 0.4908854171875 0.6875 0.5013020828125 0.685546875 0.5078125 0.6806640625 0.5052083328125 0.6533203125 0.4973958328125 0.6025390625 0.4934895828125 0.59765625 0.47265625 0.59765625 0.3450520828125 0.611328125 0.3346354171875 0.61328125 0.3307291671875 0.6162109375 0.3307291671875 0.6298828125 0.3411458328125 0.7001953125 0.3450520828125 0.703125
55 0.32421875 0.81640625 0.3424479171875 0.81640625 0.4752604171875 0.796875 0.4895833328125 0.7919921875 0.4895833328125 0.7744140625 0.4817708328125 0.7197265625 0.4791666671875 0.7080078125 0.4752604171875 0.705078125 0.4674479171875 0.705078125 0.31640625 0.724609375 0.3125 0.7275390625 0.3125 0.7509765625 0.3203125 0.8095703125 0.32421875 0.81640625
55 0.1158854171875 0.8203125 0.1263020828125 0.8203125 0.26171875 0.81640625 0.2877604171875 0.814453125 0.2942708328125 0.8095703125 0.2994791671875 0.7548828125 0.2994791671875 0.7216796875 0.2981770828125 0.720703125 0.1236979171875 0.720703125 0.1171875 0.7236328125 0.1145833328125 0.7333984375 0.1067708328125 0.8115234375 0.1067708328125 0.8134765625 0.1106770828125 0.818359375 0.1158854171875 0.8203125
55 0.1158854171875 0.9296875 0.24869791718749998 0.919921875 0.2669270828125 0.91796875 0.27734375 0.9140625 0.28125 0.9111328125 0.2838541671875 0.8330078125 0.2838541671875 0.8291015625 0.2825520828125 0.828125 0.26953125 0.82421875 0.24609375 0.82421875 0.11328125 0.83203125 0.10546875 0.833984375 0.09895833281250001 0.8388671875 0.09895833281250001 0.9287109375 0.1002604171875 0.9296875 0.1158854171875 0.9296875
55 0.3307291671875 0.9208984375 0.3346354171875 0.923828125 0.3424479171875 0.923828125 0.48046875 0.90234375 0.4908854171875 0.900390625 0.4973958328125 0.8974609375 0.5 0.8935546875 0.5 0.8896484375 0.4921875 0.8173828125 0.4895833328125 0.8115234375 0.4856770828125 0.80859375 0.3346354171875 0.828125 0.3268229171875 0.830078125 0.3229166671875 0.8330078125 0.3229166671875 0.8486328125 0.328125 0.9072265625 0.3307291671875 0.9208984375
55 0.5403645828125 0.876953125 0.5481770828125 0.876953125 0.6419270828125 0.873046875 0.6783854171875 0.87109375 0.6848958328125 0.8681640625 0.6875 0.8603515625 0.6901041671875 0.8193359375 0.6901041671875 0.7861328125 0.6888020828125 0.78515625 0.68359375 0.783203125 0.56640625 0.78515625 0.54296875 0.787109375 0.5390625 0.7900390625 0.5364583328125 0.7958984375 0.5338541671875 0.8486328125 0.5338541671875 0.8740234375 0.53515625 0.875 0.5403645828125 0.876953125
55 0.6588541671875 0.7353515625 0.6614583328125 0.7197265625 0.6640625 0.6806640625 0.6640625 0.6552734375 0.66015625 0.65234375 0.65234375 0.650390625 0.5221354171875 0.6484375 0.5143229171875 0.650390625 0.5104166671875 0.6533203125 0.5078125 0.6787109375 0.5052083328125 0.7353515625 0.5091145828125 0.73828125 0.6471354171875 0.73828125 0.6588541671875 0.7353515625
55 0.6705729171875 0.607421875 0.671875 0.6064453125 0.6744791671875 0.6025390625 0.6770833328125 0.5712890625 0.6770833328125 0.5263671875 0.6731770828125 0.5234375 0.6028645828125 0.51953125 0.5299479171875 0.517578125 0.5260416671875 0.5205078125 0.5234375 0.5361328125 0.5208333328125 0.6005859375 0.5247395828125 0.60546875 0.5768229171875 0.607421875 0.6705729171875 0.607421875
55 0.69921875 0.46875 0.703125 0.4658203125 0.7057291671875 0.4619140625 0.7057291671875 0.4052734375 0.703125 0.3876953125 0.69921875 0.384765625 0.6419270828125 0.3828125 0.5559895828125 0.3828125 0.5546875 0.3837890625 0.5546875 0.4638671875 0.5611979171875 0.46875 0.69921875 0.46875
55 0.5598958328125 0.3447265625 0.5638020828125 0.34765625 0.5950520828125 0.34765625 0.7044270828125 0.33984375 0.7057291671875 0.3388671875 0.7083333328125 0.3330078125 0.6979166671875 0.2685546875 0.6953125 0.2607421875 0.69140625 0.2578125 0.6497395828125 0.2578125 0.5559895828125 0.26171875 0.5481770828125 0.263671875 0.546875 0.2646484375 0.546875 0.2744140625 0.5572916671875 0.3369140625 0.5598958328125 0.3447265625
55 0.5481770828125 0.234375 0.5559895828125 0.236328125 0.68359375 0.240234375 0.6953125 0.2373046875 0.6953125 0.2099609375 0.6927083328125 0.1669921875 0.6888020828125 0.15625 0.66796875 0.154296875 0.5455729171875 0.1484375 0.5416666671875 0.1513671875 0.5416666671875 0.1865234375 0.5442708328125 0.2275390625 0.5481770828125 0.234375
55 0.54296875 0.13671875 0.55078125 0.138671875 0.6731770828125 0.146484375 0.6861979171875 0.146484375 0.6901041671875 0.1435546875 0.6901041671875 0.0830078125 0.6875 0.0654296875 0.68359375 0.0625 0.6731770828125 0.060546875 0.5611979171875 0.05078125 0.5403645828125 0.05078125 0.5364583328125 0.0537109375 0.5364583328125 0.0673828125 0.5390625 0.1318359375 0.54296875 0.13671875
55 0.53515625 0 0.5338541671875 0.0009765625 0.5338541671875 0.0244140625 0.5364583328125 0.0322265625 0.5403645828125 0.03515625 0.5559895828125 0.037109375 0.6549479171875 0.04296875 0.68359375 0.04296875 0.6848958328125 0.0419921875 0.6848958328125 0.0263671875 0.6822916671875 0.0048828125 0.6783854171875 0 0.53515625 0
55 0.72265625 0 0.7213541671875 0.0009765625 0.7213541671875 0.0048828125 0.734375 0.0634765625 0.73828125 0.07421875 0.7434895828125 0.076171875 0.77734375 0.076171875 0.8684895828125001 0.07421875 0.8697916671874999 0.0732421875 0.8697916671874999 0.0576171875 0.8645833328125001 0.0244140625 0.859375 0.0068359375 0.85546875 0 0.72265625 0
55 0.7265625 0.1787109375 0.7278645828125 0.1796875 0.74609375 0.181640625 0.8346354171874999 0.185546875 0.8606770828125001 0.185546875 0.8619791671874999 0.1845703125 0.8645833328125001 0.1806640625 0.8619791671874999 0.1279296875 0.859375 0.1103515625 0.8528645828125001 0.10546875 0.7513020828125 0.09765625 0.7252604171875 0.09765625 0.7213541671875 0.1005859375 0.7213541671875 0.1123046875 0.7239583328125 0.1572265625 0.7265625 0.1787109375
55 0.74609375 0.294921875 0.76953125 0.294921875 0.7903645828125 0.29296875 0.87109375 0.28515625 0.8776041671874999 0.2822265625 0.8802083328125001 0.2783203125 0.8723958328125001 0.2373046875 0.8645833328125001 0.2060546875 0.86328125 0.205078125 0.85546875 0.203125 0.7356770828125 0.212890625 0.73046875 0.21484375 0.7291666671875 0.2158203125 0.7291666671875 0.2275390625 0.7421875 0.2861328125 0.74609375 0.294921875
55 0.80859375 0.458984375 0.86328125 0.458984375 0.8671875 0.4560546875 0.8697916671874999 0.4501953125 0.8697916671874999 0.4111328125 0.8671875 0.3818359375 0.86328125 0.37890625 0.8450520828125001 0.376953125 0.7825520828125 0.375 0.7330729171875 0.375 0.7291666671875 0.3779296875 0.7291666671875 0.4541015625 0.7330729171875 0.45703125 0.80859375 0.458984375
55 0.74609375 0.630859375 0.8216145828125001 0.634765625 0.8658854171874999 0.634765625 0.8697916671874999 0.6318359375 0.8776041671874999 0.5673828125 0.8776041671874999 0.5576171875 0.8736979171874999 0.5546875 0.7721354171875 0.546875 0.7408854171875 0.546875 0.7369791671875 0.5537109375 0.7317708328125 0.6064453125 0.7317708328125 0.6279296875 0.7330729171875 0.62890625 0.74609375 0.630859375
55 0.83203125 0.765625 0.8658854171874999 0.763671875 0.8697916671874999 0.7607421875 0.8723958328125001 0.6962890625 0.8697916671874999 0.6826171875 0.8684895828125001 0.681640625 0.8138020828125001 0.681640625 0.7356770828125 0.68359375 0.7317708328125 0.6865234375 0.7291666671875 0.7646484375 0.7330729171875 0.767578125 0.77734375 0.767578125 0.83203125 0.765625
55 0.7513020828125 0.88671875 0.8658854171874999 0.875 0.87890625 0.873046875 0.8854166671874999 0.8681640625 0.8854166671874999 0.8193359375 0.8828125 0.7939453125 0.87890625 0.791015625 0.8658854171874999 0.791015625 0.8111979171874999 0.794921875 0.7486979171875 0.80078125 0.7447916671875 0.8037109375 0.7447916671875 0.8701171875 0.7473958328125 0.8837890625 0.7513020828125 0.88671875