37 0.22052585468750002 0.20289124374999998 0.22728289375 0.20742663593750002 0.3431402578125 0.228736084375 0.361548878125 0.231682940625 0.3667500734375 0.23141035625 0.37049764218750003 0.22828024687499998 0.375012596875 0.1751065046875 0.37418121875 0.15924285 0.3706675578125 0.156884446875 0.2519029421875 0.1298599453125 0.23609491875000002 0.1267767984375 0.230893721875 0.12704938125 0.227146153125 0.130179490625 0.22052585468750002 0.20289124374999998
37 0.5333197375000001 0.8297627953125 0.5426773781249999 0.8341618953125 0.6422156218749999 0.8426359546875 0.650017415625 0.8422270796875001 0.6523908765625 0.8402446781249999 0.64854234375 0.7668103000000001 0.6472800765625 0.7651162265625 0.6432258515625 0.762394990625 0.549093240625 0.7575492453125 0.53088905625 0.7585032859374999 0.529639865625 0.7595466562500001 0.5333197375000001 0.8297627953125
38 0.6077996875 0 0.60691226875 0.0023163359375 0.6035191484375 0.0271373125 0.6040711296875 0.0376697296875 0.6284424453125 0.036392484375 0.69780840625 0.0200444328125 0.7039521359375 0.012877134374999998 0.7055419640625 0.0034059484374999996 0.705363465625 0 0.6077996875 0
36 0.10234758749999999 0.0477307625 0.107651003125 0.049408628125 0.1969328171875 0.063700878125 0.2134466125 0.06283542656249999 0.2139462875 0.062418078125 0.21497962343750002 0.0473042203125 0.21363033593749997 0.021558304687499998 0.2101416328125 0.014700240625 0.077511146875 0.021651109374999998 0.0762619578125 0.022694479687499998 0.0765686140625 0.028545825000000004 0.0955905484375 0.043195370312499995 0.10234758749999999 0.0477307625
46 0.5992456328125 0.194387053125 0.6065934203125 0.235073884375 0.6110565203125 0.24559691250000001 0.6163599343749999 0.24727477812499998 0.6659757296875 0.248586134375 0.6688466078124999 0.24863125937500002 0.7094159328125 0.2465051109375 0.710374396875 0.244890234375 0.7097815296875 0.23357764531249997 0.7035761984375 0.1947867359375 0.6991131 0.1842637078125 0.6938096859375 0.1825858421875 0.6022776703125 0.1776038046875 0.5985301015625 0.1807339140625 0.5992456328125 0.194387053125
46 0.19053978124999998 0.8199546953124999 0.1881436203125 0.823991884375 0.1951396203125 0.9077248703125 0.2008155328125 0.9115345984375001 0.2062767890625 0.9112483875 0.2456979484375 0.9021415125000001 0.340897878125 0.8775942421874999 0.35677783281250003 0.872098165625 0.3540776875 0.820576325 0.350754653125 0.7920001359375 0.3465982109375 0.787328453125 0.33619581875 0.7878736187500001 0.2845927390625 0.79840124375 0.2123893140625 0.813920096875 0.19053978124999998 0.8199546953124999
50 0.622949453125 0.343155059375 0.6596644765625 0.34709832343749997 0.6997296125 0.3502792734375 0.7205343937500001 0.349188940625 0.7173329046875 0.2881009 0.7112104687499999 0.2857227515625 0.6193717984375 0.27488936875 0.61562423125 0.278019478125 0.618895228125 0.34043382499999997 0.622949453125 0.343155059375
50 0.21149256875 0.692316 0.1880871890625 0.6935426234375 0.186838 0.69458599375 0.1911311828125 0.7765048218749999 0.20038660468749997 0.778953475 0.3148782859375 0.7866438578125 0.350896565625 0.78475621875 0.353083775 0.781707884375 0.348995028125 0.7036899515624999 0.346087775 0.6979748984375 0.33423175625 0.6956625375 0.31332475625 0.694802421875 0.21149256875 0.692316
41 0.3156171015625 0.67551539375 0.33312779375 0.674597696875 0.3363756859375 0.671884934375 0.3382607546875 0.6580955046875 0.33871476093749997 0.6169997984375 0.33718148124999997 0.587743075 0.33583007187499997 0.5868359953125 0.327926059375 0.585294421875 0.1867152609375 0.58526290625 0.1787834375 0.5856785953125 0.1780339234375 0.5863046171875 0.17614885625 0.600094046875 0.17702369375 0.6665455812500001 0.18367851562499998 0.669130525 0.1993843203125 0.6702632234375 0.3156171015625 0.67551539375
41 0.623983325 0.4176170578125 0.6271268765625 0.437792690625 0.6311811015625 0.44051392500000003 0.7224064609374999 0.4396446171875 0.7282467734375 0.436639528125 0.725133875 0.37724187656249997 0.7215316234375 0.373193084375 0.708426415625 0.37192409375 0.64840823125 0.3711579015625 0.622402253125 0.37252081718749996 0.6216527390625 0.3731468390625 0.623983325 0.4176170578125
1 0.6328431578125 0.5443778765625 0.6332485796875 0.5446500000000001 0.7312911140625 0.5395118078125 0.73353965625 0.5376337421875 0.73011533125 0.47229372343750003 0.7267368109375 0.47002602812500005 0.71633441875 0.47057119375 0.63071913125 0.4789697125 0.62707378125 0.4840502703125 0.629935903125 0.538662821875 0.6328431578125 0.5443778765625
1 0.27427940156249997 0.5634627765625 0.320136609375 0.561059503125 0.323325428125 0.5547315968750001 0.323713725 0.5397493203125 0.32035073125 0.47557958593749994 0.3177830546875 0.4738561375 0.1643477875 0.4818973390625 0.16060021875 0.4850274484375 0.1592833328125 0.5594170671875001 0.1660403734375 0.563952459375 0.27427940156249997 0.5634627765625
33 0.1439875828125 0.384489571875 0.14480533281250002 0.400093159375 0.14822367812499998 0.415560453125 0.1611815359375 0.4637764953125 0.164506690625 0.46751384218750003 0.2033206125 0.46547969062499994 0.3053613828125 0.45328664218750003 0.31566155625 0.45079102656250003 0.3189094484375 0.44807826562499997 0.3186947890625 0.44398231718750003 0.3122657734375 0.4108749828125 0.3025218265625 0.3742253390625 0.2957647859375 0.369689946875 0.1555369453125 0.3809505875 0.145236771875 0.383446203125 0.1439875828125 0.384489571875
33 0.6423019546875001 0.56314684375 0.6385543859375 0.5662769546875001 0.6391676984375 0.57797964375 0.6471287968749999 0.630369165625 0.6509127390625 0.632908984375 0.6715874937499999 0.6318254671875 0.7133929296875 0.62591850625 0.7469962640625 0.6202458203125001 0.75024415625 0.6175330578125 0.74979439375 0.608951071875 0.7459966421875001 0.5762925875 0.7422716390625 0.554973946875 0.74092023125 0.55406686875 0.7356168171874999 0.5523890031249999 0.6889082765625 0.5567927 0.6423019546875001 0.56314684375
29 0.7636851015625 0.739653225 0.7654339671875 0.73819250625 0.765960721875 0.7084366546875 0.765245190625 0.6947835234374999 0.7618563140625 0.669926815625 0.757802090625 0.66720558125 0.689982109375 0.6668482640625 0.6613755359375 0.668347471875 0.660626021875 0.66897349375 0.664040125 0.7341184671875001 0.6675537874999999 0.7364768703125 0.68065899375 0.7377458609375 0.74548091875 0.740607265625 0.7636851015625 0.739653225
29 0.12296401562499999 0.261984471875 0.12342604374999999 0.2708004953125 0.1391472 0.3319365015625 0.1422588921875 0.3415524515625 0.146313115625 0.3442736859375 0.14790414062499999 0.3447770453125 0.25348840781250004 0.33924360937500003 0.297147784375 0.33636877656249997 0.300395678125 0.3336560140625 0.2998355203125 0.3229675609375 0.2842124921875 0.263703984375 0.27995383125 0.257081853125 0.2746504171875 0.2554039875 0.23033803593750002 0.255770496875 0.1262119078125 0.259271709375 0.12296401562499999 0.261984471875
25 0.6667864890625 0.8014498203124999 0.6715336781250001 0.84227294375 0.6747770578125001 0.8444499328124999 0.681798671875 0.8440819453125 0.6962904671875 0.8419533984375001 0.7657910765625 0.8246203890625001 0.7734614453125 0.82170379375 0.770730746875 0.7695989703125 0.76866380625 0.75503874375 0.76460958125 0.752317509375 0.7594083875 0.7525900921875001 0.67170359375 0.77087714375 0.665457646875 0.77609399375 0.6667864890625 0.8014498203124999
25 0.3729435734375 0.8521517624999999 0.3795983953125 0.85473670625 0.4939903390625 0.86957100625 0.51096515 0.86868139375 0.5127559046875 0.86281791875 0.5086927125 0.7852875984375001 0.5036544703125 0.7836936265625 0.46433884843750006 0.7798866546875 0.3753052125 0.7728178765625 0.37155764375 0.7759479875 0.3706947625 0.8092419 0.3729435734375 0.8521517624999999
21 0.368246625 0.7625286625000001 0.3717602875 0.7648870671875 0.478282575 0.7573486640625 0.5015857359375 0.7541715921875001 0.5028349249999999 0.7531282218750001 0.5052310859375 0.749091034375 0.5072442546875 0.697939003125 0.506109628125 0.6762890328125 0.5025959656250001 0.673930628125 0.37766505625 0.678522175 0.371419109375 0.6837390250000001 0.369636259375 0.6994789031249999 0.3667951203125 0.7348323 0.368246625 0.7625286625000001
21 0.48987317968750005 0.24705834843750002 0.573728184375 0.22995095937499999 0.5810581781249999 0.22551549999999998 0.5773856078125 0.155438678125 0.569843875 0.1558339234375 0.5466429328125 0.16096144375000002 0.4668421515625 0.18079006875 0.46309458281250004 0.183920178125 0.4664677984375 0.24828497343749997 0.48987317968750005 0.24705834843750002
17 0.6040276140625 0.35529480156250004 0.6095240484375 0.35070397343750004 0.6091969484375 0.344462528125 0.6040045109375 0.29016769375 0.5998480671875 0.2854960109375 0.5710370546875 0.283094321875 0.5014727234375 0.2793079734375 0.489509975 0.2799349140625 0.48626208125000003 0.2826476765625 0.4881020171875 0.3177557453125 0.49233811406249994 0.3488266265625 0.49909515468750004 0.35336201875 0.5983063 0.35559464375 0.6040276140625 0.35529480156250004
17 0.342502946875 0.5698619390624999 0.3444859890625 0.607700634375 0.34787486562500003 0.6325573421875 0.35129321406249997 0.6480246375000001 0.3521040578125 0.648568884375 0.377173821875 0.6472550328125 0.46655982968750004 0.6331826453125 0.482061196875 0.6304144484374999 0.48780746875 0.6256149468750001 0.48747014687499995 0.619178471875 0.4799371703125 0.565006284375 0.47682547968750005 0.555390334375 0.4727712546875 0.5526690984375 0.459768265625 0.5533505562500001 0.345750840625 0.567149178125 0.342502946875 0.5698619390624999
13 0.34513453906249997 0.5305101328124999 0.34562956875 0.53995586875 0.35462055000000003 0.542334559375 0.442163878125 0.546841103125 0.4778700859375 0.5449698203125 0.4810050859375 0.5406005406250001 0.482992371875 0.5287615578125 0.4878661984375 0.47745961562500006 0.48745732343750003 0.46965781875 0.48367338125000003 0.467118 0.4705681734375 0.465849009375 0.40794939062499996 0.465219109375 0.355835215625 0.4659944921875 0.3520876484375 0.4691246015625 0.34513453906249997 0.5305101328124999
13 0.6058133921875 0.44907987031249996 0.6090612859375 0.446367109375 0.612013671875 0.4031846625 0.6106848296875 0.377828834375 0.60717116875 0.37547043125 0.5962486578124999 0.3760428546875 0.5028111328125 0.3844601578125 0.49771215468749996 0.3866831890625 0.4939645875 0.38981330000000003 0.49473720625000006 0.4543143859375 0.49554805156250004 0.45485863281250005 0.6058133921875 0.44907987031249996
9 0.320371040625 0.4535757125 0.3270258625 0.4561606546875 0.365971240625 0.4553908875 0.45506771874999996 0.4507215390625 0.45820272187500005 0.44635225937499995 0.4609053125 0.41084315 0.458843903125 0.3715091015625 0.45816819999999997 0.3710555625 0.3645466796875 0.3759620578125 0.3282405296875 0.3798205875 0.3244929609375 0.3829506984375 0.31985994687499997 0.44382347031249997 0.320371040625 0.4535757125
9 0.496450234375 0.5367595953125 0.5067052750000001 0.5831614796875 0.5102189375 0.585519884375 0.5147266390625 0.5852836453125 0.570266590625 0.576896665625 0.6193712921875 0.56845578125 0.6175569125 0.5338353265625 0.6120460703124999 0.5033202 0.6078896281249999 0.49864851562499996 0.58188365 0.50001143125 0.49897117812499997 0.51022410625 0.495223609375 0.5133542156249999 0.496450234375 0.5367595953125
5 0.3219579390625 0.3345795796875 0.3260121640625 0.33730081562500003 0.3683383203125 0.33635386875 0.45181750625 0.33197890937499996 0.4546906421875 0.32957915937500004 0.456882365625 0.32164107343750004 0.461855475 0.2796973484375 0.46043080156249994 0.25251296875 0.4597550984375 0.2520594296875 0.3947401546875 0.25546671875000004 0.3350286234375 0.26055187343749997 0.3288848953125 0.26771917031250003 0.3215490640625 0.3267777859375 0.3219579390625 0.3345795796875
5 0.5142977890625 0.6235421156250001 0.515172625 0.68999365 0.5179776609375 0.6937582546875001 0.5193290687500001 0.6946653328125 0.596775540625 0.6983319671875 0.6342891640625 0.6963659609375 0.635413434375 0.6954269281250001 0.6359696593749999 0.6562816703125 0.6343341609375 0.625074496875 0.62757711875 0.6205391046875001 0.5180453578125 0.62041200625 0.5142977890625 0.6235421156250001
6 0.2825140234375 0.05608646874999999 0.3849921859375 0.0480997953125 0.3891789796875 0.04374110625 0.3971822625 0.006896090624999999 0.2871911859375 0.0104666640625 0.2725553890625 0.011233693749999999 0.25553383125 0.057500440625 0.2825140234375 0.05608646874999999
44 0.4994295390625 0 0.4422542546875 0.0025947156249999997 0.42539802499999996 0.031875640625 0.42543198281250005 0.0325236015625 0.525374909375 0.0464879578125 0.528857553125 0.046305439062499995 0.558329353125 0 0.4994295390625 0