37 0.3763020828125 0.224609375 0.3815104171875 0.224609375 0.3854166671875 0.2216796875 0.3932291671875 0.1650390625 0.3932291671875 0.1533203125 0.3893229171875 0.150390625 0.2721354171875 0.1171875 0.2565104171875 0.11328125 0.2513020828125 0.11328125 0.24739583281250002 0.1162109375 0.23697916718749998 0.1884765625 0.24348958281250002 0.193359375 0.3580729171875 0.220703125 0.3763020828125 0.224609375
37 0.52734375 0.849609375 0.6263020828125 0.8359375 0.6354166671875 0.8310546875 0.6354166671875 0.7607421875 0.6341145828125 0.759765625 0.6158854171875 0.759765625 0.5221354171875 0.76953125 0.5182291671875 0.7724609375 0.515625 0.7763671875 0.515625 0.8466796875 0.51953125 0.849609375 0.52734375 0.849609375
38 0.62890625 0 0.6276041671875 0.0009765625 0.6276041671875 0.0126953125 0.6302083328125 0.0244140625 0.63671875 0.03125 0.7122395828125 0.044921875 0.73046875 0.044921875 0.7317708328125 0.0439453125 0.7317708328125 0.0361328125 0.7265625 0.0087890625 0.72265625 0 0.62890625 0
36 0.1028645828125 0 0.1015625 0.0009765625 0.1015625 0.0068359375 0.1197916671875 0.0224609375 0.1263020828125 0.02734375 0.1315104171875 0.029296875 0.22265625 0.048828125 0.23567708281250002 0.048828125 0.23697916718749998 0.0478515625 0.23958333281250002 0.0263671875 0.23958333281250002 0.0087890625 0.23567708281250002 0 0.1028645828125 0
46 0.6236979171875 0.251953125 0.62890625 0.25390625 0.6783854171875 0.2578125 0.70703125 0.259765625 0.7200520828125 0.259765625 0.7213541671875 0.2587890625 0.7239583328125 0.2548828125 0.71875 0.2060546875 0.71484375 0.1953125 0.7096354171875 0.193359375 0.6184895828125 0.18359375 0.6145833328125 0.1865234375 0.6145833328125 0.2001953125 0.6197916671875 0.2412109375 0.6236979171875 0.251953125
46 0.22526041718749998 0.888671875 0.3216145828125 0.869140625 0.3385416671875 0.8642578125 0.3385416671875 0.8251953125 0.3359375 0.7841796875 0.33203125 0.779296875 0.3216145828125 0.779296875 0.26953125 0.787109375 0.1966145828125 0.798828125 0.1744791671875 0.8037109375 0.171875 0.8076171875 0.1744791671875 0.8916015625 0.1809895828125 0.896484375 0.22526041718749998 0.888671875
50 0.66796875 0.35546875 0.7122395828125 0.361328125 0.7278645828125 0.361328125 0.7291666671875 0.3603515625 0.7291666671875 0.2998046875 0.72265625 0.296875 0.6315104171875 0.28125 0.6276041671875 0.2841796875 0.6276041671875 0.3466796875 0.6315104171875 0.349609375 0.66796875 0.35546875
50 0.19921875 0.779296875 0.3294270828125 0.763671875 0.3385416671875 0.7607421875 0.3385416671875 0.6787109375 0.3372395828125 0.677734375 0.3138020828125 0.677734375 0.21223958281250002 0.685546875 0.19140625 0.6875 0.1796875 0.6904296875 0.1770833328125 0.6962890625 0.1770833328125 0.7744140625 0.1809895828125 0.779296875 0.19921875 0.779296875
41 0.1744791671875 0.6630859375 0.1783854171875 0.666015625 0.19140625 0.666015625 0.3111979171875 0.654296875 0.3268229171875 0.65234375 0.3333333328125 0.6494140625 0.3307291671875 0.5830078125 0.328125 0.5693359375 0.3268229171875 0.568359375 0.1783854171875 0.576171875 0.1705729171875 0.578125 0.1692708328125 0.5791015625 0.1692708328125 0.6083984375 0.171875 0.6494140625 0.1744791671875 0.6630859375
41 0.6341145828125 0.447265625 0.7252604171875 0.451171875 0.7317708328125 0.4482421875 0.7317708328125 0.3896484375 0.7278645828125 0.384765625 0.71484375 0.3828125 0.6549479171875 0.37890625 0.62890625 0.37890625 0.6276041671875 0.3798828125 0.6276041671875 0.4189453125 0.6302083328125 0.4443359375 0.6341145828125 0.447265625
1 0.7278645828125 0.5546875 0.7317708328125 0.5517578125 0.734375 0.5458984375 0.734375 0.4912109375 0.73046875 0.486328125 0.64453125 0.482421875 0.6341145828125 0.482421875 0.6302083328125 0.4853515625 0.6276041671875 0.5029296875 0.6276041671875 0.5478515625 0.6341145828125 0.552734375 0.7278645828125 0.5546875
1 0.1627604171875 0.552734375 0.1940104171875 0.552734375 0.31640625 0.546875 0.3229166671875 0.5419921875 0.3177083328125 0.4677734375 0.3138020828125 0.46484375 0.16015625 0.46484375 0.15625 0.4677734375 0.15625 0.5126953125 0.1588541671875 0.5458984375 0.1627604171875 0.552734375
33 0.1640625 0.4462890625 0.16796875 0.451171875 0.19140625 0.451171875 0.30859375 0.443359375 0.3190104171875 0.44140625 0.3229166671875 0.4384765625 0.3177083328125 0.4013671875 0.3098958328125 0.3642578125 0.3033854171875 0.359375 0.1627604171875 0.36328125 0.15234375 0.365234375 0.1510416671875 0.3662109375 0.1510416671875 0.3818359375 0.1536458328125 0.3974609375 0.1640625 0.4462890625
33 0.64453125 0.640625 0.6627604171875 0.640625 0.70703125 0.63671875 0.7408854171875 0.6328125 0.7447916671875 0.6298828125 0.7421875 0.5888671875 0.7395833328125 0.5673828125 0.73828125 0.56640625 0.7330729171875 0.564453125 0.6861979171875 0.56640625 0.6393229171875 0.5703125 0.6354166671875 0.5732421875 0.6354166671875 0.5849609375 0.640625 0.6376953125 0.64453125 0.640625
29 0.73828125 0.74609375 0.7513020828125 0.744140625 0.7552083328125 0.7412109375 0.7552083328125 0.6767578125 0.75390625 0.67578125 0.7252604171875 0.67578125 0.6575520828125 0.6796875 0.6536458328125 0.6826171875 0.6510416671875 0.7138671875 0.6536458328125 0.7509765625 0.6575520828125 0.75390625 0.73828125 0.74609375
29 0.1510416671875 0.3232421875 0.1549479171875 0.326171875 0.16015625 0.328125 0.3059895828125 0.326171875 0.3098958328125 0.3232421875 0.3098958328125 0.3154296875 0.296875 0.2529296875 0.29296875 0.24609375 0.2877604171875 0.244140625 0.24348958281250002 0.2421875 0.1393229171875 0.240234375 0.1354166671875 0.2431640625 0.1354166671875 0.2490234375 0.1484375 0.3134765625 0.1510416671875 0.3232421875
25 0.6575520828125 0.853515625 0.6783854171875 0.8515625 0.7486979171875 0.837890625 0.7578125 0.8349609375 0.7578125 0.7978515625 0.7552083328125 0.7685546875 0.7513020828125 0.765625 0.74609375 0.765625 0.6575520828125 0.779296875 0.6510416671875 0.7841796875 0.6510416671875 0.8095703125 0.6536458328125 0.8505859375 0.6575520828125 0.853515625
25 0.37109375 0.869140625 0.48828125 0.84765625 0.4947916671875 0.8447265625 0.4947916671875 0.8017578125 0.4921875 0.7685546875 0.48828125 0.765625 0.3997395828125 0.77734375 0.3606770828125 0.783203125 0.35546875 0.78515625 0.3541666671875 0.7861328125 0.3541666671875 0.8583984375 0.3580729171875 0.869140625 0.37109375 0.869140625
21 0.46484375 0.755859375 0.48828125 0.75390625 0.4895833328125 0.7529296875 0.4921875 0.7490234375 0.4973958328125 0.6923828125 0.4973958328125 0.6767578125 0.4934895828125 0.673828125 0.3684895828125 0.671875 0.3619791671875 0.6767578125 0.359375 0.6923828125 0.3541666671875 0.7314453125 0.3541666671875 0.7548828125 0.3580729171875 0.7578125 0.46484375 0.755859375
21 0.5794270828125 0.248046875 0.5950520828125 0.248046875 0.5963541671875 0.2470703125 0.5963541671875 0.1826171875 0.5924479171875 0.1796875 0.51171875 0.1640625 0.48828125 0.16015625 0.48046875 0.16015625 0.4791666671875 0.1611328125 0.4791666671875 0.2294921875 0.48828125 0.234375 0.5794270828125 0.248046875
17 0.5065104171875 0.353515625 0.6106770828125 0.361328125 0.6171875 0.3564453125 0.6145833328125 0.2958984375 0.6106770828125 0.291015625 0.58203125 0.287109375 0.5091145828125 0.279296875 0.5013020828125 0.279296875 0.4973958328125 0.2822265625 0.4973958328125 0.3173828125 0.5 0.3486328125 0.5065104171875 0.353515625
17 0.34375 0.6396484375 0.3450520828125 0.640625 0.3658854171875 0.640625 0.4596354171875 0.630859375 0.4752604171875 0.62890625 0.4817708328125 0.6240234375 0.4765625 0.5634765625 0.4739583328125 0.5537109375 0.4700520828125 0.55078125 0.45703125 0.55078125 0.3424479171875 0.55859375 0.3385416671875 0.5615234375 0.3385416671875 0.5927734375 0.3411458328125 0.6240234375 0.34375 0.6396484375
13 0.3541666671875 0.5400390625 0.3580729171875 0.544921875 0.36328125 0.546875 0.38671875 0.544921875 0.48046875 0.53515625 0.4895833328125 0.5322265625 0.4895833328125 0.5244140625 0.4791666671875 0.4619140625 0.4752604171875 0.458984375 0.4231770828125 0.4609375 0.3606770828125 0.46484375 0.34765625 0.466796875 0.34375 0.4697265625 0.34375 0.4755859375 0.3515625 0.5283203125 0.3541666671875 0.5400390625
13 0.5065104171875 0.455078125 0.6158854171875 0.455078125 0.6171875 0.4541015625 0.6145833328125 0.3896484375 0.6106770828125 0.38671875 0.60546875 0.384765625 0.5013020828125 0.380859375 0.4973958328125 0.3837890625 0.4973958328125 0.4091796875 0.5026041671875 0.4521484375 0.5065104171875 0.455078125
9 0.3346354171875 0.44921875 0.40234375 0.44921875 0.4622395828125 0.447265625 0.46875 0.4443359375 0.46875 0.4345703125 0.4609375 0.3740234375 0.45703125 0.37109375 0.4205729171875 0.369140625 0.3268229171875 0.369140625 0.3229166671875 0.3720703125 0.3229166671875 0.3837890625 0.3307291671875 0.4443359375 0.3346354171875 0.44921875
9 0.5065104171875 0.5859375 0.56640625 0.580078125 0.6158854171875 0.57421875 0.6171875 0.5732421875 0.6171875 0.5498046875 0.6119791671875 0.5087890625 0.6080729171875 0.50390625 0.58203125 0.50390625 0.4986979171875 0.509765625 0.4947916671875 0.5126953125 0.4947916671875 0.5361328125 0.5026041671875 0.5830078125 0.5065104171875 0.5859375
5 0.34375 0.3271484375 0.34765625 0.330078125 0.4075520828125 0.330078125 0.47265625 0.328125 0.4765625 0.3251953125 0.4765625 0.3173828125 0.4661458328125 0.2587890625 0.4596354171875 0.251953125 0.3997395828125 0.25 0.3346354171875 0.25 0.3307291671875 0.2529296875 0.3307291671875 0.2587890625 0.3411458328125 0.3193359375 0.34375 0.3271484375
5 0.51171875 0.705078125 0.5247395828125 0.705078125 0.5455729171875 0.703125 0.6236979171875 0.6953125 0.625 0.6943359375 0.6276041671875 0.6904296875 0.625 0.6240234375 0.62109375 0.62109375 0.51171875 0.626953125 0.5052083328125 0.6318359375 0.5052083328125 0.6630859375 0.5078125 0.7021484375 0.51171875 0.705078125
6 0.28880070468749997 0.0388558203125 0.2932098765625 0.042989417187500004 0.4232804234375 0.046296296875 0.403439153125 0 0.2788800703125 0.002480159375 0.28880070468749997 0.0388558203125
44 0.586419753125 0.028935185937500003 0.5676807765625 0 0.44973545000000004 0.00082671875 0.483906525 0.0487764546875 0.586419753125 0.028935185937500003