36 0.24811969375 0 0.2357482390625 0.1007574171875 0.23309265468749998 0.1271933328125 0.234889715625 0.1365970171875 0.23844948124999998 0.1396578234375 0.247824946875 0.143432709375 0.3092243453125 0.1562190546875 0.3973476625 0.1741232921875 0.40859135 0.17550384218749998 0.414400178125 0.173068609375 0.41697348125 0.1681371234375 0.418560321875 0.155213346875 0.431503696875 0.0177452484375 0.42745069999999996 0.01068829375 0.40288406875 0.00242444375 0.394007121875 0 0.24811969375 0
28 0.3499370703125 0.673237590625 0.1754660671875 0.6518152453125 0.17061580781250002 0.6568607156249999 0.1695843609375 0.6652611703125 0.1649888484375 0.8092640765624999 0.16565794375 0.819841125 0.1675609296875 0.8259781609375001 0.22552408750000003 0.833095140625 0.327686946875 0.8384239234375 0.34351284843749996 0.8377433765625 0.3468967515625 0.8342232828125 0.348800959375 0.8187147484375 0.3536727 0.6828793015625 0.3499370703125 0.673237590625
24 0.30609764687499996 0.9733873875000001 0.30736711875 0.9630483671875 0.31174155468750003 0.8953686671875 0.3123419328125 0.8744525968750001 0.30991013437500003 0.870218425 0.1315619984375 0.8483200265624999 0.12817809687499998 0.851840121875 0.12468704687500001 0.8802724328125 0.121264715625 0.9401978640624999 0.1253177109375 0.9472548171874999 0.1385703109375 0.9515057562499999 0.261686475 0.974493690625 0.302396375 0.9794922390625 0.30352434375000004 0.978318875 0.30609764687499996 0.9733873875000001
0 0.48836675781250005 1 0.4899758515625 0.99832614375 0.49413599531249996 0.9804708812499999 0.511728671875 0.9012955625 0.5139502484375 0.883202271875 0.5115184515625 0.8789681 0.4808187515625 0.8725749281249999 0.39390061875 0.8592789984375001 0.366760684375 0.855946634375 0.3625661828125 0.8580553390625001 0.35886491249999997 0.8641601874999999 0.34701921874999997 0.912556465625 0.3329519484375 0.9790460328125 0.334573146875 0.981868815625 0.482239803125 1 0.48836675781250005 1
32 0.5165225203125 0.677949371875 0.498758053125 0.6783918921875001 0.3899153078125 0.68339375 0.381843671875 0.6850264 0.3762038359375 0.6908932234375 0.37595518437500003 0.7249710984375 0.382011390625 0.8359110937500001 0.38548018906250003 0.8448641109375 0.4058986078125 0.8473711765624999 0.533009371875 0.832149665625 0.536393275 0.8286295718750001 0.537980115625 0.8157057921875 0.533828115625 0.6892572640625 0.5300924874999999 0.679615553125 0.5165225203125 0.677949371875
45 0.566254315625 0.48766996406249996 0.5455116624999999 0.4851230859375 0.4350236578125 0.4762795671875 0.42307488906249996 0.4774361671875 0.41775242031250004 0.4807182359375 0.4148617484375 0.48823447656249996 0.4070649796875 0.615839603125 0.40741670625 0.629001409375 0.41114546250000006 0.63549380625 0.42998832656249997 0.63780741875 0.5487562125000001 0.6397964093749999 0.5587664140624999 0.6384017828124999 0.5627850515625 0.629712178125 0.5715339265625 0.49435278125000004 0.569102128125 0.49011860937499996 0.566254315625 0.48766996406249996
49 0.446450359375 0.295071434375 0.4402747890625 0.42549934375 0.4438414234375 0.4317094640625 0.4671430109375 0.4345705390625 0.5816142937500001 0.4362943453125 0.5896859296875 0.43466169531250004 0.595325765625 0.42879486875 0.5962778703125 0.4210406015625 0.602770809375 0.2880279375 0.6003390109375 0.28379376562499997 0.5828919109374999 0.28165153125 0.4520558375 0.27345805156249997 0.44835456718750005 0.2795629 0.446450359375 0.295071434375
44 0.5004455109375 0.0380169921875 0.496251009375 0.0401256953125 0.49250028125 0.0482359953125 0.47522487812499997 0.1889328578125 0.4763983265625 0.193799640625 0.48270725781249996 0.198509865625 0.558980453125 0.21836993124999998 0.5904907546875 0.2261744953125 0.6234463859375 0.2302209375 0.6257023203125 0.2278742078125 0.642840196875 0.0882974046875 0.6404083984375 0.0840632328125 0.623596034375 0.0767514875 0.5043226453125 0.0384930453125 0.5004455109375 0.0380169921875
37 0.8733713828124999 0.547418475 0.8725607828124999 0.546007084375 0.8667450828125001 0.54529300625 0.8528577484375001 0.5462115812499999 0.7588888 0.55828715625 0.757084053125 0.5601645390625001 0.7520061625000001 0.6015206296875 0.749895346875 0.6555725296875 0.7499640640624999 0.68706565 0.7518247625 0.6930663046875 0.7682285609374999 0.6950804390624999 0.8602521453125 0.6783056734375 0.8663852125 0.6764349953125001 0.869769115625 0.6729149 0.8710385875 0.6625758796875 0.8746752125 0.5528260140625 0.8733713828124999 0.547418475
9 0.6725316484375 1 0.6726076421875 0.9997607203125 0.6745118515625 0.9842521874999999 0.6737012515624999 0.9828407968749999 0.6701414859375 0.9797799890625001 0.618752290625 0.9655990187500001 0.563485959375 0.9509419953125 0.5499159921875 0.9492758125 0.5439587875 0.9577273921874999 0.534041896875 0.9920174765625 0.5330617656250001 1 0.6725316484375 1
50 0.730871434375 0.8633969406249999 0.7194461828125001 0.9564481421875 0.72187798125 0.9606823140625 0.7293148796875 0.9642191734375001 0.7765095750000001 0.9805088468750001 0.811347171875 0.9884595796875001 0.831318625 0.990911765625 0.847820171875 0.8725089921875 0.8437671765625 0.8654520390625 0.8214564796875001 0.854841459375 0.7425756234375 0.82416631875 0.7369357859375001 0.8300331421875 0.730871434375 0.8633969406249999
46 0.7513099390625 0.696938678125 0.749251296875 0.700883865625 0.74334825 0.7489603203125 0.737028375 0.8132526796875 0.7373801015625 0.826414484375 0.7398119000000001 0.83064865625 0.755003065625 0.8351376203124999 0.8499928328124999 0.8468008984375001 0.8511208015625 0.8456275328125 0.85368723125 0.8375467359375 0.8553375453125 0.8241060078125001 0.8644159015625 0.7213212375 0.8636053031250001 0.719909846875 0.8600455374999999 0.7168490390625 0.766325240625 0.694846740625 0.754693840625 0.693418584375 0.7513099390625 0.696938678125
13 0.5802351296875 0.76645179375 0.57888156875 0.76785983125 0.5626005875 0.9004577921875001 0.5622866546874999 0.9046172046875001 0.5660222828125 0.9142589156250001 0.571520615625 0.9175577484374999 0.6503671140625 0.9324863296875 0.6910770140625 0.9374848765625 0.6944609171875 0.93396478125 0.7067695546875 0.80166619375 0.7043377578125 0.797432021875 0.6949622921875 0.793657134375 0.5899279640625 0.7676419250000001 0.5802351296875 0.76645179375
17 0.6717507609375 0.725476403125 0.7211670328124999 0.7236727890625 0.72923866875 0.7220401375 0.7326225703125 0.71852004375 0.7342094109375 0.705596265625 0.7387981406249999 0.5880921328125 0.73474514375 0.5810351796875 0.7308680109375 0.5805591265625 0.6152231031250001 0.5768546109375 0.6090900359375 0.5787252875 0.6064957109375 0.5814240265625 0.6031078062499999 0.6090162953125 0.5991788359375 0.6995114874999999 0.59921319375 0.7152580484375 0.600517025 0.7206655859375 0.6029488234375 0.7248997578124999 0.6203959234374999 0.72704199375 0.6717507609375 0.725476403125
21 0.7649875609375 0.41486238125 0.714584828125 0.408673703125 0.642540490625 0.4024514953125 0.637218021875 0.40573356250000003 0.635545375 0.408939028125 0.6298644875 0.45520615312499996 0.6245232984375 0.5091237875 0.6223360812500001 0.5429636375 0.6254974171875001 0.5484680609375 0.6500202796875 0.551479090625 0.6693549125 0.5526724093750001 0.747849684375 0.554439184375 0.753172153125 0.5511571171874999 0.768405821875 0.4270888453125 0.767419359375 0.419096553125 0.7649875609375 0.41486238125
25 0.78681375625 0.32925400625 0.7918916453125 0.287897915625 0.78752128125 0.2834257171875 0.7781458156250001 0.27965083125 0.677940725 0.24635740625000002 0.6701864578125 0.2454053015625 0.66680255625 0.2489253953125 0.663911884375 0.2564416359375 0.65848226875 0.284635921875 0.6531264343750001 0.31703722343749996 0.644679909375 0.38582864843750003 0.6501579109375 0.3924983453125 0.7645677046875 0.42228844218750006 0.770700771875 0.4204177640625 0.7718287390625 0.4192444 0.7778930921875 0.385880603125 0.78681375625 0.32925400625
29 0.7679343515625 0.0999838234375 0.7107294546875 0.085088775 0.6913437874999999 0.0827085140625 0.6902158203125001 0.083881878125 0.689443828125 0.0853613234375 0.6781137875 0.1776370984375 0.674030046875 0.21570441406250002 0.675016509375 0.2236967078125 0.6774483078125 0.2279308796875 0.6887623406250001 0.2319437921875 0.7866771375 0.2518373875 0.7983085375 0.25326554375 0.801692440625 0.24974544999999998 0.8045831109374999 0.24222920937499998 0.8159396453125 0.11768488749999999 0.8135078468750001 0.113450715625 0.8041323828125 0.1096758296875 0.7679343515625 0.0999838234375
44 0.24493101875 0.20867046875 0.2332996171875 0.20724231249999997 0.22765978125 0.2131091359375 0.22318227031250001 0.2335491546875 0.20092666874999998 0.345893021875 0.197581609375 0.3731363484375 0.1979727578125 0.374758609375 0.2023431234375 0.3792308078125 0.23466402031250003 0.3884467609375 0.35499967187500003 0.42080106875 0.3746345953125 0.423211934375 0.37959765 0.418049128125 0.4073804640625 0.271908190625 0.406076634375 0.266500653125 0.40170626875000004 0.262028453125 0.3677641734375 0.2499897171875 0.24493101875 0.20867046875
40 0.3841603328125 0.481053975 0.21085246875000002 0.4597744453125 0.20870933125 0.4620038390625 0.1966017390625 0.560612265625 0.192120065625 0.62355609375 0.193423896875 0.6289636296875 0.1955314546875 0.632633246875 0.2354659234375 0.6375365828125 0.269838596875 0.6396580375 0.36965760312499996 0.6440431 0.375297440625 0.6381762765625 0.379423225 0.604574453125 0.3878890890625 0.487546371875 0.3841603328125 0.481053975