55 0.3424479171875 0 0.3385416671875 0.0048828125 0.3229166671875 0.0556640625 0.3177083328125 0.0771484375 0.3177083328125 0.0888671875 0.3190104171875 0.08984375 0.3294270828125 0.09375 0.4778645828125 0.130859375 0.49609375 0.134765625 0.5026041671875 0.1318359375 0.5104166671875 0.1064453125 0.5234375 0.0517578125 0.5234375 0.0478515625 0.5169270828125 0.041015625 0.3606770828125 0 0.3424479171875 0
55 0.48046875 0.25390625 0.4908854171875 0.25390625 0.4947916671875 0.2509765625 0.5026041671875 0.2314453125 0.5182291671875 0.1806640625 0.5208333328125 0.1650390625 0.5143229171875 0.16015625 0.3502604171875 0.115234375 0.33984375 0.115234375 0.3333333328125 0.1279296875 0.3098958328125 0.1982421875 0.3098958328125 0.2099609375 0.31640625 0.212890625 0.48046875 0.25390625
55 0.5611979171875 0.12890625 0.6966145828125 0.142578125 0.72265625 0.142578125 0.7239583328125 0.1416015625 0.7239583328125 0.0810546875 0.7213541671875 0.0576171875 0.71484375 0.052734375 0.6158854171875 0.0390625 0.55859375 0.033203125 0.5546875 0.0361328125 0.5546875 0.0791015625 0.5572916671875 0.1259765625 0.5611979171875 0.12890625
55 0.7200520828125 0.265625 0.7213541671875 0.2646484375 0.7239583328125 0.2607421875 0.7239583328125 0.1767578125 0.7200520828125 0.173828125 0.5768229171875 0.15625 0.55859375 0.15625 0.5572916671875 0.1572265625 0.5546875 0.2470703125 0.5611979171875 0.251953125 0.69921875 0.265625 0.7200520828125 0.265625
55 0.5690104171875 0.365234375 0.5768229171875 0.3671875 0.7174479171875 0.361328125 0.7317708328125 0.3583984375 0.734375 0.3544921875 0.734375 0.3505859375 0.7265625 0.2939453125 0.7213541671875 0.2705078125 0.7174479171875 0.267578125 0.7122395828125 0.265625 0.55859375 0.267578125 0.5546875 0.2705078125 0.5546875 0.2880859375 0.5651041671875 0.3603515625 0.5690104171875 0.365234375
55 0.4622395828125 0.3671875 0.48046875 0.369140625 0.5013020828125 0.369140625 0.5052083328125 0.3642578125 0.5078125 0.3505859375 0.515625 0.2900390625 0.515625 0.2744140625 0.5091145828125 0.271484375 0.3841145828125 0.251953125 0.3450520828125 0.24609375 0.33203125 0.24609375 0.328125 0.2490234375 0.3177083328125 0.3076171875 0.3151041671875 0.3251953125 0.3151041671875 0.3447265625 0.3190104171875 0.34765625 0.4622395828125 0.3671875
55 0.3346354171875 0.486328125 0.47265625 0.484375 0.5143229171875 0.482421875 0.5182291671875 0.4794921875 0.5182291671875 0.4345703125 0.515625 0.4033203125 0.5130208328125 0.3857421875 0.5091145828125 0.3828125 0.3528645828125 0.380859375 0.3294270828125 0.380859375 0.32421875 0.3828125 0.3229166671875 0.3837890625 0.3229166671875 0.4111328125 0.328125 0.4814453125 0.3346354171875 0.486328125
55 0.5924479171875 0.4765625 0.7330729171875 0.46875 0.7513020828125 0.466796875 0.7526041671875 0.4658203125 0.7552083328125 0.4580078125 0.7473958328125 0.3974609375 0.7421875 0.3759765625 0.73828125 0.373046875 0.6940104171875 0.373046875 0.58984375 0.376953125 0.5794270828125 0.37890625 0.5755208328125 0.3818359375 0.5755208328125 0.3935546875 0.5859375 0.4716796875 0.5924479171875 0.4765625
55 0.35546875 0.603515625 0.36328125 0.60546875 0.5169270828125 0.59375 0.53515625 0.591796875 0.5416666671875 0.5869140625 0.5390625 0.5419921875 0.5338541671875 0.5009765625 0.5299479171875 0.4921875 0.51953125 0.490234375 0.3580729171875 0.498046875 0.34765625 0.5 0.34375 0.5029296875 0.34375 0.5244140625 0.3515625 0.6005859375 0.35546875 0.603515625
55 0.59765625 0.5859375 0.61328125 0.5859375 0.7356770828125 0.578125 0.75390625 0.576171875 0.7604166671875 0.5732421875 0.7604166671875 0.5517578125 0.7552083328125 0.4990234375 0.7526041671875 0.4853515625 0.74609375 0.48046875 0.7252604171875 0.48046875 0.58984375 0.486328125 0.5833333328125 0.4912109375 0.5833333328125 0.4951171875 0.59375 0.5830078125 0.59765625 0.5859375
55 0.67578125 0.697265625 0.75390625 0.6953125 0.7604166671875 0.6904296875 0.7604166671875 0.6005859375 0.7565104171875 0.59765625 0.5950520828125 0.59765625 0.5911458328125 0.6005859375 0.5911458328125 0.6943359375 0.5950520828125 0.697265625 0.67578125 0.697265625
55 0.6315104171875 0.822265625 0.7330729171875 0.818359375 0.75390625 0.81640625 0.7578125 0.8134765625 0.7604166671875 0.7802734375 0.7604166671875 0.7216796875 0.7565104171875 0.71875 0.7513020828125 0.716796875 0.59765625 0.71875 0.5911458328125 0.7216796875 0.5885416671875 0.7275390625 0.5859375 0.7802734375 0.5859375 0.8193359375 0.58984375 0.822265625 0.6315104171875 0.822265625
55 0.70703125 0.94921875 0.7486979171875 0.947265625 0.7552083328125 0.9443359375 0.7578125 0.9384765625 0.7604166671875 0.9208984375 0.765625 0.8720703125 0.765625 0.8486328125 0.76171875 0.845703125 0.73828125 0.84375 0.59765625 0.84375 0.59375 0.8486328125 0.5911458328125 0.8642578125 0.5807291671875 0.9365234375 0.5807291671875 0.9443359375 0.5846354171875 0.94921875 0.70703125 0.94921875