36 0.046875 0.08984375 0.0607638890625 0.091796875 0.237847221875 0.099609375 0.265625 0.099609375 0.2708333328125 0.0966796875 0.2708333328125 0.0810546875 0.2638888890625 0.0224609375 0.25868055624999997 0.015625 0.206597221875 0.01171875 0.06423611093750001 0.00390625 0.03993055625 0.00390625 0.034722221875 0.0068359375 0.03819444375 0.0810546875 0.0416666671875 0.0869140625 0.046875 0.08984375
49 0.34722222187499996 0.2177734375 0.35069444375000003 0.2275390625 0.35590277812500004 0.234375 0.49131944375 0.234375 0.550347221875 0.232421875 0.5555555562500001 0.2294921875 0.5555555562500001 0.2216796875 0.5416666671875 0.1630859375 0.5381944437499999 0.1533203125 0.5329861109375 0.150390625 0.33506944375000003 0.150390625 0.3333333328125 0.1513671875 0.3333333328125 0.1611328125 0.33680555624999997 0.1787109375 0.34722222187499996 0.2177734375
45 0.5399305562500001 0.353515625 0.5451388890625 0.3505859375 0.5486111109375 0.3134765625 0.5486111109375 0.2724609375 0.546875 0.271484375 0.5399305562500001 0.26953125 0.3697916671875 0.255859375 0.3454861109375 0.255859375 0.34375 0.2568359375 0.34027777812500004 0.2763671875 0.33680555624999997 0.3349609375 0.3454861109375 0.341796875 0.5225694437499999 0.353515625 0.5399305562500001 0.353515625
40 0.09201388906249999 0.34765625 0.265625 0.35546875 0.30034722187499996 0.35546875 0.3020833328125 0.3544921875 0.30555555624999997 0.3486328125 0.30555555624999997 0.2724609375 0.30034722187499996 0.26953125 0.28993055624999997 0.267578125 0.10243055625 0.255859375 0.081597221875 0.255859375 0.07638888906249999 0.2587890625 0.07291666718749999 0.2998046875 0.07291666718749999 0.3427734375 0.078125 0.345703125 0.09201388906249999 0.34765625
28 0.081597221875 0.451171875 0.26215277812500004 0.4609375 0.296875 0.4609375 0.2986111109375 0.4599609375 0.3020833328125 0.4482421875 0.30902777812500004 0.3974609375 0.30902777812500004 0.3759765625 0.3072916671875 0.375 0.30034722187499996 0.373046875 0.112847221875 0.359375 0.081597221875 0.359375 0.07638888906249999 0.3701171875 0.065972221875 0.4365234375 0.065972221875 0.4462890625 0.07118055625 0.44921875 0.081597221875 0.451171875
32 0.35590277812500004 0.451171875 0.519097221875 0.470703125 0.5295138890625 0.470703125 0.534722221875 0.4677734375 0.5381944437499999 0.4619140625 0.559027778125 0.3955078125 0.559027778125 0.3935546875 0.5538194437499999 0.388671875 0.3732638890625 0.36328125 0.359375 0.36328125 0.3541666671875 0.3662109375 0.34027777812500004 0.4033203125 0.3298611109375 0.4365234375 0.3298611109375 0.4443359375 0.33506944375000003 0.447265625 0.35590277812500004 0.451171875
0 0.3489583328125 0.556640625 0.484375 0.5625 0.5295138890625 0.5625 0.534722221875 0.5595703125 0.5451388890625 0.4912109375 0.5451388890625 0.4833984375 0.5399305562500001 0.48046875 0.5329861109375 0.478515625 0.35590277812500004 0.466796875 0.3420138890625 0.466796875 0.33680555624999997 0.4697265625 0.3333333328125 0.4833984375 0.3229166671875 0.5439453125 0.3229166671875 0.5498046875 0.328125 0.5546875 0.3489583328125 0.556640625
24 0.2760416671875 0.5625 0.28125 0.5595703125 0.28472222187499996 0.5380859375 0.28472222187499996 0.4755859375 0.2760416671875 0.47265625 0.05729166718749999 0.466796875 0.05208333281250001 0.4697265625 0.0486111109375 0.4990234375 0.0451388890625 0.5556640625 0.053819443749999994 0.560546875 0.17534722187500001 0.5625 0.2760416671875 0.5625
20 0.24479166718749998 0.66796875 0.2760416671875 0.666015625 0.27777777812500004 0.6650390625 0.28125 0.6494140625 0.28472222187499996 0.5830078125 0.28472222187499996 0.5810546875 0.2795138890625 0.576171875 0.05729166718749999 0.57421875 0.050347221875 0.576171875 0.0451388890625 0.5810546875 0.0416666671875 0.6318359375 0.0416666671875 0.6669921875 0.046875 0.669921875 0.24479166718749998 0.66796875
16 0.5260416671875 0.6640625 0.527777778125 0.6630859375 0.53125 0.6572265625 0.534722221875 0.6005859375 0.534722221875 0.5810546875 0.5295138890625 0.578125 0.4010416671875 0.57421875 0.328125 0.57421875 0.3229166671875 0.5791015625 0.31944444375000003 0.6064453125 0.31597222187499996 0.6376953125 0.31597222187499996 0.6611328125 0.32118055624999997 0.6640625 0.5260416671875 0.6640625
12 0.050347221875 0.822265625 0.06423611093750001 0.822265625 0.22048611093749998 0.806640625 0.2760416671875 0.80078125 0.28472222187499996 0.7978515625 0.28472222187499996 0.7724609375 0.27777777812500004 0.7255859375 0.27430555624999997 0.7099609375 0.27256944375000003 0.708984375 0.22048611093749998 0.7109375 0.043402778125 0.7265625 0.034722221875 0.7314453125 0.034722221875 0.7373046875 0.0451388890625 0.8154296875 0.050347221875 0.822265625
8 0.0607638890625 0.9375 0.265625 0.919921875 0.27777777812500004 0.9150390625 0.27777777812500004 0.8271484375 0.27256944375000003 0.82421875 0.2552083328125 0.82421875 0.043402778125 0.83984375 0.034722221875 0.8447265625 0.034722221875 0.9326171875 0.03993055625 0.9375 0.0607638890625 0.9375
4 0.35590277812500004 0.787109375 0.3732638890625 0.787109375 0.5329861109375 0.759765625 0.5538194437499999 0.755859375 0.5625 0.7509765625 0.5381944437499999 0.6806640625 0.534722221875 0.6728515625 0.5295138890625 0.669921875 0.5225694437499999 0.669921875 0.48090277812500004 0.67578125 0.33506944375000003 0.69921875 0.328125 0.701171875 0.3263888890625 0.7021484375 0.3263888890625 0.7138671875 0.35069444375000003 0.7822265625 0.35590277812500004 0.787109375
5 0.5920138890625 0.740234375 0.612847221875 0.740234375 0.7482638890625 0.732421875 0.7725694437499999 0.73046875 0.777777778125 0.7275390625 0.777777778125 0.7001953125 0.7743055562500001 0.6494140625 0.7725694437499999 0.6484375 0.7170138890625 0.6484375 0.612847221875 0.65234375 0.5885416671875 0.654296875 0.5833333328125 0.6572265625 0.5833333328125 0.7177734375 0.5868055562500001 0.7373046875 0.5920138890625 0.740234375
9 0.765625 0.619140625 0.7708333328125 0.6162109375 0.7881944437499999 0.5517578125 0.7881944437499999 0.5419921875 0.7829861109375 0.5390625 0.769097221875 0.537109375 0.609375 0.51953125 0.6006944437499999 0.5244140625 0.5868055562500001 0.5673828125 0.5798611109375 0.5986328125 0.5885416671875 0.603515625 0.7517361109375 0.619140625 0.765625 0.619140625
13 0.6163194437499999 0.50390625 0.796875 0.50390625 0.7986111109375 0.5029296875 0.7986111109375 0.4716796875 0.7951388890625 0.4267578125 0.7899305562500001 0.423828125 0.6961805562500001 0.421875 0.612847221875 0.421875 0.6076388890625 0.4248046875 0.6076388890625 0.4814453125 0.6111111109375 0.5009765625 0.6163194437499999 0.50390625
17 0.765625 0.3984375 0.793402778125 0.3984375 0.7951388890625 0.3974609375 0.7986111109375 0.3916015625 0.8020833328125001 0.3505859375 0.8020833328125001 0.3232421875 0.796875 0.3203125 0.637152778125 0.3046875 0.6232638890625 0.3046875 0.6180555562500001 0.3076171875 0.6145833328125 0.3232421875 0.6111111109375 0.3525390625 0.6111111109375 0.3837890625 0.6163194437499999 0.38671875 0.765625 0.3984375
21 0.6197916671875 0.29296875 0.769097221875 0.30078125 0.793402778125 0.30078125 0.7986111109375 0.2978515625 0.7986111109375 0.2548828125 0.7951388890625 0.2236328125 0.793402778125 0.22265625 0.7829861109375 0.220703125 0.6267361109375 0.2109375 0.6163194437499999 0.2109375 0.6145833328125 0.2119140625 0.6111111109375 0.2158203125 0.6111111109375 0.2783203125 0.6145833328125 0.2900390625 0.6197916671875 0.29296875
25 0.6232638890625 0.20703125 0.640625 0.208984375 0.7586805562500001 0.21875 0.7864583328125 0.220703125 0.7951388890625 0.2177734375 0.7986111109375 0.1474609375 0.793402778125 0.142578125 0.7864583328125 0.140625 0.6197916671875 0.125 0.6111111109375 0.1298828125 0.6111111109375 0.2021484375 0.6163194437499999 0.205078125 0.6232638890625 0.20703125
29 0.6180555562500001 0.1123046875 0.6267361109375 0.1171875 0.7482638890625 0.123046875 0.800347221875 0.123046875 0.8020833328125001 0.1220703125 0.8020833328125001 0.1083984375 0.7951388890625 0.0556640625 0.7916666671875 0.0498046875 0.7864583328125 0.046875 0.640625 0.037109375 0.612847221875 0.037109375 0.6111111109375 0.0380859375 0.6111111109375 0.0693359375 0.6145833328125 0.0927734375 0.6180555562500001 0.1123046875
33 0.703125 0.869140625 0.730902778125 0.865234375 0.8454861109375 0.84765625 0.8645833328125001 0.8427734375 0.8645833328125001 0.8251953125 0.8541666671874999 0.7802734375 0.8506944437499999 0.7666015625 0.8454861109375 0.763671875 0.831597221875 0.763671875 0.7170138890625 0.77734375 0.675347221875 0.783203125 0.6666666671875 0.7861328125 0.6631944437499999 0.7919921875 0.6770833328125 0.8642578125 0.6822916671875 0.869140625 0.703125 0.869140625
1 0.984375 0.736328125 0.9861111109375 0.7353515625 0.9895833328125001 0.7314453125 0.9930555562500001 0.6611328125 0.984375 0.65625 0.8211805562500001 0.65625 0.815972221875 0.6630859375 0.8125 0.7041015625 0.8125 0.7353515625 0.8177083328125001 0.73828125 0.984375 0.736328125
41 0.9635416671874999 0.650390625 0.96875 0.6474609375 0.972222221875 0.6396484375 0.9861111109375 0.5869140625 0.9861111109375 0.5751953125 0.980902778125 0.572265625 0.9670138890625 0.5703125 0.8350694437499999 0.5546875 0.8211805562500001 0.5546875 0.815972221875 0.5576171875 0.8125 0.5654296875 0.7986111109375 0.6123046875 0.7951388890625 0.6298828125 0.8038194437499999 0.634765625 0.9357638890625 0.6484375 0.9635416671874999 0.650390625
50 1 0.4599609375 0.9947916671874999 0.45703125 0.8836805562500001 0.45703125 0.8454861109375 0.458984375 0.840277778125 0.4619140625 0.840277778125 0.4697265625 0.847222221875 0.5302734375 0.855902778125 0.537109375 0.8802083328125001 0.537109375 0.9774305562500001 0.533203125 0.9947916671874999 0.53125 1 0.5283203125 1 0.4599609375
46 1 0.3837890625 0.9947916671874999 0.37890625 0.8732638890625 0.375 0.8420138890625 0.375 0.8333333328125001 0.3798828125 0.8333333328125001 0.4326171875 0.8368055562500001 0.4501953125 0.8420138890625 0.453125 0.855902778125 0.455078125 0.9739583328125001 0.45703125 0.9947916671874999 0.45703125 1 0.4541015625 1 0.3837890625
37 0.8263888890625 0.3662109375 0.8298611109375 0.3720703125 0.8350694437499999 0.375 0.8767361109375 0.373046875 0.9704861109375 0.365234375 0.987847221875 0.36328125 0.996527778125 0.3603515625 0.996527778125 0.3544921875 0.9756944437499999 0.2919921875 0.9704861109375 0.287109375 0.921875 0.2890625 0.8107638890625 0.296875 0.8055555562500001 0.2998046875 0.8055555562500001 0.3037109375 0.8125 0.3271484375 0.8263888890625 0.3662109375
44 0.35590277812500004 0.107421875 0.36284722187499996 0.109375 0.5329861109375 0.12109375 0.550347221875 0.12109375 0.5555555562500001 0.1181640625 0.5520833328125 0.0595703125 0.5486111109375 0.0419921875 0.543402778125 0.0390625 0.3767361109375 0.025390625 0.3489583328125 0.025390625 0.34375 0.0283203125 0.34722222187499996 0.0947265625 0.35069444375000003 0.1044921875 0.35590277812500004 0.107421875
44 0.053819443749999994 0.21484375 0.24826388906250002 0.232421875 0.26909722187499996 0.232421875 0.27430555624999997 0.2294921875 0.28125 0.1611328125 0.28125 0.1513671875 0.2760416671875 0.146484375 0.24826388906250002 0.142578125 0.078125 0.125 0.053819443749999994 0.125 0.0486111109375 0.1279296875 0.0451388890625 0.1513671875 0.0416666671875 0.1826171875 0.0416666671875 0.2099609375 0.046875 0.212890625 0.053819443749999994 0.21484375