26 0.8097355640625 0.161162296875 0.80937225 0.1559666515625 0.8068789093750001 0.14830942656249999 0.8036838718749999 0.14461705625000001 0.78773361875 0.14051135312500002 0.712787375 0.132699478125 0.6872769421875 0.1318728140625 0.683561865625 0.1347431234375 0.681587140625 0.1401022625 0.690452025 0.2668760265625 0.6930080546874999 0.2698299234375 0.7029315484375 0.2717465296875 0.8110000375 0.277242275 0.8136501015625001 0.273141175 0.815053496875 0.2652114625 0.8097355640625 0.161162296875
26 0.3055360546875 0.049968865625 0.30042399531249997 0.0440610734375 0.2980859515625 0.044224565625000004 0.25771022656250003 0.0520079109375 0.140131425 0.0785035015625 0.130571246875 0.081782540625 0.1265961484375 0.0879341890625 0.1305926140625 0.14508629687500002 0.13518748125 0.18979656250000002 0.140224025 0.2338233109375 0.142899021875 0.244078359375 0.1458810578125 0.24752457187500002 0.15523322343749998 0.2468706046875 0.19425826875000002 0.23657118281249997 0.3056286546875 0.20528867499999998 0.31324046562499996 0.20214587812499998 0.31960560781249997 0.1951744703125 0.317062403125 0.15880494843749998 0.3055360546875 0.049968865625
22 0.3060469984375 0.2574699359375 0.30196860625 0.2551446 0.2922267703125 0.255825815625 0.1526709546875 0.27602661093749997 0.1333689390625 0.279986865625 0.1296538625 0.2828571765625 0.1293005203125 0.28340398906250003 0.1308498 0.30555970781249997 0.15294521249999998 0.4339442421875 0.155438553125 0.44160146874999995 0.16012460625 0.4470169453125 0.1820681046875 0.44548250625 0.3288183078125 0.415119684375 0.33253338593750004 0.41224937656250005 0.33518345 0.408148275 0.3344568203125 0.397756984375 0.31155371718749997 0.26622171093749997 0.3060469984375 0.2574699359375
22 0.8302842328125 0.446622178125 0.8215646734375 0.321926671875 0.8204996609374999 0.3206958828125 0.8144729015625 0.3185067875 0.802782696875 0.319324246875 0.699882546875 0.331740778125 0.6989991921875001 0.33310781093749997 0.6983651703125 0.3352405671875 0.7075933703125 0.4672099765625 0.7095103921875 0.4694253984375 0.74068426875 0.467245509375 0.769728121875 0.46260404062499993 0.8219707234375001 0.453729828125 0.8276341671875 0.450723278125 0.8302842328125 0.446622178125
18 0.8424196609375001 0.6817651171875 0.7773969109375 0.675869846875 0.741962984375 0.673126578125 0.73027278125 0.6739440359375 0.727622715625 0.6780451359375 0.726400978125 0.6885726703125 0.7251471781250001 0.782639271875 0.72732706875 0.8138131484375 0.7324704734374999 0.8173692750000001 0.7953631984375 0.8208029640625 0.8395284359374999 0.8224135765625 0.8490754468749999 0.8217459843749999 0.8520475078124999 0.8194497374999999 0.8537892843750001 0.8023595234374999 0.85467976875 0.703097275 0.853589825 0.6875103359375 0.8503947875 0.6838179671875 0.8424196609375001 0.6817651171875
18 0.32649095 0.48263399375000005 0.32116588749999997 0.47648004374999997 0.14581283125 0.4887419234375 0.1413960578125 0.4955770890625 0.14321263281250002 0.5215553203125001 0.158322265625 0.6536355671875 0.1623693125 0.6583125671875 0.2102991671875 0.6549609859375 0.2414003609375 0.65174196875 0.32481683906250003 0.64068786875 0.338273753125 0.6371363437500001 0.342690528125 0.6303011781250001 0.329165946875 0.49288904375 0.32649095 0.48263399375000005
14 0.3182654078125 0.6729944031249999 0.3152833734375 0.669548190625 0.16019333281249998 0.68039314375 0.1340538703125 0.684570465625 0.13140380625 0.688671565625 0.1300004109375 0.696601278125 0.1564867984375 0.851380715625 0.1615988578125 0.8572885078124999 0.19842300625 0.8547135125 0.2647120125 0.8451181343749999 0.3286448171875 0.8354264656250001 0.338204996875 0.8321474265625 0.34262177031249996 0.8253122625 0.320577090625 0.67805380625 0.3182654078125 0.6729944031249999
14 0.7151038187500001 0.910604703125 0.7181511234375 0.9541831859375 0.7233142046875 0.9818200359375 0.7238467109375 0.9824354312500001 0.8132280671875 0.9761852781250001 0.8430479640625 0.9721421734375 0.848711409375 0.9691356203125 0.8513614734375 0.9650345218749999 0.8438315890625001 0.9133505468750001 0.8400915796874999 0.9018647078124999 0.7151038187500001 0.910604703125
2 0.710264240625 0.9799915265625 0.708447665625 0.9540132968749999 0.70000949375 0.88934020625 0.6962694843749999 0.8778543671874999 0.555987040625 0.887663871875 0.5539553234375 0.8908080484375 0.554781865625 0.9026281421875 0.565721746875 0.9848778703125 0.5692800984375 0.9937658859375 0.573358490625 0.9960912234375 0.602584 0.9940475765624999 0.7076141765624999 0.984092625 0.710264240625 0.9799915265625
2 0.5137271578125 1 0.54167935625 0.9980453921875 0.5439760796875001 0.9944911046874999 0.5416145328125 0.96071940625 0.538021275 0.9317327828125 0.5342563328125001 0.9058907953125 0.5310612953125 0.9021984265625 0.3732435453125 0.9132341187499999 0.370946821875 0.9167884046875001 0.37299955156250003 0.9461438046874999 0.3799399390625 0.9949974218750001 0.38262541875 1 0.5137271578125 1
10 0.34028423750000003 1 0.34058292031250004 0.9977495328125 0.34193645 0.9611075234375 0.340483190625 0.9403249390624999 0.337288153125 0.9366325703125 0.294242415625 0.9370320953125001 0.1594417578125 0.9412372234375 0.1532582734375 0.9508064546874999 0.1512478921875 1 0.34028423750000003 1
47 0.49590559375 0.25385267499999997 0.49271055781250006 0.2501603046875 0.4751752515625 0.25138649218750003 0.378301859375 0.26599211718750004 0.3531547421875 0.2703611015625 0.3435945640625 0.27364014062500003 0.34182785312499997 0.2763742078125 0.344062240625 0.3083274296875 0.3590425796875 0.3965598828125 0.364937546875 0.42486345 0.369052271875 0.427708353125 0.3854964796875 0.42655846249999996 0.47438449687500006 0.40807333593750006 0.5167036046875 0.39728251718749996 0.5191720125 0.3905835953125 0.5189903546875 0.387985771875 0.49858059218750006 0.2641077234375 0.49590559375 0.25385267499999997
51 0.4233892734375 0.4823845171875 0.3959304734375 0.481694096875 0.3725500671875 0.48332901406250006 0.36990000156249997 0.48743011249999996 0.369818075 0.5422568828125 0.37227935156249997 0.6334531765625 0.3776044140625 0.6396071265625001 0.38168280625 0.6419324640624999 0.4879646609375 0.6386773531250001 0.5277113296875 0.6358979953125 0.5299403765624999 0.6341758109375 0.5325904421875001 0.6300747109375 0.5301291640625 0.5388784171875 0.526677671875 0.48951977968750005 0.5215342671875 0.48596365312499995 0.4233892734375 0.4823845171875
42 0.3547828671875 0.7080324250000001 0.3564480609375 0.7318458015625 0.369190803125 0.8440775265625 0.372229115625 0.859528221875 0.3775541765625 0.8656821718750001 0.44964376718750004 0.8606411765624999 0.531293534375 0.8523211421875001 0.53359738125 0.846068815625 0.532122928125 0.8249831515625001 0.5216906203125 0.72899266875 0.517925678125 0.7031506828125 0.5126006171874999 0.6969967328125 0.410922203125 0.6988857281249999 0.3583162859375 0.7025642921874999 0.3547828671875 0.7080324250000001
42 0.7032054343749999 0.6844515046875 0.6814100796875 0.6807545312500001 0.573159934375 0.6726609640625 0.5674964890624999 0.6756675171875 0.5652097406250001 0.6849642625000001 0.5640877328125 0.7529163921875 0.563680246875 0.7834880359375 0.5665867671875 0.8250532046875 0.5682907875 0.8270224687500001 0.5801626484375 0.8288028328125 0.6910512765625 0.8312297953125001 0.700111190625 0.8305962656249999 0.703454759375 0.8280129859375001 0.7061048249999999 0.8239118875000001 0.7071449046875 0.8107865296875 0.708217046875 0.714122103125 0.706400471875 0.688143875 0.7032054343749999 0.6844515046875
51 0.6861696921875 0.6214238234375 0.6776816546875 0.5280384375 0.673008425 0.48920733437499997 0.6698133875 0.4855149640625 0.62110420625 0.4889210421875 0.5628348453124999 0.495606159375 0.5357393609375001 0.5001113875 0.5317642640625 0.5062630343750001 0.5329904515624999 0.5237983390625 0.5446655093749999 0.6417608640625 0.5480422046875 0.6480510578125 0.5772677140625 0.6460074109375 0.6566058 0.6326279734375 0.67980455 0.6283952328125 0.6861696921875 0.6214238234375
47 0.607103578125 0.30690220625000003 0.5445741671875 0.3086641625 0.5399757359375 0.31290150625 0.538993359375 0.31845230468749997 0.5418817125000001 0.359757690625 0.54960358125 0.45058612656249997 0.55279861875 0.45427849687500005 0.576360684375 0.4552414015625 0.6310420999999999 0.45324507187499996 0.683453209375 0.44958013125 0.68741761875 0.44747554375 0.6898860265625 0.440776621875 0.6790364421875 0.31361953593749997 0.6758414046875 0.309927165625 0.660072809375 0.3084192890625 0.607103578125 0.30690220625000003
38 0.5566237796875 0.1169921375 0.540855184375 0.115484259375 0.531113346875 0.116165475 0.5284632828125 0.120266575 0.532408275 0.22428121875 0.5343429265624999 0.2519480328125 0.5359611046875 0.255489615625 0.5412861671875 0.261643565625 0.6579761093750001 0.271235384375 0.6713920171875001 0.27029725312499997 0.6753851265625 0.26140329218749997 0.670793825 0.1677454203125 0.6687955921875 0.1391693671875 0.6664839109375 0.1341099640625 0.6574437718749999 0.1308263234375 0.5566237796875 0.1169921375