43 0.8767240718749999 0.505970190625 0.729432065625 0.48975669999999993 0.7001108140625 0.6415812328125 0.8503908250000001 0.6579713968750001 0.8570767578125 0.6578546937499999 0.8769276984375001 0.517636003125 0.8767240718749999 0.505970190625
52 0.5417441640625 0.47895575937499996 0.5416153421875001 0.4789580078125 0.5034092421875 0.6267868609375 0.6403649828125 0.64601003125 0.6450293015625 0.645928615625 0.67809970625 0.4969964921875 0.678059246875 0.49467855156249996 0.5417441640625 0.47895575937499996
48 0.47087956249999996 0.6222752875 0.45337352500000005 0.48768563125000003 0.3222783765625 0.4932812859375 0.33134820625 0.637339296875 0.4430309171875 0.63538986875 0.47109418437499995 0.6345709875 0.47087956249999996 0.6222752875
39 0.2799275109375 0.6052020890625001 0.25731358125 0.4785832265625 0.12849482343750002 0.488273375 0.13863077968749998 0.6313267640625 0.15283766875 0.6310787828125 0.2801092265625 0.615612553125 0.2799275109375 0.6052020890625001
39 0.2569521921875 0.36329730625 0.2554828484375 0.320646346875 0.123285575 0.326261240625 0.1289128109375 0.4611579484375 0.1479100875 0.46082634999999994 0.2584746828125 0.45052080625 0.2569521921875 0.36329730625
48 0.381695221875 0.1684262390625 0.25521353750000003 0.15663383749999998 0.2335786265625 0.27763545624999997 0.23362471093749998 0.28027566875 0.3623537765625 0.2945005890625 0.38174664375 0.1713722203125 0.381695221875 0.1684262390625
52 0.5642728625 0.153375796875 0.4376057359375 0.1490389484375 0.43541918593749995 0.276411325 0.5365661390625001 0.2805784140625 0.562331953125 0.2801286703125 0.5647990203125001 0.1835193125 0.5642728625 0.153375796875
43 0.9044551500000001 0.1608046359375 0.7767673765625001 0.172128734375 0.7867042 0.299289496875 0.9198578953125001 0.291229259375 0.9196651906250001 0.28018926875 0.9044551500000001 0.1608046359375
19 0.9025454843749999 0.46328152031250003 0.9013347734374999 0.3939199828125 0.899556321875 0.323375625 0.766155925 0.3232236 0.7601924734375001 0.4550403125 0.760347203125 0.46390475000000003 0.8248001671875 0.46463857031250005 0.9025454843749999 0.46328152031250003
23 0.6644060031250001 0.4287183296875 0.6436890421875 0.3114578609375 0.5148847125 0.3219746046875 0.533501653125 0.45878403749999996 0.5722832484375 0.45810710312499997 0.664781459375 0.4502282390625 0.6644060031250001 0.4287183296875
27 0.47550206875 0.439452471875 0.4597558046875 0.319743190625 0.33092261875 0.328606746875 0.34090993593749996 0.4621457390625 0.3660582953125 0.46170677343750005 0.47577592187500006 0.45514148906249996 0.47550206875 0.439452471875
27 0.50401510625 0.8195545281250001 0.49439248906250005 0.6852885343749999 0.3533493578125 0.6894041421875 0.3605449234375 0.850924775 0.46987064375000004 0.8490164859375 0.5045119375 0.8480179718749999 0.50401510625 0.8195545281250001
23 0.707712903125 0.8505973375 0.707707496875 0.8502875875000001 0.6828692937499999 0.688137990625 0.5332524265624999 0.7039754421875 0.5332592875 0.7043684921875 0.5535043953125001 0.8678722484374999 0.571899059375 0.86755116875 0.707712903125 0.8505973375
19 0.7595123828125 0.6997237734375 0.750353546875 0.865998971875 0.9067954593750001 0.8632682671874999 0.9050217234375 0.6988375875 0.7595123828125 0.6997237734375
3 1 0.5851657859375 0.9987812 0.5153408015625 0.957166084375 0.5136049375 0.95769514375 0.6683398421875 0.95773631875 0.67069873125 0.9853897359375001 0.6728050999999999 1 0.6725500765625 1 0.5851657859375
15 1 0.8116321515625 0.9936544453125 0.70049865625 0.9595462859375001 0.7044014 0.9602445265625 0.8685862625 0.9969306828125 0.867945903125 1 0.8676558375000001 1 0.8116321515625
15 0.995865209375 0.3482838109375 0.9951368171875 0.3065541875 0.9711614515625 0.3045242765625 0.9349832515625 0.441526809375 0.9349843296874999 0.4415885828125 0.9936618703125 0.45231465000000004 0.9968967203125001 0.4522581859375 0.995865209375 0.3482838109375
3 0.9737773781250001 0.15690736562500002 0.97719840625 0.2900772671875 0.977299615625 0.29007550000000004 0.99117625 0.16918269218749998 0.9909699796875 0.1573654109375 0.9737773781250001 0.15690736562500002