46 0.08958406875 0.3228755640625 0.0884305671875 0.3240238375 0.088026325 0.33985920625 0.1009344015625 0.412993234375 0.10806101718750001 0.41692245312500004 0.1843548015625 0.4133990265625 0.2096272703125 0.4098472125 0.20170364687500003 0.3534677125 0.197967828125 0.33624185156249997 0.19294260624999998 0.3191972265625 0.183237165625 0.31563043749999997 0.1050570078125 0.320700984375 0.08958406875 0.3228755640625
50 0.260134559375 0.3828284484375 0.2646823515625 0.38712009687500004 0.27011181875 0.3883293546875 0.35263415781249996 0.376731596875 0.3678352734375 0.3726229 0.368412025 0.3720487625 0.3650368953125 0.3480334765625 0.357035565625 0.323846553125 0.34359082500000004 0.2843173796875 0.339043034375 0.28002573124999997 0.2410477578125 0.29379806875000003 0.23758725625000002 0.29724288906249996 0.260134559375 0.3828284484375
41 0.3940465421875 0.271901028125 0.3974478140625 0.3148140390625 0.403971553125 0.3612328546875 0.40709402031249997 0.364738659375 0.474143421875 0.3553154796875 0.49592750625 0.3512677671875 0.5137074453125 0.346796640625 0.5154708015625 0.34063185625000003 0.5108498234375001 0.3077518828125 0.5053471593750001 0.2779542609375 0.49950646875000004 0.2551072828125 0.4952305 0.2527497515625 0.45654815312499997 0.25818620000000003 0.40524351249999996 0.2673689171875 0.3940465421875 0.271901028125
41 0.783695671875 0.595035825 0.7855984296875 0.608574646875 0.8245735390625001 0.7174915828125 0.828783296875 0.72873385625 0.831905765625 0.7322396609374999 0.8347564109375 0.7338113484375001 0.9082528671875 0.7234820953125001 0.969736890625 0.7118826 0.9727359890624999 0.7088970890625 0.9707914125 0.6950607078125 0.9211887624999999 0.5816293906250001 0.9144001828125001 0.570749546875 0.9075453906250001 0.5687544453125 0.894651275 0.5705665953125 0.7871561734375 0.5915910046875 0.783695671875 0.595035825
50 1 0.5500410703124999 0.9926319140625001 0.5510765875 0.9593790359375 0.55772229375 0.9582255359375 0.55887056875 0.9561903578125 0.5631012328125 0.9972006468749999 0.667787503125 1 0.6740911140625 1 0.5500410703124999
21 1 0.4762636171875 0.99008023125 0.40568079375000005 0.9872295843750001 0.40410910624999996 0.9534330625 0.40688657812500006 0.9199083625 0.41159816875 0.9164478609375 0.41504298906250003 0.9188942640625 0.43245004531250003 0.9407655015625 0.53193685625 0.947892115625 0.5358660734375 1 0.5321313859375 1 0.4762636171875
21 0.2043776265625 0.426758021875 0.1914835109375 0.428570171875 0.1247059328125 0.43992746718750003 0.1017683484375 0.4451234546875 0.09857966875 0.4505023921875 0.0973599578125 0.460535409375 0.09248809531249999 0.5381405640625 0.094662675 0.553613503125 0.09722825625 0.555028021875 0.1658249515625 0.545387384375 0.2018197453125 0.5395397187500001 0.20670556874999998 0.536880740625 0.20989424687499997 0.5315018031250001 0.21001270781249998 0.43878613906249997 0.2086535953125 0.42911555312500005 0.2043776265625 0.426758021875
17 0.7546768984375001 0.45217634687499997 0.7535233984375 0.4533246203125 0.7497248640625 0.46372006718750003 0.7357644015625 0.570215015625 0.7373953359375001 0.58181971875 0.7388206578125 0.5826055625000001 0.7442501265625 0.5838148203125 0.76773135625 0.5824870671875 0.8164920234374999 0.5785926828125 0.8674237796875 0.5714346906250001 0.86973078125 0.5691381437499999 0.8794814859375 0.451400921875 0.87866601875 0.4455985703125 0.8715394062499999 0.4416693515625 0.7778863078125 0.448914478125 0.7546768984375001 0.45217634687499997
17 0.39256483124999997 0.49300905000000006 0.395498415625 0.48806042656250004 0.3877549640625 0.451674628125 0.3738990015625 0.3905077328125 0.3696230328125 0.3881502015625 0.3641935625 0.3869409453125 0.27782947343750003 0.3955284515625 0.2674282203125 0.3969902515625 0.2621941390625 0.40028986875 0.27632890625 0.5008639703125 0.2808766984375 0.50515561875 0.3017791046875 0.5041902968749999 0.37420360937499997 0.49558955156250006 0.39256483124999997 0.49300905000000006
29 0.9463001343749999 0.259767853125 0.9520676359375001 0.2540264859375 0.9545070578124999 0.2339604515625 0.9570423046875 0.1818307640625 0.9540522578124999 0.1605554703125 0.9504889515625001 0.1585908609375 0.8625371421875 0.1689793609375 0.8590766421874999 0.1724241828125 0.8723959421874999 0.26719593124999996 0.8738212640624999 0.26798177500000003 0.9463001343749999 0.259767853125
29 0.3087489921875 0.8325880953125001 0.412664415625 0.8310010437500001 0.42504276562500004 0.8292613796875001 0.427580465625 0.826735178125 0.42961564531249996 0.8225045124999999 0.4213145890625 0.7073043015625 0.41805271875 0.68409489375 0.4166273953125 0.68330905 0.4111979265625 0.6820997921874999 0.387444875 0.681493428125 0.30168111406250003 0.6825017484375 0.2939446453125 0.6835890390625 0.2895158078125 0.686381021875 0.2880242734375 0.694479921875 0.2888606828125 0.8127015406250001 0.29130708437499997 0.8301085968749999 0.2927324078125 0.830894440625 0.3087489921875 0.8325880953125001
33 0.5869458046875 0.7907288359375 0.6033858015625 0.7884183453125 0.6079998046874999 0.78382525 0.6124039765625 0.6486283546875 0.6121140328125 0.6465652921875 0.6090591703125 0.6416693640625 0.60220438125 0.6396742625 0.49864949375 0.6406189484375 0.4840238828125 0.64267444375 0.4807940828125 0.645889609375 0.47686312812500004 0.6740545421874999 0.467620515625 0.77482415625 0.46970448749999993 0.789652384375 0.4736953921875 0.791852746875 0.5869458046875 0.7907288359375
1 0.6621661953125 0.6172437109375 0.649272078125 0.6190558609375 0.64323275625 0.6228631109375 0.635928453125 0.7580073890625 0.637287565625 0.767677975 0.644414178125 0.77160719375 0.7379041843749999 0.763201596875 0.775555 0.7579101203125 0.779938303125 0.7535466796875 0.780335565625 0.7002382218750001 0.7785582484375 0.6314568265625 0.7755682015625001 0.6101815359375 0.7712922328125 0.6078240046875 0.6621661953125 0.6172437109375
1 0.5714859765625 0.33502760625 0.5719135734374999 0.33526335937499996 0.6831253203125 0.3196335671875 0.6841937890625001 0.31741246875 0.6716084078125 0.22786283749999997 0.6676175046874999 0.22566247499999997 0.6106115734374999 0.231701815625 0.56677158125 0.237863125 0.56331108125 0.2413079453125 0.5648671015625 0.287931859375 0.5714859765625 0.33502760625
33 0.6944355203125 0.21252493125 0.6869708734375 0.21554633750000002 0.6835103734375 0.21899115937500002 0.6840540171875 0.22285939375 0.7109435000000001 0.301917740625 0.7143377890625 0.30735766249999996 0.7186137578125 0.30971519375 0.8235300375 0.2890532140625 0.8265291375 0.2860677046875 0.8245448328125 0.27194864375 0.817211909375 0.25345325937499996 0.7975222328125 0.20691247499999998 0.7938561203125001 0.1995384359375 0.7893083296875 0.1952467875 0.760941275 0.1992335171875 0.6944355203125 0.21252493125
13 0.43395249218750004 0.45948130468750004 0.43639889531250003 0.4768883609375 0.4406748625 0.4792458921875 0.4486831546875 0.48009271875000004 0.5145964796875 0.474280765625 0.552956475 0.46888961875 0.5535332234375 0.46831548281249996 0.5550596078125001 0.465142484375 0.540551084375 0.36190897187500004 0.537157665625 0.3611531859375 0.4383469203125 0.369123171875 0.43576809843750003 0.3694856015625 0.43230759687500003 0.3729304234375 0.43027241875 0.3771610875 0.43395249218750004 0.45948130468750004
13 0.5911544578125 0.5956666484375 0.62006515625 0.595548153125 0.70684395 0.590847003125 0.71172529375 0.5901609750000001 0.7169069343750001 0.5829240890625 0.719074534375 0.5609239374999999 0.7245248906249999 0.4921129171875 0.7203456203124999 0.4623758640625 0.716952203125 0.461620078125 0.626523328125 0.46486189375000003 0.604448603125 0.46796429531249994 0.60151501875 0.4729129171875 0.6000234859375 0.48101181718749997 0.5867390890624999 0.5736055140625 0.5855193765625 0.5836385296875 0.5868784890625001 0.5933091171875 0.5911544578125 0.5956666484375
9 0.6599372078125 0.4554323125 0.7471000328125 0.43568756249999996 0.7623011484375 0.431578865625 0.7676157531250001 0.4282284859375 0.7658135703125 0.41540528749999994 0.7436255703125 0.36418620625 0.7286892953125 0.33275593125 0.7238696828125 0.32653016562500004 0.7195261078125 0.325562759375 0.7094171203124999 0.326983484375 0.6166464015625001 0.3494886921875 0.6131859015625001 0.3529335140625 0.6150886578125 0.366472334375 0.6482230765625 0.45254229218750003 0.6547795625 0.45615717343749995 0.6599372078125 0.4554323125
9 0.45021062812499996 0.6284923203125 0.4510260953125 0.634294671875 0.458152709375 0.638223890625 0.5523111187499999 0.6330772984374999 0.5759847140625001 0.6297501921875 0.5813263640625 0.6258437609375 0.57877295625 0.5440555140625001 0.573096396875 0.5036646953125 0.5653550484375 0.5028460953125 0.47658777187499995 0.5074322453125 0.45853601250000003 0.5099692546875 0.45507551093750004 0.513414075 0.45331215468749997 0.5195788578125 0.45021062812499996 0.6284923203125
5 0.3867945828125 0.6516055640625 0.389793684375 0.6486200531249999 0.38678828906249996 0.5813918640625 0.37938792499999996 0.52873553125 0.374094190625 0.5275565046875 0.277788853125 0.529651884375 0.2636912859375 0.53163316875 0.2606921859375 0.5346186796875 0.2596258375 0.6393014781249999 0.26152859375 0.6528402984375 0.2658045625 0.6551978296875001 0.367858653125 0.6542668359375 0.3867945828125 0.6516055640625
5 0.80324306875 0.3149805 0.8380084218749999 0.41265516093750004 0.84085906875 0.4142268484375 0.9001720000000001 0.405890959375 0.9580596078125 0.3967692265625 0.9629043093749999 0.391946478125 0.9619583671875 0.3852157515625 0.9236322875 0.29214394062500004 0.9165056734375 0.288214721875 0.8368339796875001 0.3013841671875 0.806159925 0.30766744375 0.8026994234375 0.311112265625 0.80324306875 0.3149805
37 0.09725965 0.6506811046875 0.07854578281249999 0.74206554375 0.0740711828125 0.766362240625 0.0751584734375 0.774098709375 0.07658379531250001 0.7748845531249999 0.0871709109375 0.7753689515625 0.15492705 0.7709744781250001 0.199798571875 0.764668196875 0.202336271875 0.7621419953124999 0.2038278046875 0.7540430953125 0.21860373593750002 0.6533505 0.220309934375 0.6318096640624999 0.21992938281250002 0.6291018937499999 0.21622354531250002 0.6270587015625 0.1953211359375 0.6280240234375001 0.13546456093749998 0.632491678125 0.104518684375 0.6368408375 0.10105818281250001 0.6402856578125 0.09725965 0.6506811046875