36 0.8180641968750001 0 0.84290430625 0.1667288953125 0.84820455625 0.1939963171875 0.8513647765625001 0.197715115625 0.8751385468749999 0.1930939625 0.9236042937500001 0.1775714875 0.9293208390625001 0.1711544859375 0.9232173515625 0.11928272343749999 0.9067527734375 0 0.8180641968750001 0
49 0.80063145625 0.27168861875 0.7840388218750001 0.2784511125 0.7476816046875 0.29612987031250004 0.7387579328125 0.3014016671875 0.7332047171875 0.307635325 0.7601981328125 0.44650440781249995 0.7720603765625 0.49831794531250007 0.775349584375 0.5021885312500001 0.7866852765625 0.499985096875 0.838466090625 0.47656695625 0.8473897609375 0.471295159375 0.849271825 0.46562350781250006 0.8115075453125 0.27134312656250004 0.810217659375 0.26982525 0.80063145625 0.27168861875
45 0.65187841875 0.5115979015625001 0.655232121875 0.51554438125 0.6765589359375 0.5134327640625 0.733117528125 0.5024388875 0.73321163125 0.5021553046875 0.733803809375 0.494965778125 0.7153045578125 0.330190434375 0.709606790625 0.30087795625 0.7088328578125 0.2999672296875 0.688997921875 0.300285540625 0.630818171875 0.308057328125 0.6257641578124999 0.3178827546875 0.647306953125 0.4880797484375 0.65187841875 0.5115979015625001
40 0.642278996875 0.0379300671875 0.5675066140625 0.052464346875 0.5624174234375 0.056990796875000006 0.562103746875 0.057936075 0.570965103125 0.1035237953125 0.60921090625 0.2618963171875 0.613778271875 0.275157353125 0.6165192796875 0.2783828421875 0.677152021875 0.26659703125 0.6994267437499999 0.2602775828125 0.7013088078124999 0.2546059328125 0.6973336203125 0.2341553625 0.6500534890624999 0.0523363078125 0.6461486562500001 0.042483703125 0.642278996875 0.0379300671875
28 0.45847462187500004 0.0765320046875 0.45784726718749996 0.07842255625 0.4644725796875 0.1125068328125 0.50851040625 0.28788170625 0.512415240625 0.2977343140625 0.5162848984374999 0.3022879453125 0.5258711015624999 0.3004245765625 0.5890696875 0.27752838281250003 0.5986207140625 0.2703660359375 0.5926579328125 0.23969018593750002 0.5434605625 0.058243806249999995 0.540218259375 0.0517996234375 0.5389283734375 0.050281746875 0.5178387265625 0.054381159375 0.469315534375 0.070887534375 0.45847462187500004 0.0765320046875
32 0.529254553125 0.32090173437499997 0.521585590625 0.3223924296875 0.5197035265625 0.32806408125000003 0.5198442328125 0.349259996875 0.5312124671875 0.5049866953125 0.535088275 0.524925996875 0.537668046875 0.5279617515624999 0.5440823 0.5302521578125 0.609497421875 0.537610415625 0.6159840921875 0.5363495359375 0.6189602125 0.5316148140625 0.609432715625 0.3495318140625 0.6067825906250001 0.3358981015625 0.6029129328125 0.331344471875 0.5638352375 0.3247915640625 0.529254553125 0.32090173437499997
0 0.486906109375 0.327718553125 0.48303645156249997 0.3231649234375 0.47536749062499994 0.32465561875 0.4102516625 0.3479244859375 0.41006345624999996 0.3484916515625 0.431198203125 0.45722049531250003 0.44857294531249997 0.5297163578124999 0.45446537343750004 0.5497942499999999 0.4566836828125 0.55139695 0.48371678124999995 0.5461422484375 0.5234508578125 0.531079015625 0.5362090109375 0.52506186875 0.538091075 0.5193902171875 0.53544095 0.50575650625 0.49014841249999996 0.3341627359375 0.486906109375 0.327718553125
24 0.3587439703125 0.06425964375 0.35563856562499996 0.07361786875000001 0.3620199703125 0.1095181609375 0.3979291640625 0.29425494375 0.39999298125 0.296683546875 0.41902614531250004 0.2960789359375 0.48315783437500004 0.2836129984375 0.484316390625 0.27498692187499996 0.44832864531250005 0.059137953124999997 0.4444589875 0.054584323437500006 0.41503784687499995 0.0567660015625 0.3601819125 0.0639801359375 0.3587439703125 0.06425964375
20 0.3315176171875 0.06570519531249999 0.26699396875 0.0817845296875 0.252318575 0.08817434843750001 0.2516912203125 0.0900648984375 0.2557367609375 0.121113421875 0.2790373359375 0.2476379078125 0.2924867203125 0.31682899062500003 0.29297042812499996 0.3173981953125 0.377305034375 0.3010052078125 0.3791495125 0.30051403125 0.3829488171875 0.29446970625 0.3835409953125 0.2872801796875 0.33922175625 0.0695134765625 0.33343485781250004 0.0653325203125 0.3315176171875 0.06570519531249999
16 0.38544583125 0.33444118437500003 0.36627342500000004 0.338167921875 0.31133597968750004 0.352383890625 0.3065860671875 0.3566085765625 0.3465146171875 0.562023153125 0.34857843437499997 0.5644517578125 0.371585321875 0.5599796718750001 0.4015986390625 0.5506084625 0.4277774765625 0.5419826 0.43157678125 0.535938275 0.417663625 0.46436129218750005 0.3893154890625 0.3389948140625 0.38544583125 0.33444118437500003
12 0.122404615625 0.1644955453125 0.136518696875 0.3169471671875 0.1399709578125 0.334707509375 0.1472348609375 0.3382981765625 0.225912078125 0.3336165078125 0.23166380000000003 0.33249848593750003 0.2348005734375 0.32304573125 0.2163494046875 0.14623452812499999 0.20993282343750003 0.1050352578125 0.2078127234375 0.09412828749999999 0.20703879062500002 0.0932175609375 0.1910383359375 0.09279052343750001 0.14369949843750002 0.094917840625 0.11877537187500001 0.0997626 0.11755583750000001 0.10884267968750001 0.122404615625 0.1644955453125
8 0.0902747390625 0.10565628281249999 0.0039989125 0.1224266046875 0.0015246703125 0.1352877859375 0.021660634375 0.32383731718750003 0.028954367187500003 0.36136031874999996 0.033120934375 0.364370609375 0.1193967609375 0.3476002875 0.122533534375 0.3381475328125 0.097457053125 0.12725205312500001 0.09414439687500001 0.1102099140625 0.0902747390625 0.10565628281249999
4 0.2733381109375 0.3759526671875 0.27009580781250003 0.3695084859375 0.26880592187499996 0.367990609375 0.257302478125 0.37022665312499997 0.1948367765625 0.4071292296875 0.1916453609375 0.412206465625 0.1959877796875 0.4345462734375 0.2516679328125 0.5817859359375 0.2594776015625 0.6014911546875 0.264830628125 0.60779034375 0.26983599687500004 0.6068173984375 0.3303099734375 0.5718052874999999 0.3373164046875 0.5669061656250001 0.33919846875 0.5612345140625 0.33787340625 0.5544176578125 0.324171309375 0.514634546875 0.2733381109375 0.3759526671875
5 0.406506703125 0.795932728125 0.39590620468750004 0.7413978859375 0.37219578593749997 0.6398904015625 0.3656408265625 0.61640408125 0.36177116875 0.61185045 0.30233671093750003 0.6234033375 0.2838268359375 0.6305385046875001 0.28257212656249997 0.63431960625 0.29010841875 0.6730904703125 0.319427640625 0.788098709375 0.3259825984375 0.8115850281249999 0.32985225625000003 0.8161386609375001 0.356693625 0.8109212265625001 0.40587935 0.7978232796875 0.406506703125 0.795932728125
9 0.4179252125 0.5977517203125 0.4147884390625 0.6072044734375 0.42960191718749996 0.7601833734375 0.43452949375000005 0.7855335546875 0.437109265625 0.7885693078125 0.499363065625 0.7930048578125 0.5136848421875 0.7902209859375 0.515159128125 0.7857781890625 0.51442624375 0.7717718046875001 0.501204971875 0.611630065625 0.4947555421875 0.6040406796875 0.449926125 0.5986057953125 0.4179252125 0.5977517203125
13 0.517504009375 0.606427959375 0.5527175453125001 0.7875858921875001 0.5547813625 0.7900144953125 0.5736245546875 0.7897121 0.6302790125 0.7786995890624999 0.632098340625 0.7732169921875001 0.616197590625 0.691414725 0.5963920078125 0.5997598515625 0.5925223500000001 0.5952062203125 0.5500012359374999 0.6001111375 0.517504009375 0.606427959375
17 0.622487584375 0.597870875 0.6277878343750001 0.625138296875 0.667780121875 0.769464646875 0.671520790625 0.7738664890625 0.70373043125 0.76760556875 0.73042170625 0.7590569609375 0.7450971 0.7526671406250001 0.7469791640625 0.7469954890625 0.7443290390625 0.733361778125 0.698514678125 0.57955549375 0.6947740078125 0.5751536515625 0.6658236765625001 0.5807810250000001 0.6282041296875 0.591453875 0.6231149406250001 0.5959803234375001 0.622487584375 0.597870875
21 0.792544775 0.55968615 0.7612063953125 0.562240503125 0.7190271015625 0.570439328125 0.718023334375 0.573464209375 0.7281103718749999 0.6253575203125 0.7579405625 0.7450416703125 0.7618102203125 0.7495953015625 0.7739761953125 0.7507676859375 0.83532789375 0.7388421234375 0.83849984375 0.7346883484375 0.8391271984375 0.7327977984375 0.8371396046875 0.7225725140625 0.7977394953125 0.5710566359375 0.7938346609375 0.5612040265625 0.792544775 0.55968615
25 0.8115395281250001 0.5581162703125 0.81094735 0.5653058 0.812342765625 0.5827206125 0.825282625 0.700470525 0.82765073125 0.719818590625 0.8295720718749999 0.7297030296875 0.8331978234375 0.736072678125 0.895912703125 0.7270656296875 0.9031343015625 0.72566189375 0.9066803203125 0.720020521875 0.9072724984375 0.7128309921875 0.8908089234375 0.546245071875 0.8843594937500001 0.5386556875 0.8134215921875001 0.55244461875 0.8115395281250001 0.5581162703125
29 0.9763679859375 0.5227165125 0.9750781015625 0.5211986359375 0.9444022515625001 0.5271614171875 0.9220578953125 0.53504193125 0.9035480203124999 0.5421770984375 0.900411246875 0.5516298500000001 0.915523203125 0.655987778125 0.9287186171874999 0.723872296875 0.94880170625 0.7199685390624999 0.992937090625 0.7051993703125 0.9980262812499999 0.7006729218750001 0.9999083453125 0.69500126875 0.9816682359375 0.5499839359375 0.9763679859375 0.5227165125
33 0.1980064859375 0.8605140984374999 0.199325678125 0.8857255921875 0.20391039375000003 0.9093119109375 0.209234340625 0.9131583921875001 0.28282236875 0.913003171875 0.2879115578125 0.9084767203125 0.2891310921875 0.89939664375 0.2869324390625 0.8573774890625 0.278730815625 0.7455788531249999 0.2753235125 0.7280497953125 0.271969809375 0.7241033156250001 0.25788659375 0.723303603125 0.211802465625 0.72164981875 0.1945473015625 0.7250038828125 0.1933981203125 0.74468191875 0.1980064859375 0.8605140984374999
1 0.4374187671875 1 0.4074291 0.8457165359375001 0.4009796703125 0.83812715 0.33262153906249997 0.8549518375 0.3294495890625 0.8591056125 0.328822234375 0.8609961625 0.3377875125 0.9101893234375 0.355244940625 1 0.4374187671875 1
41 0.4952085265625 0.819280334375 0.446544628125 0.8145907953125 0.42952281406250004 0.8145391515625 0.4285641953125 0.8147254875 0.4254901578125 0.8239891859374999 0.4372456609375 0.95611815625 0.43961376718749995 0.9754662250000001 0.4414026015625 0.9846689796874999 0.444498328125 0.9883118828124999 0.452829821875 0.9902296156249999 0.5065652468749999 0.9937564890624999 0.5188116218750001 0.9913760359375001 0.5206309499999999 0.9858934390625 0.519898065625 0.9718870531249999 0.510059803125 0.8393854093750001 0.5074096781249999 0.8257516984375 0.5035400203125 0.8211980671875001 0.4952085265625 0.819280334375
50 0.5354542953125 0.84514928125 0.5368497109375 0.86256409375 0.5478870062500001 0.9347000875000001 0.5573990609374999 0.9836353703125 0.56457049375 0.9898211234375 0.5972287406250001 0.9872755046874999 0.6341595828125 0.9800968765625001 0.6348810406250001 0.9779227421875 0.6295104375 0.9400573640625 0.6083094375 0.8309876765625 0.6044397796875 0.826434046875 0.537336359375 0.8394776296875 0.5354542953125 0.84514928125
46 0.6935917468749999 0.842885021875 0.687628965625 0.812209171875 0.6811795359375 0.8046197875000001 0.6294140406250001 0.81468198125 0.6128214062499999 0.8214444750000001 0.6109393421875 0.8271161250000001 0.6116722265625001 0.8411225109375 0.61991575625 0.8876261968750001 0.6378040984375 0.9796537453124999 0.6399324109375 0.9821582421875 0.7093365203124999 0.9686674500000001 0.712945859375 0.9629253390624999 0.6935917468749999 0.842885021875
37 0.7510777734375 0.761939390625 0.7293959484375 0.77322833125 0.6937012609375001 0.7943155187500001 0.6886120703125 0.7988419671875 0.687608303125 0.8018668484375 0.6936373375 0.832883540625 0.696597621875 0.8450420781249999 0.7221549281249999 0.93557893125 0.727384825 0.9522483953125 0.7315544375 0.9595734890625 0.7395812875 0.958013228125 0.795045246875 0.9267163046875 0.7988445515625 0.9206719781249999 0.7876518734375 0.8733266640625 0.7587819109375 0.7657476734374999 0.7549122546875 0.7611940421875001 0.7510777734375 0.761939390625
44 0.8452018718750001 0.2742556515625 0.84375895625 0.27860391875 0.8491972328124999 0.306581428125 0.8905999390625 0.4617463578125 0.893842240625 0.4681905390625 0.8977118984375 0.4727441703125 0.9079606328125 0.4742892296875 0.9474698531250001 0.468731740625 0.9743112281249999 0.46351430625 0.975691409375 0.45935509531249996 0.970391159375 0.4320876734375 0.9251689750000001 0.271091859375 0.9212993171875 0.266538228125 0.9033816218749999 0.26648386562500004 0.8452018718750001 0.2742556515625
44 0.6955573 0 0.695516075 0.00012423125 0.694923896875 0.007313759374999999 0.7136678937500001 0.19074944375 0.7200355546874999 0.22350822187500002 0.7226153265625 0.2265439765625 0.7782134703125 0.22148475781250002 0.8015798390625 0.2169427953125 0.8044293171874999 0.21240955156250002 0.8029635484375 0.18439678125 0.7877546828125 0.014029759375 0.7850275734375 0 0.6955573 0