26 0.398677159375 0.0290775 0.3885699125 0.026557481249999997 0.2775544859375 0.0089428125 0.2412341140625 0.0039129609374999996 0.23570798750000002 0.0045480609375 0.2312090140625 0.006445715624999999 0.222539653125 0.030452126562499997 0.20725524218750002 0.080990059375 0.2084415953125 0.0843052265625 0.2482388796875 0.0942278046875 0.34109411875 0.10932754687499999 0.37488768125 0.11372739375 0.379386653125 0.1118297375 0.3880560140625 0.087823328125 0.401758621875 0.032865171875 0.398677159375 0.0290775
26 0.73833376875 0.17274187968750002 0.7368341125 0.17337443125000002 0.7264390296875 0.21506682656249998 0.7218782859374999 0.2441234640625 0.7249597484375 0.247911134375 0.7320676796875001 0.2516962578125 0.80037374375 0.27375916562499997 0.8420661390624999 0.284154246875 0.8548237375 0.23298631875 0.8573403624999999 0.21751043593750002 0.85220459375 0.21119765156249998 0.84256985 0.20678252187499999 0.7560214515625 0.1771519140625 0.73833376875 0.17274187968750002
22 0.20851648125 0.1028427359375 0.2004635421875 0.10284783125000001 0.1995637484375 0.1032273625 0.19572465625 0.11862512031250001 0.198388215625 0.1919052109375 0.2010588171875 0.195187859375 0.23188592031250002 0.20287391875 0.3554409046875 0.224017634375 0.3644476390625 0.223416425 0.3677799140625 0.21005139687500002 0.366370259375 0.1532711484375 0.36573346406249996 0.1450607078125 0.36107019687499997 0.136852815625 0.35396226406250003 0.1330676921875 0.34132820625 0.1299176671875 0.20851648125 0.1028427359375
22 0.72523280625 0.280185890625 0.7207338328125 0.282083546875 0.714591284375 0.3067199625 0.7087773234375 0.351567475 0.7118587859375001 0.35535514687499997 0.724020340625 0.3604002796875 0.7458618515625 0.3664498546875 0.8267198296875 0.3866100140625 0.82911928125 0.3855979296875 0.8380968531249999 0.34959086250000004 0.8431301 0.318639115625 0.8400486375 0.3148514453125 0.817779834375 0.30728629218750003 0.72523280625 0.280185890625
47 0.392788815625 0.1560334921875 0.3899537921875 0.1674041453125 0.3904670484375 0.22993254843750002 0.391103846875 0.23814298906250003 0.39233643125 0.23965805625 0.44205145312500005 0.2520534046875 0.5198891 0.265220465625 0.5355224734374999 0.2671053859375 0.5391216546875001 0.26558726093749996 0.542334678125 0.252700528125 0.54139820625 0.1950988921875 0.5407614109375001 0.1868884515625 0.5376799484375 0.18310078125 0.499777771875 0.17365070625 0.3972877875 0.1541358359375 0.392788815625 0.1560334921875
47 0.5671724499999999 0.25265322968750004 0.556613075 0.284240075 0.551415534375 0.3050862734375 0.5530589796875 0.30710636406249997 0.6589323953124999 0.3335035703125 0.678783278125 0.3378490765625 0.6843094046875 0.337213978125 0.69069839375 0.3277358859375 0.698263546875 0.30546708125 0.708776753125 0.2633009125 0.7082631765625 0.262669634375 0.6653073765624999 0.25195955 0.5966109546875 0.23684452500000003 0.5784507671875 0.2343296 0.5739517937499999 0.23622725625 0.5671724499999999 0.25265322968750004
18 0.168410978125 0.30460220625 0.3042271109375 0.3384649703125 0.3311130125 0.343658690625 0.33486215625 0.3420773109375 0.35600669687500003 0.257271190625 0.32758006562499997 0.2501836359375 0.1947683421875 0.2231087046875 0.19026936875 0.2250063609375 0.185852540625 0.23195679062500002 0.16584309375 0.3014458140625 0.168410978125 0.30460220625
18 0.6744938015625 0.5461229828125 0.761278453125 0.5748060374999999 0.7903367875 0.58205109375 0.79380860625 0.57889088125 0.80263410625 0.5521053296875 0.8124621859375001 0.5126870546875 0.8118458937499999 0.5119295203124999 0.7131359421875 0.47725377812499997 0.695448259375 0.47284374375000005 0.69047678125 0.4766365078125 0.6698305359375001 0.537915090625 0.6744938015625 0.5461229828125
51 0.367365565625 0.353804571875 0.368789190625 0.3577827734375 0.45267934062500004 0.37869893593750004 0.512420990625 0.3909774109375 0.520391784375 0.3859195421875 0.5388194281249999 0.312010296875 0.535737965625 0.3082226265625 0.425667546875 0.286817740625 0.3974001140625 0.2817827953125 0.3918739875 0.28241789375000004 0.38737501406249997 0.28431555 0.367365565625 0.353804571875
51 0.5220454171875 0.4040455109375 0.599113178125 0.4232606609375 0.6513853234375 0.43428065312499997 0.6558842953124999 0.4323829984375 0.65982861875 0.4273276765625 0.676838753125 0.3591037578125 0.673757290625 0.3553160875 0.5586332484375001 0.3326511921875 0.542999875 0.330766271875 0.5385009015625 0.3326639265625 0.5210182640625 0.4027829546875 0.5220454171875 0.4040455109375
42 0.541605475 0.43539224218749994 0.536079346875 0.4360273421875 0.535179553125 0.43640687343750006 0.5281865 0.46445447968750003 0.5234038937500001 0.4922480546875 0.5221506765624999 0.50803893125 0.52451313125 0.5109428109375 0.560983446875 0.5200358828125 0.6403561796874999 0.5344914968750001 0.6534627421875 0.5357464125 0.6573618531250001 0.5341017781249999 0.66596141875 0.4996108 0.669610015625 0.4763654875 0.6708632328124999 0.46057461093749996 0.6677817703125 0.45678694062499997 0.6551477125 0.453636915625 0.5622924734375 0.4385371734375 0.541605475 0.43539224218749994
42 0.47612672187499994 0.5020993921875 0.48157070312499994 0.49641151875 0.4999983484375 0.4225022734375 0.49691688593750005 0.41871460312500003 0.35194360625 0.38659453906249996 0.3474446328125 0.3884921953125 0.3290169890625 0.462401440625 0.33209845 0.46618911093750004 0.47612672187499994 0.5020993921875
14 0.136858175 0.3977836546875 0.1384399796875 0.4022038765625 0.140683290625 0.403970946875 0.212571084375 0.42189458750000003 0.283967909375 0.43748160625 0.30465490625 0.4406265359375 0.307354290625 0.43948794375 0.322946915625 0.376949340625 0.326472225 0.3585043046875 0.323863265625 0.352821525 0.316755334375 0.3490364015625 0.160257296875 0.3200816453125 0.15275900781250001 0.3232444046875 0.136858175 0.3977836546875
14 0.6351490203125 0.627498378125 0.626643953125 0.6616103375 0.6297254156250001 0.6653980078124999 0.739249334375 0.69652993125 0.7453136828125 0.6980419437500001 0.7525120390625 0.69500569375 0.7605486796875 0.669231184375 0.7712272609374999 0.626401734375 0.7710218296875 0.6261492234375 0.7613870859375 0.6217340953125 0.6592053140624999 0.5902185656250001 0.6541516921875 0.5889585562499999 0.6461808984374999 0.594016425 0.6351490203125 0.627498378125
10 0.1163752046875 0.46755719687499997 0.10789051406250001 0.5338809125 0.1116293625 0.5368260296875 0.1756419296875 0.5527861546875 0.23778506875 0.567273721875 0.27615975000000004 0.5748286859375 0.27698832812499996 0.5741965609374999 0.28683215624999997 0.5347151203125 0.29150593125 0.497131771875 0.2907869875 0.48386855625 0.25288481093750004 0.47441848281250004 0.127653521875 0.44923356718749996 0.120155234375 0.45239632656250006 0.1163752046875 0.46755719687499997
10 0.593088040625 0.7832783640625001 0.5955532109375 0.7863085 0.62296911875 0.793144053125 0.6602848046875 0.7990259390625 0.7172921750000001 0.807200721875 0.7217911484374999 0.805303065625 0.738328778125 0.73897425625 0.7336655109375 0.7307663625 0.6311755296875 0.7112514921875001 0.6130153421875 0.7087365671875 0.6085163703124999 0.710634221875 0.5990662953125 0.7485364 0.593088040625 0.7832783640625001
2 0.61856225 0.6445076140625 0.6375117953125 0.5685051343749999 0.6338140421875 0.5639599296875 0.6271179906250001 0.5622904171875 0.5037962031250001 0.535367384375 0.50229654375 0.5359999359375001 0.484341403125 0.608014071875 0.48845002031250007 0.6130643 0.590785896875 0.6385795 0.61856225 0.6445076140625
2 0.37594932812500004 0.5938715625000001 0.46186092968750003 0.6152917312499999 0.4633605875 0.6146591781249999 0.48320574218749995 0.5350646078125 0.4801242796875 0.5312769375 0.33609600781250004 0.49536665625 0.3315970359375 0.4972643109375 0.3126968875 0.5730686656249999 0.31577835 0.5768563359375001 0.37594932812500004 0.5938715625000001
34 0.3054666265625 0.5880738171875 0.30096765312499996 0.5899714734375 0.27701388125 0.6645158171875 0.2846764640625 0.67145860625 0.3940417203125 0.7103007015625 0.42409273125 0.7177932593749999 0.42784187500000004 0.7162118796875 0.4350937234375 0.697890796875 0.44196349062499996 0.6746434625 0.4513190671875 0.6371202921875 0.45068634531249996 0.6353522046875 0.449659190625 0.6340896484375 0.4324440125 0.6277845046875 0.4076483984375 0.619589346875 0.32568112031249996 0.59311385625 0.3054666265625 0.5880738171875
34 0.44657639062500004 0.690588515625 0.43901633125000006 0.72091025625 0.440043484375 0.7221728125 0.44279215625 0.7240658843750001 0.5721649203125 0.7563221375 0.57846348125 0.75366541875 0.5961945937500001 0.7019259015625 0.601061384375 0.6824062703125 0.598390784375 0.679123621875 0.5710683578125 0.670298459375 0.46794157812500004 0.6425731484375 0.46344260625 0.644470803125 0.45666325937499996 0.6608967781249999 0.44657639062500004 0.690588515625
6 0.2419783734375 0.6812438875 0.249004159375 0.6799762359375 0.25108725 0.67808010625 0.260820821875 0.6390408828125 0.26979432187499996 0.596591446875 0.2687671671875 0.595328890625 0.2308649890625 0.585878815625 0.1056337015625 0.5606939015625 0.10010757343750001 0.561329 0.0956086 0.5632266546875 0.074345934375 0.648506553125 0.07742739531250001 0.6522942234375 0.2419783734375 0.6812438875
6 0.5766696203125 0.8383645578125 0.5648570281249999 0.8857422796875 0.567322196875 0.888772415625 0.5824830671875 0.8925524453125 0.6164204171875001 0.899604934375 0.6885886578125 0.911559746875 0.6960869468750001 0.9083969875 0.7140420875 0.8363828515625 0.7130149343750001 0.83512029375 0.687746815625 0.8288202453125001 0.6109974546875 0.8137103140624999 0.5903104578125 0.810565384375 0.585811484375 0.8124630390625001 0.5766696203125 0.8383645578125
30 0.3997247828125 0.8365185171875 0.402189953125 0.8395486546875001 0.45740079062500005 0.8533142625 0.5376722765624999 0.8699062312500001 0.542643753125 0.8661134671875 0.5577832953125 0.8236917265624999 0.5654520296875 0.7929341109375 0.5605167484375 0.78904655625 0.43117684375 0.7588114140625 0.42667787031250004 0.7607090703125 0.42178853906249997 0.769554609375 0.41359168437499993 0.7916659109374999 0.3997247828125 0.8365185171875
30 0.241023684375 0.769574215625 0.35514395 0.810105096875 0.385375446875 0.8176426546875 0.40651998906250003 0.732836534375 0.40395210312499996 0.7296801421875 0.26228635 0.6842943171875 0.2547880609375 0.6874570765625 0.23588791250000002 0.7632614296875 0.241023684375 0.769574215625
38 0.0579051 0.6681598171875 0.05443328125 0.6713200296874999 0.034115621875 0.7528097093749999 0.03824594375 0.7600795578125 0.056655571875 0.76466959375 0.08773331875 0.769197478125 0.2072741875 0.78491194375 0.2138726828125 0.7821287156250001 0.230174059375 0.7167474625 0.233035828125 0.697734390625 0.23200867343749998 0.6964718328124999 0.1860535578125 0.687026853125 0.113885315625 0.6750720421875 0.069984509375 0.668152175 0.0579051 0.6681598171875
38 0.5821150312500001 0.16096655625 0.575664271875 0.1976036296875 0.578745734375 0.2013913 0.588380478125 0.20580642968750001 0.6773760875 0.2350407375 0.706750275 0.24236454375 0.7094496578125 0.24122594999999997 0.711197925 0.2342140359375 0.7242329109375001 0.1722455171875 0.7190971421875 0.1659327328125 0.5985908906249999 0.1217967296875 0.5930647640625 0.122431828125 0.5915651046875 0.12306437968749999 0.5821150312500001 0.16096655625