24 1 0.5607919156250001 0.8573226843749999 0.58408895 0.8541109109375 0.5877667718749999 0.8768512515625 0.694751665625 0.8889230359375 0.69518086875 0.9568407109375 0.6840391734375 1 0.6748653828125 1 0.5607919156250001
24 0.3952828796875 0.22653830625000002 0.297157996875 0.253385671875 0.28228051718749997 0.2585447359375 0.2790687453125 0.26222255781250003 0.28556598593750004 0.2927896703125 0.2946104859375 0.322815346875 0.2975638234375 0.3241843546875 0.31730508125 0.3199882203125 0.445157225 0.2858237515625 0.4483689984375 0.2821459296875 0.4439021453125 0.261131040625 0.43027999687499996 0.22209457812500003 0.42584999218749997 0.2200410671875 0.3952828796875 0.22653830625000002
28 0.31075783281249997 0.33615589687499997 0.3102409625 0.34624955625 0.314486225 0.3912726546875 0.3177348453125 0.40655621093749994 0.3272593703125 0.4075268484375 0.3993947875 0.39618751093750004 0.410979278125 0.394324178125 0.48281199375000006 0.3790556640625 0.4845249390625 0.377094159375 0.470312225 0.31022859999999997 0.46588222031250004 0.3081750875 0.33434768125000003 0.32814658125 0.31396960625000003 0.332478075 0.31075783281249997 0.33615589687499997
28 1 0.462478303125 0.995092921875 0.43939231406249996 0.9943545874999999 0.43905006249999995 0.9837594734374999 0.43930536406250004 0.8322529359375 0.4655187953125 0.8220639000000001 0.4676845421875 0.8173754578124999 0.4706778609375 0.8145697625 0.4762661265625 0.8139420968750001 0.49836389062500003 0.8281548093750001 0.5652294484375 0.832584815625 0.5672829609375001 0.8431799312500001 0.5670276578125 0.9010673140625001 0.5569197499999999 0.9987547125 0.5361556515625 1 0.534729665625 1 0.462478303125
32 0.7676286265625001 0.37003240000000004 0.7704711703125 0.3834055125 0.7808446953125 0.40715841875000003 0.7957958703125 0.439922109375 0.7999674390625 0.4470224515625 0.8043974453124999 0.4490759625 0.8060476234375 0.449324234375 0.8506246624999999 0.4398490921875 0.8680789296875 0.4355400453125 0.9487790734375 0.4143931828125 0.9763928500000001 0.406526934375 0.9768210859374999 0.40603655781250003 0.97374505 0.391564940625 0.940842265625 0.3332147046875 0.9330528453125 0.327881740625 0.92755225 0.3270541703125 0.7912184765625 0.36202308437499997 0.7686992171875 0.3688064609375 0.7676286265625001 0.37003240000000004
32 0.33131989375000004 0.4955195375 0.3316447546875 0.49704788750000006 0.3387327640625 0.50033350625 0.499911465625 0.4820479875 0.505670496875 0.4778287296875 0.5074056031249999 0.47346640312500005 0.5058920859375 0.453820521875 0.5003159921875 0.40378889375 0.499727178125 0.4010187453125 0.4926391703125 0.39773312656250004 0.3522446203125 0.41359759531250007 0.33441380625 0.41738765312500004 0.3312020328125 0.42106547499999997 0.32987300625 0.42733824531250003 0.33131989375000004 0.4955195375
0 0.3418704875 0.5551764625 0.344306953125 0.5666391296875 0.364426340625 0.636242703125 0.368919621875 0.6412779046875 0.400214521875 0.6346259671875 0.5323978171875 0.5935506078125 0.545798628125 0.5877070390625 0.5468396906249999 0.5850896421875 0.5444357140625 0.5737798171875 0.5181482578125001 0.5077236703125 0.512906096875 0.5018492703125 0.487433503125 0.5072636375 0.35741248125 0.5468810125 0.3450822609375 0.551498640625 0.3418704875 0.5551764625
0 0.8900377531249999 0.23698725625 0.80597819375 0.2548546671875 0.7329198265625 0.2743772203125 0.7318492359375 0.2756031609375 0.73509785625 0.2908867171875 0.7504551078125 0.325560853125 0.7596104 0.3435824265625 0.765221740625 0.346183540625 0.8355261 0.3312398875 0.92411166875 0.30961498125000003 0.9294646249999999 0.30348527812500004 0.91532560625 0.274542475 0.89823325 0.244230665625 0.8944677593750001 0.23904076875000002 0.8900377531249999 0.23698725625
4 0.7161663671875 0.44606538437500004 0.7289026625 0.44335820156250005 0.7321144359375 0.4396803796875 0.7330373859375 0.4314971640625 0.7290137109375 0.362465859375 0.724177628125 0.35850190312499997 0.7135825125 0.3587572046875 0.5676873671875 0.373794103125 0.5574983296875 0.37595985 0.55428655625 0.37963767187499997 0.55199748125 0.4440205171875 0.5518866859375 0.456024621875 0.559270028125 0.45944714062500003 0.567317884375 0.45973327499999994 0.7161663671875 0.44606538437500004
4 0.1474941046875 0.1442265296875 0.147383309375 0.156230634375 0.1563170140625 0.1982604140625 0.160156353125 0.20004012499999999 0.16966612187500002 0.19801876093749998 0.294533534375 0.165886446875 0.29988648906250004 0.15975674374999999 0.2863751359375 0.10871617812500001 0.279397871875 0.10720410312499999 0.15325313437500002 0.140007271875 0.1474941046875 0.1442265296875
8 0.0951654390625 0.41283140156250003 0.11498954218749999 0.4685204265625 0.11956718749999999 0.4775312140625 0.12591686562499999 0.4804745796875 0.18208393437499998 0.4685359 0.2844745359375 0.4454742125 0.28661571874999997 0.44302233125 0.284016821875 0.4307954890625 0.26195553125000004 0.38336935 0.257377884375 0.3743585640625 0.25294787812499997 0.3723050515625 0.105206834375 0.40370837968749995 0.097971134375 0.407243134375 0.0951654390625 0.41283140156250003
8 0.531066190625 0.30170781562500004 0.526141471875 0.3073471421875 0.52691301875 0.310976984375 0.5497089093749999 0.37062688593750004 0.5545449921875 0.3745908421875 0.5774703265625 0.36971791249999997 0.7092264546875 0.3257382109375 0.714151171875 0.320098884375 0.7135826640625 0.3174242640625 0.704611959375 0.29776604687499997 0.6863013703124999 0.261722903125 0.6810592109375 0.255848503125 0.6632283953125 0.259638559375 0.54594366875 0.2965487515625 0.531066190625 0.30170781562500004
12 0.07665387031250001 0.3182261015625 0.0738703328125 0.321413546875 0.077281384375 0.3374612796875 0.0962195375 0.37896195781249997 0.102451071875 0.383228328125 0.17937830625 0.366876940625 0.24839058593750002 0.349612140625 0.2562222328125 0.3451234859375 0.25561891718749996 0.34228511250000004 0.2513070765625 0.33201977031249996 0.23004315000000003 0.29460761875 0.2210355 0.2835433203125 0.1777320890625 0.2927477453125 0.11700394218750002 0.3076526703125 0.07665387031250001 0.3182261015625
12 0.5110610578125 0.2839956890625 0.611216328125 0.266700546875 0.664708775 0.2553303765625 0.66710839375 0.247831665625 0.66437664375 0.22245445 0.6570672484375 0.1880664484375 0.65263724375 0.1860129375 0.5499347140624999 0.20384951562500003 0.506631303125 0.2130539390625 0.5034195312499999 0.2167317609375 0.502902659375 0.22682542031250003 0.504600665625 0.2723899546875 0.506631053125 0.281942178125 0.5110610578125 0.2839956890625
40 0.71342795625 0.22400882656249999 0.711175978125 0.2384648109375 0.713206365625 0.24801703437499997 0.7278254093750001 0.24790479843750002 0.867407803125 0.228219440625 0.872760759375 0.2220897375 0.8803288421875 0.1825426703125 0.880048296875 0.1762126765625 0.8754393171875 0.154529128125 0.8702137515624999 0.1537429359375 0.7951249953125 0.163713265625 0.743367653125 0.1707211109375 0.7255368375 0.17451116718749998 0.7205899609374999 0.182551315625 0.71342795625 0.22400882656249999
49 0.6622210749999999 0.120878246875 0.6572002515625 0.1598838765625 0.6579016125 0.1757088703125 0.6623316171875 0.17776238125 0.7687461234375 0.161732584375 0.8099353062500001 0.152977553125 0.8119554062500001 0.1489540015625 0.8158429234375 0.099606440625 0.8136907125 0.08948108593750001 0.8110327093749999 0.088248978125 0.8055321140625 0.08742140625 0.686733871875 0.1046857171875 0.6689030578125 0.10847577343749999 0.663550103125 0.1146054765625 0.6622210749999999 0.120878246875
49 0.142905190625 0.691914540625 0.1379583140625 0.6999546890625 0.1621384765625 0.7886627078124999 0.169927896875 0.7939956718750001 0.1907120484375 0.7915746234375 0.3074651140625 0.7709511874999999 0.3587741953125 0.7600451046875001 0.359975578125 0.7580925 0.354442771875 0.73206269375 0.336829034375 0.6836412796875 0.3310331546875 0.668899159375 0.3272676625 0.6637092625000001 0.32283765781249996 0.66165575 0.22482356874999998 0.6764990109375 0.142905190625 0.691914540625
45 0.1400684390625 0.6090529859375 0.15793585000000002 0.6931125453125 0.1641378578125 0.6959874625 0.17290043125000001 0.6941249203125001 0.2600846609375 0.6664082484375 0.3221418359375 0.645230553125 0.3344720546875 0.640612925 0.3416951078125 0.634513596875 0.339171625 0.62264154375 0.331703459375 0.59627433125 0.3180813125 0.5572378687499999 0.3132452296875 0.5532739125 0.23763960312500002 0.573337903125 0.1454213953125 0.6029232828125 0.1400684390625 0.6090529859375
45 0.6277925671875 0.10044130312499999 0.6322225718750001 0.10249481406250001 0.6504594640625 0.10061520156249999 0.76630436875 0.08198188437500001 0.774204584375 0.07531074531250001 0.775459915625 0.03111521875 0.77302345 0.019652551562500002 0.7715467828125 0.018968046875 0.6760799515625 0.033269871875 0.635323803125 0.0419328578125 0.6321120296875 0.0456106796875 0.630783003125 0.05188345 0.626685128125 0.082705865625 0.6257621796875 0.0908890796875 0.6277925671875 0.10044130312499999
40 0.13720962812499998 0.50103695625 0.134403934375 0.5066252234374999 0.150647034375 0.5830430046874999 0.1550770390625 0.5850965171875 0.16567215468750002 0.5848412140625 0.2763071734375 0.568313671875 0.3288443984375 0.5571465390625 0.3298079296875 0.55604319375 0.32422436875 0.529774603125 0.3186924578125 0.5093854265625 0.309647959375 0.47935975 0.3048118765625 0.47539579375 0.29166950156250004 0.47619253281249996 0.1499459265625 0.4983297734375 0.13720962812499998 0.50103695625
16 0.111193375 0.27154835624999996 0.11387348593749999 0.2841572859375 0.1174174890625 0.2858000953125 0.1846651375 0.271506165625 0.2370279359375 0.2585790265625 0.262094453125 0.2512542140625 0.2653062265625 0.2475763921875 0.2585727578125 0.2058776359375 0.25613629375 0.1944149765625 0.251241153125 0.187668109375 0.17482337187500002 0.203911209375 0.114095225 0.218816134375 0.10833619375 0.22303539374999998 0.10700716562499998 0.22930816406250001 0.111193375 0.27154835624999996
16 0.44176329531249997 0.1301989265625 0.5109453765625 0.11749057968750001 0.5822686390625 0.1023303515625 0.5833392296875 0.10110441249999999 0.58284088125 0.09312345625 0.5729089046875 0.046397175 0.5573500171875 0.0477242 0.5009042328125 0.0577253625 0.43722274843750003 0.0712612796875 0.43401097499999997 0.0749391015625 0.4373332890625 0.1281454140625 0.44176329531249997 0.1301989265625
20 0.25817415 0.180204178125 0.257103559375 0.18143011874999998 0.2659264703125 0.23546400156249997 0.2701822234375 0.2389522828125 0.3288456078125 0.226482996875 0.412596925 0.20528661406249998 0.4174345125 0.2017424375 0.414088434375 0.1860003828125 0.407687146875 0.1633999015625 0.40148518906249997 0.1467473375 0.40000852187499997 0.14606283281250002 0.3261379984375 0.16176449843750002 0.27559888906249996 0.17450367656250002 0.25817415 0.180204178125
20 0.460079475 0.1518642171875 0.462515940625 0.163326884375 0.46749966406250004 0.17424811406250001 0.4816386828125 0.20319091718750001 0.487425109375 0.207152546875 0.51873820625 0.20049674374999998 0.6270909046875001 0.1672821953125 0.6298744390625 0.16409475 0.6274379734375 0.1526320796875 0.603242871875 0.11145010156249999 0.5958595296875 0.1080275828125 0.5032352421875 0.13570251875 0.46583850625 0.1476449578125 0.46115006562499994 0.1506382765625 0.460079475 0.1518642171875
12 0.5110610578125 0.2839956890625 0.6137635875 0.2661591109375 0.664708775 0.2553303765625 0.66710839375 0.247831665625 0.66437664375 0.22245445 0.6570672484375 0.1880664484375 0.65263724375 0.1860129375 0.552481971875 0.20330807968750003 0.506631303125 0.2130539390625 0.5034195312499999 0.2167317609375 0.502902659375 0.22682542031250003 0.504600665625 0.2723899546875 0.506631053125 0.281942178125 0.5110610578125 0.2839956890625
36 0.1421405328125 0.822964625 0.15188639375 0.86881529375 0.1699753921875 0.9288666453125 0.1733348078125 0.9321460984375 0.180312071875 0.9336581734375 0.23166333749999998 0.9247398828125 0.27166453437500004 0.917535259375 0.37801261249999996 0.8949302781249999 0.380474971875 0.8921106140624999 0.3776324296875 0.8787375031250001 0.3458104875 0.79165379375 0.342044996875 0.786463896875 0.3346616546875 0.7830413765625 0.15258800625 0.8157520484375 0.14535230625 0.819286803125 0.1421405328125 0.822964625
36 0.615747453125 0 0.6101724609375 0.026312971875 0.61139069375 0.032044304687500004 0.62091521875 0.03301494375 0.7153982125 0.01972094375 0.7460926890625 0.013196631249999998 0.7501609328125001 0.0085380578125 0.7513583109375 0 0.615747453125 0
44 0.5943903203125 0.5908566796875 0.5972328640625 0.604229790625 0.6029926140625 0.60590081875 0.78262534375 0.567718703125 0.7857300578124999 0.564163475 0.784637359375 0.5540125953125 0.7678257484375 0.47492018593749996 0.7651677453125 0.473688078125 0.599189809375 0.5069710187500001 0.5919541078125 0.5105057734375 0.5887423359375 0.5141835953125 0.588631540625 0.5261877 0.5943903203125 0.5908566796875
44 0.7561207859375 0.6114905171875 0.6137695437499999 0.6557255203125 0.6065338437500001 0.6592602750000001 0.6033220703125 0.6629380968749999 0.626985359375 0.7617397765625 0.6327717875000001 0.76570140625 0.6649764234375 0.7588561 0.8221645359374999 0.7092709875 0.8275174906249999 0.703141284375 0.8172547578125 0.6673842750000001 0.7966185 0.607874359375 0.7888290796875 0.6025413953125 0.7561207859375 0.6114905171875
44 0.3649800109375 0.6588880703125 0.359220978125 0.663107328125 0.3578919515625 0.6693800984375 0.38207211406249997 0.75808811875 0.3894164234375 0.7631163421875 0.409357825 0.758877665625 0.5525908515625 0.7148545859375 0.5700155875 0.7091540843749999 0.575544259375 0.705103596875 0.571107184375 0.6842288015625 0.5535140515625 0.6377831328125 0.5423283703124999 0.6102093375 0.537898365625 0.6081558265625 0.5124257703125 0.61357019375 0.402376746875 0.6469456296875 0.3649800109375 0.6588880703125
44 0.599246103125 0.7602479296875 0.57846195 0.762668978125 0.42573718125 0.7831510765624999 0.40790636718749995 0.7869411328125 0.40469459375000005 0.7906189546875 0.403365565625 0.7968917249999999 0.405026471875 0.8923831203124999 0.40868116875 0.9095771203125 0.4101578390625 0.9102616234375001 0.41565843437499994 0.9110891953125 0.5903542296875 0.888133446875 0.6153428437499999 0.8828219515625 0.6203989812499999 0.8785524234375 0.620509775 0.8665483187499999 0.6110962984375 0.7846853390625 0.6062233671875 0.7617600046875 0.6047466984375001 0.7610755 0.599246103125 0.7602479296875