4 0.21484375 0.2109375 0.3138020828125 0.21484375 0.3606770828125 0.21484375 0.3619791671875 0.2138671875 0.359375 0.1435546875 0.35546875 0.13671875 0.3502604171875 0.134765625 0.21223958281250002 0.126953125 0.20703125 0.12890625 0.20572916718749998 0.1298828125 0.20572916718749998 0.1669921875 0.20833333281250002 0.2041015625 0.21484375 0.2109375
16 0.5091145828125 0.23046875 0.6028645828125 0.236328125 0.6315104171875 0.236328125 0.6354166671875 0.2333984375 0.6354166671875 0.1669921875 0.6315104171875 0.1640625 0.6263020828125 0.162109375 0.6028645828125 0.16015625 0.50390625 0.154296875 0.5 0.1572265625 0.5 0.2236328125 0.50390625 0.228515625 0.5091145828125 0.23046875
36 0.6927083328125 0.1787109375 0.6940104171875 0.1796875 0.69921875 0.181640625 0.8111979171874999 0.1796875 0.8151041671874999 0.1767578125 0.8125 0.1318359375 0.8098958328125001 0.1123046875 0.8059895828125001 0.109375 0.7825520828125 0.107421875 0.6888020828125 0.107421875 0.6848958328125 0.1103515625 0.6848958328125 0.1181640625 0.6875 0.1474609375 0.6927083328125 0.1787109375
45 0.68359375 0.265625 0.7408854171875 0.267578125 0.7981770828125 0.267578125 0.8020833328125001 0.2646484375 0.8020833328125001 0.2236328125 0.7994791671875 0.2001953125 0.7955729171875 0.197265625 0.7877604171875 0.1953125 0.6783854171875 0.193359375 0.6770833328125 0.1943359375 0.6770833328125 0.2568359375 0.6796875 0.2626953125 0.68359375 0.265625
16 0.5208333328125 0.3251953125 0.5247395828125 0.330078125 0.5611979171875 0.330078125 0.64453125 0.326171875 0.6536458328125 0.3232421875 0.6536458328125 0.3115234375 0.6484375 0.2685546875 0.6458333328125 0.2548828125 0.6419270828125 0.251953125 0.5950520828125 0.251953125 0.51953125 0.25390625 0.5143229171875 0.255859375 0.5130208328125 0.2568359375 0.5130208328125 0.2705078125 0.5182291671875 0.3095703125 0.5208333328125 0.3251953125
49 0.6822916671875 0.3544921875 0.68359375 0.35546875 0.6888020828125 0.357421875 0.80078125 0.35546875 0.8046875 0.3525390625 0.8046875 0.3173828125 0.8020833328125001 0.2861328125 0.80078125 0.28515625 0.7955729171875 0.283203125 0.6809895828125 0.283203125 0.6770833328125 0.2861328125 0.6770833328125 0.3017578125 0.6796875 0.3369140625 0.6822916671875 0.3544921875
40 0.7044270828125 0.443359375 0.74609375 0.443359375 0.7877604171875 0.44140625 0.8216145828125001 0.439453125 0.8255208328125001 0.4365234375 0.8203125 0.3720703125 0.8138020828125001 0.3671875 0.69921875 0.37109375 0.6953125 0.3740234375 0.6953125 0.3837890625 0.7005208328125 0.4384765625 0.7044270828125 0.443359375
40 0.1744791671875 0.6279296875 0.1783854171875 0.630859375 0.20703125 0.630859375 0.3216145828125 0.623046875 0.328125 0.6201171875 0.328125 0.5771484375 0.3255208328125 0.5458984375 0.3216145828125 0.54296875 0.21223958281250002 0.546875 0.17578125 0.548828125 0.1705729171875 0.55078125 0.1692708328125 0.5517578125 0.1692708328125 0.5712890625 0.171875 0.6142578125 0.1744791671875 0.6279296875
45 0.1783854171875 0.71875 0.2877604171875 0.705078125 0.32421875 0.69921875 0.328125 0.6962890625 0.328125 0.6884765625 0.3177083328125 0.6259765625 0.3138020828125 0.623046875 0.22526041718749998 0.62890625 0.1653645828125 0.63671875 0.1614583328125 0.6396484375 0.1640625 0.6689453125 0.171875 0.7138671875 0.1783854171875 0.71875
49 0.1861979171875 0.798828125 0.2643229171875 0.79296875 0.3111979171875 0.7890625 0.3229166671875 0.7861328125 0.3255208328125 0.7822265625 0.3255208328125 0.7392578125 0.3229166671875 0.7099609375 0.3190104171875 0.70703125 0.23828125 0.7109375 0.1705729171875 0.716796875 0.1666666671875 0.7197265625 0.1666666671875 0.7958984375 0.1705729171875 0.798828125 0.1861979171875 0.798828125
8 0.28515625 0.521484375 0.29296875 0.521484375 0.2994791671875 0.5185546875 0.3046875 0.4560546875 0.3046875 0.4443359375 0.30078125 0.44140625 0.21223958281250002 0.435546875 0.1497395828125 0.43359375 0.1458333328125 0.4384765625 0.1432291671875 0.4677734375 0.140625 0.5126953125 0.14453125 0.515625 0.16015625 0.517578125 0.28515625 0.521484375
8 0.65234375 0.517578125 0.6549479171875 0.517578125 0.6588541671875 0.5146484375 0.6744791671875 0.4580078125 0.6744791671875 0.4462890625 0.6731770828125 0.4453125 0.5559895828125 0.423828125 0.55078125 0.423828125 0.546875 0.4267578125 0.5416666671875 0.4404296875 0.5286458328125 0.4892578125 0.5286458328125 0.4951171875 0.5325520828125 0.498046875 0.65234375 0.517578125
4 0.54296875 0.591796875 0.63671875 0.60546875 0.6471354171875 0.60546875 0.6510416671875 0.6025390625 0.6536458328125 0.5947265625 0.6666666671875 0.5439453125 0.6666666671875 0.5361328125 0.6627604171875 0.533203125 0.6419270828125 0.529296875 0.5481770828125 0.513671875 0.5403645828125 0.513671875 0.5364583328125 0.5185546875 0.5234375 0.5654296875 0.5208333328125 0.5751953125 0.5208333328125 0.5849609375 0.5247395828125 0.587890625 0.54296875 0.591796875
12 0.54296875 0.421875 0.6549479171875 0.421875 0.6588541671875 0.4189453125 0.6588541671875 0.3525390625 0.65234375 0.34765625 0.5872395828125 0.345703125 0.52734375 0.345703125 0.5260416671875 0.3466796875 0.5234375 0.3525390625 0.5234375 0.4150390625 0.52734375 0.419921875 0.54296875 0.421875
12 0.1315104171875 0.40625 0.1497395828125 0.408203125 0.2591145828125 0.41796875 0.27734375 0.41796875 0.28125 0.4150390625 0.2838541671875 0.4072265625 0.2890625 0.3642578125 0.2890625 0.3408203125 0.2877604171875 0.33984375 0.2825520828125 0.337890625 0.1549479171875 0.32421875 0.13671875 0.32421875 0.1328125 0.3271484375 0.1302083328125 0.3408203125 0.1223958328125 0.3955078125 0.1223958328125 0.4013671875 0.1263020828125 0.404296875 0.1315104171875 0.40625
0 0.8059895828125001 0.533203125 0.8177083328125001 0.5302734375 0.8177083328125001 0.4658203125 0.8138020828125001 0.4609375 0.6966145828125 0.4609375 0.6927083328125 0.4638671875 0.6927083328125 0.5244140625 0.6966145828125 0.533203125 0.8059895828125001 0.533203125
0 0.34765625 0.705078125 0.3658854171875 0.705078125 0.4518229171875 0.6953125 0.4830729171875 0.69140625 0.4895833328125 0.6884765625 0.4895833328125 0.6748046875 0.484375 0.6259765625 0.4817708328125 0.6162109375 0.4778645828125 0.61328125 0.3658854171875 0.623046875 0.3424479171875 0.626953125 0.3385416671875 0.6298828125 0.3385416671875 0.6474609375 0.34375 0.6982421875 0.34765625 0.705078125
32 0.7981770828125 0.62109375 0.8138020828125001 0.619140625 0.8177083328125001 0.6162109375 0.8177083328125001 0.5888671875 0.8151041671874999 0.5498046875 0.8138020828125001 0.548828125 0.76171875 0.548828125 0.6966145828125 0.55078125 0.6927083328125 0.5537109375 0.6901041671875 0.5576171875 0.6927083328125 0.6201171875 0.69921875 0.625 0.7981770828125 0.62109375
32 0.34765625 0.59375 0.37109375 0.59375 0.4518229171875 0.5859375 0.4830729171875 0.58203125 0.4895833328125 0.5771484375 0.4817708328125 0.5166015625 0.4791666671875 0.5087890625 0.4752604171875 0.505859375 0.4622395828125 0.505859375 0.3424479171875 0.515625 0.3359375 0.5205078125 0.3359375 0.5263671875 0.34375 0.5849609375 0.34765625 0.59375
28 0.6966145828125 0.720703125 0.8111979171874999 0.712890625 0.8151041671874999 0.7099609375 0.8151041671874999 0.6435546875 0.8111979171874999 0.640625 0.7877604171875 0.640625 0.7122395828125 0.64453125 0.6940104171875 0.646484375 0.6901041671875 0.6494140625 0.6901041671875 0.6943359375 0.6927083328125 0.7177734375 0.6966145828125 0.720703125
28 0.3450520828125 0.498046875 0.4049479171875 0.498046875 0.46484375 0.49609375 0.48046875 0.494140625 0.484375 0.4912109375 0.4817708328125 0.4248046875 0.4778645828125 0.419921875 0.3424479171875 0.419921875 0.3359375 0.4248046875 0.3359375 0.4326171875 0.3411458328125 0.4951171875 0.3450520828125 0.498046875
24 0.33203125 0.400390625 0.3372395828125 0.40234375 0.4700520828125 0.400390625 0.4739583328125 0.3974609375 0.4739583328125 0.3662109375 0.4713541671875 0.3271484375 0.46484375 0.322265625 0.3294270828125 0.322265625 0.3255208328125 0.3251953125 0.3255208328125 0.3466796875 0.3307291671875 0.3994140625 0.33203125 0.400390625
24 0.6940104171875 0.80859375 0.7018229171875 0.810546875 0.76171875 0.8046875 0.8138020828125001 0.798828125 0.8177083328125001 0.7958984375 0.8151041671874999 0.7294921875 0.8111979171874999 0.7265625 0.7955729171875 0.7265625 0.7044270828125 0.734375 0.6940104171875 0.736328125 0.6901041671875 0.7392578125 0.6901041671875 0.7783203125 0.6927083328125 0.8076171875 0.6940104171875 0.80859375
20 0.3216145828125 0.298828125 0.3372395828125 0.30078125 0.4205729171875 0.302734375 0.4622395828125 0.302734375 0.4635416671875 0.3017578125 0.4635416671875 0.2392578125 0.4609375 0.2294921875 0.45703125 0.2265625 0.3580729171875 0.220703125 0.3190104171875 0.220703125 0.3177083328125 0.2216796875 0.3151041671875 0.2255859375 0.3151041671875 0.2470703125 0.3177083328125 0.2939453125 0.3216145828125 0.298828125
16 0.18359375 0.3046875 0.24348958281250002 0.306640625 0.3111979171875 0.306640625 0.3125 0.3056640625 0.3151041671875 0.3017578125 0.3151041671875 0.2978515625 0.3125 0.2294921875 0.3111979171875 0.228515625 0.3033854171875 0.2265625 0.16796875 0.21875 0.1627604171875 0.21875 0.1575520828125 0.220703125 0.15625 0.2216796875 0.15625 0.2978515625 0.1627604171875 0.302734375 0.18359375 0.3046875
44 0.58984375 0.712890625 0.6497395828125 0.7109375 0.65625 0.7080078125 0.6588541671875 0.6572265625 0.6588541671875 0.6376953125 0.6575520828125 0.63671875 0.53515625 0.634765625 0.5260416671875 0.6376953125 0.5234375 0.6435546875 0.5234375 0.7099609375 0.52734375 0.712890625 0.58984375 0.712890625
44 0.6419270828125 0.8203125 0.6458333328125 0.8134765625 0.65625 0.7568359375 0.65625 0.7490234375 0.65234375 0.74609375 0.6315104171875 0.744140625 0.5455729171875 0.73828125 0.52734375 0.73828125 0.5234375 0.7412109375 0.5208333328125 0.7490234375 0.5130208328125 0.7900390625 0.5104166671875 0.8134765625 0.5169270828125 0.81640625 0.5924479171875 0.8203125 0.6419270828125 0.8203125
44 0.4830729171875 0.8984375 0.4869791671875 0.8955078125 0.4895833328125 0.8876953125 0.4973958328125 0.8349609375 0.4973958328125 0.8212890625 0.4908854171875 0.818359375 0.4127604171875 0.81640625 0.3580729171875 0.81640625 0.3541666671875 0.8212890625 0.3463541671875 0.8623046875 0.34375 0.8798828125 0.34375 0.8955078125 0.34765625 0.8984375 0.4830729171875 0.8984375
44 0.34375 0.7958984375 0.3450520828125 0.796875 0.3606770828125 0.796875 0.37890625 0.794921875 0.4700520828125 0.783203125 0.4830729171875 0.78125 0.4869791671875 0.7783203125 0.4869791671875 0.7529296875 0.484375 0.7255859375 0.4817708328125 0.7060546875 0.4778645828125 0.703125 0.3450520828125 0.716796875 0.33984375 0.71875 0.3359375 0.7216796875 0.3359375 0.7294921875 0.3411458328125 0.7822265625 0.34375 0.7958984375
36 0.1705729171875 0.896484375 0.17578125 0.896484375 0.30859375 0.884765625 0.3190104171875 0.8828125 0.3229166671875 0.8798828125 0.3229166671875 0.8037109375 0.3190104171875 0.80078125 0.1731770828125 0.810546875 0.16796875 0.8125 0.1640625 0.8154296875 0.1640625 0.8935546875 0.1653645828125 0.89453125 0.1705729171875 0.896484375
5 0.43540564374999996 0.0231481484375 0.4365079359375 0.0173611109375 0.4210758375 0.002480159375 0.2722663140625 0.00082671875 0.3031305109375 0.052910053125 0.43540564374999996 0.0231481484375
9 0.3108465609375 0.05208333281250001 0.31856260937499997 0.0677910046875 0.4519400359375 0.03720238125 0.43981481406249995 0.0198412703125 0.3108465609375 0.05208333281250001