40 0.5647313640625 0.8239223046875 0.5633623562500001 0.8209689671874999 0.5768982734375 0.75728748125 0.575529265625 0.7543341453125 0.58202650625 0.7237670328125 0.580246796875 0.7199276953125 0.54891550625 0.7132680234375 0.5469540015625001 0.7149809687500001 0.5335808890625 0.7121384265625 0.5311290078125 0.7142796078125 0.5139350078125 0.7106249109375 0.5105023734375 0.7136225640625 0.5038968453125 0.7446991296875 0.5044444484375 0.7458804640625 0.5051289531250001 0.7473571328124999 0.4975488390625 0.7830187640624999 0.49891784687499996 0.7859721015625001 0.490796296875 0.8241809921875 0.4939450140625 0.8309736671874999 0.504261415625 0.833166484375 0.5062229203124999 0.831453540625 0.540610921875 0.8387629359375 0.543062803125 0.836621753125 0.5564359140625 0.8394642953125 0.5625656171875 0.834111340625 0.5647313640625 0.8239223046875
40 0.44744725937499996 0.15776693125000002 0.44337106718749997 0.167549890625 0.4298043171875 0.2125884046875 0.42433932343749997 0.23219307812499998 0.4088813046875 0.3049173328125 0.40908665624999996 0.30536033281249997 0.42173852500000003 0.309247628125 0.48440109062500003 0.3225669671875 0.48673037812500003 0.32053284375 0.50679436875 0.24492721718750002 0.5227821671874999 0.1791045515625 0.517449203125 0.17131513125 0.45112508125 0.1545551578125 0.44744725937499996 0.15776693125000002
44 0.2830970265625 0.2893629109375 0.2587961765625 0.2841976046875 0.254914459375 0.2894959140625 0.2416030125 0.3239393140625 0.2176133609375 0.393119590625 0.2119553484375 0.41973845 0.21352970624999998 0.4231347875 0.260698328125 0.437953009375 0.2836236578125 0.44282593906249995 0.286811103125 0.4400424015625 0.2898044203125 0.4353539609375 0.3286250578125 0.3184753125 0.33024936718750003 0.310833534375 0.3268268484375 0.3034501921875 0.2830970265625 0.2893629109375
44 0.21468375312500002 0.2796134421875 0.2089524203125 0.278395209375 0.141831559375 0.2747776109375 0.13582753281249998 0.2818878046875 0.1092429921875 0.40695823906250006 0.1094575921875 0.41299413124999995 0.1115111046875 0.41742413593750005 0.1191528828125 0.41904844687500004 0.1824528546875 0.4218538890625 0.188725625 0.42052486250000004 0.192403446875 0.417313090625 0.214857653125 0.302280340625 0.216737265625 0.284043446875 0.21468375312500002 0.2796134421875
44 0.1671830421875 0.5176474375 0.1569776375 0.5825693125 0.15903115 0.58699931875 0.1724042609375 0.5898418609375 0.2280624546875 0.5910229953125 0.23564316562499998 0.58635879375 0.2395917859375 0.567781996875 0.2544497859375 0.4621833546875 0.25376528125000003 0.4607066890625 0.23657128125 0.457051990625 0.1828235328125 0.45627693437500005 0.1796360859375 0.459060471875 0.1671830421875 0.5176474375
44 0.2615295828125 0.6106496734375 0.29935635 0.6186900015625 0.3296895328125 0.6239394609375 0.33581923593749996 0.6185865078125 0.36126675937499997 0.49886531562499997 0.3592132484375 0.494435309375 0.29234768906249997 0.480222596875 0.2862179859375 0.4855755515625 0.2696887515625 0.553945478125 0.2588600171875 0.6048906640625 0.2615295828125 0.6106496734375
0 0.4063396359375 0.31875375 0.40565513124999997 0.3172770796875 0.40046523437500003 0.3135115890625 0.34971080312499997 0.3080480921875 0.33388581093749997 0.30734673125 0.329638728125 0.3094790609375 0.32397529999999997 0.3361233921875 0.3143126875 0.4323100828125 0.31405738437499997 0.4429051984375 0.31556945937499997 0.4498824625 0.3172091875 0.4515621703125 0.3315375125 0.45460775 0.344226128125 0.45597362500000005 0.38542833593750003 0.459406734375 0.3891061578125 0.45619496093749995 0.3950619609375 0.428175109375 0.40420472187499995 0.3475857578125 0.4063396359375 0.31875375
0 0.401389034375 0.8061087125 0.40159438437499995 0.8065517124999999 0.46845994375 0.8207644265624999 0.46968588437500003 0.8196938359375 0.494591971875 0.702519903125 0.49390746874999997 0.7010432359375 0.42949379062500004 0.6846893406250001 0.426674128125 0.6871517 0.401389034375 0.8061087125
32 0.5211507531249999 0.34741735937499996 0.47452357031250003 0.33005187812500003 0.453508684375 0.3255850265625 0.45032123906250004 0.3283685625 0.44516217343750003 0.3432460421875 0.4176477703125 0.429008975 0.411183015625 0.4594232515625 0.412757375 0.462819590625 0.42749949374999996 0.4686154703125 0.4609129125 0.48050993281250004 0.48230988906250005 0.485058 0.483045453125 0.4844156453125 0.48603877031250003 0.4797272046875 0.492280709375 0.45975520625 0.5194142078125 0.3696781796875 0.523204265625 0.3518473640625 0.5211507531249999 0.34741735937499996
32 0.40848506718750005 0.68395108125 0.40643155625 0.679521075 0.3477492125 0.6643854140625 0.3414764421875 0.665714440625 0.34025050156250003 0.66678503125 0.33455 0.6842097703125 0.32540169375 0.7202036578125 0.31186577656250003 0.7838851421874999 0.31220802812500004 0.7846234765625 0.3384128140625 0.7928558203125 0.37853214999999996 0.8013834484375 0.382209971875 0.7981716750000001 0.3944077140625 0.750179825 0.40848506718750005 0.68395108125
28 0.5749429640625 0.35033174218749996 0.5361926375 0.34475745 0.5342311328125 0.3464703953125 0.5143604046875 0.4399548140625 0.51168491875 0.45536019375 0.507639559375 0.48378612656250003 0.5083240625000001 0.48526279375000003 0.5124759796875 0.4882751859375 0.5201177718750001 0.48989950000000004 0.5795519484375 0.4977404015625 0.5807778875 0.4966698125 0.58377120625 0.491981371875 0.6094740328125 0.361665065625 0.6074205218750001 0.357235059375 0.5749429640625 0.35033174218749996
24 0.225659040625 0.638966815625 0.1740770390625 0.6280027234375 0.15634160156250002 0.626895284375 0.1551156609375 0.627965875 0.15193438125 0.63447800625 0.15136587343750002 0.6371526281250001 0.1429795828125 0.7132436671875 0.14030323281249998 0.7446229343749999 0.1435888515625 0.75171094375 0.14932019531250001 0.752929178125 0.1996700796875 0.761235265625 0.21098967968750001 0.759647803125 0.21477973593750002 0.7418169890625 0.22662967968749997 0.6484913406249999 0.2263435453125 0.6404434859375 0.225659040625 0.638966815625
24 0.7039591453125 0.3652419546875 0.70013825625 0.3644297984375 0.6379211578125 0.3565298375 0.6316483875000001 0.3578588640625 0.6287061296875 0.3604282828125 0.6204221484375 0.39940135 0.602809175 0.48883968437499997 0.6037520796875 0.498092078125 0.6089921671875 0.49920589218750006 0.655903253125 0.506781040625 0.675549134375 0.5082945578125 0.67922695625 0.505082784375 0.7079231015625 0.3700780375 0.707238596875 0.36860136875 0.7039591453125 0.3652419546875
20 0.80582765 0.3791739703125 0.7733500921875 0.372270653125 0.734599765625 0.36669636250000004 0.7309219437500001 0.36990813437500003 0.707504128125 0.4631710671875 0.6986787109375 0.50469139375 0.6999108171875 0.5073493984375 0.7274212015625 0.5131969109375001 0.767865415625 0.5201961875000001 0.7734536828125 0.5173904921875 0.7780713109375 0.5050602703125 0.800301046875 0.4192656078125 0.8078811609375001 0.3836039765625 0.80582765 0.3791739703125
20 0.6357706828125 0.6728918296875 0.6367289875 0.674959165625 0.6438293296875 0.6791307359375 0.7014288 0.6993609171874999 0.707558503125 0.6940079609375001 0.7235463015625 0.6281852953125 0.735457909375 0.5721455890625 0.7295835078125 0.566903428125 0.6867261578125 0.552469128125 0.6676217125 0.5484083515625 0.6628610171875 0.55671464375 0.649523175 0.6081914421875 0.6357706828125 0.6728918296875
16 0.8351522812500001 0.574699865625 0.8344677765625 0.5732231984375 0.7656917734375 0.5586044078125 0.7595620703125 0.5639573609374999 0.7393836265625 0.6363438453125 0.7288256125 0.686015403125 0.797792659375 0.7006748015625 0.7985282234375 0.700032446875 0.8015215421875 0.69534400625 0.8083049156250001 0.6728247484375001 0.8313622234375 0.5925306828125 0.8351522812500001 0.574699865625
16 0.765083515625 0.207311771875 0.76140569375 0.2105235453125 0.7406695328125 0.292109690625 0.726646321875 0.3580837078125 0.8001984359375 0.37371769375 0.805592575 0.3690070921875 0.8440962453124999 0.22543761875 0.8420427328125 0.2210076125 0.815296509375 0.21532252812500002 0.765083515625 0.207311771875
4 0.460863203125 0.516441028125 0.45880969218749995 0.5120110234374999 0.3925164015625 0.513894021875 0.38972226875 0.5152968687499999 0.383841665625 0.542962934375 0.378133175 0.6426228640625 0.3801866875 0.6470528703125 0.3840075765625 0.647865025 0.41428855468750003 0.6463144093750001 0.45084230312500007 0.6434347671875 0.454520125 0.6402229937499999 0.45614443437499996 0.6325812156249999 0.460097296875 0.5482263734374999 0.460863203125 0.516441028125
4 0.9213838984375 0.2892553625 0.8927272343749999 0.2831642015625 0.8632553234375001 0.279029628125 0.8455198859375 0.277922190625 0.8418420640625 0.2811339640625 0.838307309375 0.28836966406250003 0.8128289531249999 0.389447884375 0.8057902765625 0.42256225625 0.8064747796875 0.42403892499999996 0.8106266968750001 0.42705131874999996 0.8184595140625 0.42871623437500006 0.879613109375 0.4369226109375 0.8857428125 0.43156965625000004 0.9215392984375 0.3007364796875 0.9226221718750001 0.29564195937500004 0.9217945999999999 0.2901413640625 0.9213838984375 0.2892553625
49 0.67169764375 0.7199310515625 0.635399196875 0.712215578125 0.6042906484375 0.7082655984375 0.6006128265624999 0.7114773703124999 0.576248175 0.8261040421875 0.577890984375 0.8296480468749999 0.592219315625 0.8326936281249999 0.6246937921875 0.8377326484375001 0.644339675 0.8392461656249999 0.645565615625 0.8381755734375 0.6485589328125 0.8334871328125001 0.6723821484375 0.72140771875 0.67169764375 0.7199310515625
49 0.2753181796875 0.11412455156250001 0.266835671875 0.15403161406250002 0.25762466875 0.22085100937500002 0.2527825703125 0.262419315625 0.2541736796875 0.2688383984375 0.3292923578125 0.2848053671875 0.3300279234375 0.2841630125 0.3332092015625 0.27765088125 0.33412964375 0.273320540625 0.344902015625 0.20479189375 0.3537894734375 0.1347976578125 0.35173596093750004 0.13036765156250002 0.3491124 0.127680121875 0.3032617359375 0.1179342609375 0.2753181796875 0.11412455156250001
36 0.2000787953125 0.0928072359375 0.1944333015625 0.0940033609375 0.1902140421875 0.0997623921875 0.16118902968749999 0.19263218124999998 0.15003002031249998 0.24513119687499998 0.151589175 0.2470333890625 0.22297612031249997 0.262207153125 0.22690221406250002 0.260645559375 0.2305800359375 0.2574337859375 0.23628053593749998 0.2400090484375 0.27290459375 0.11467646718749999 0.269618975 0.1075884578125 0.2000787953125 0.0928072359375
36 0.8369106390625 0.79658074375 0.8404145609375 0.7707020734375 0.8383610499999999 0.76627206875 0.8197980406250001 0.759664034375 0.774488809375 0.7473709125 0.77280110625 0.7496745265625 0.748923746875 0.8620086656250001 0.7488982171874999 0.8630681765625001 0.750951728125 0.8674981828125 0.7861673015624999 0.8803081734375 0.8142825328125 0.8889465968750001 0.8179603546875001 0.8857348234375 0.8369106390625 0.79658074375
45 0.759820196875 0.736532203125 0.7177904171875 0.727598496875 0.6924132015625 0.72486675 0.6887353796875 0.728078521875 0.6836397078124999 0.7482941656250001 0.6633087609375 0.8439437546875 0.6660962953125 0.8467992578124999 0.672209728125 0.8480987078125001 0.7242790125 0.856770265625 0.7317777234375 0.8543706468750001 0.7363953515625 0.842040428125 0.7496759671875 0.788954059375 0.7605047 0.738008871875 0.759820196875 0.736532203125
45 0.40816758281250004 0.13730410625 0.3626030484375 0.1356061015625 0.3544198328125 0.1365290515625 0.3510444265625 0.1411362765625 0.34983521875 0.14682515625 0.3392398671875 0.27840026875 0.3395260015625 0.286448125 0.34144261249999996 0.290582796875 0.3603560078125 0.2946029640625 0.40624849375 0.296636909375 0.41565764843749997 0.2946433703125 0.4277937265625 0.20936557812499998 0.433146428125 0.1466070421875 0.429723909375 0.1392237 0.40816758281250004 0.13730410625
28 0.306193959375 0.6536889296874999 0.29282085625 0.6508463890625 0.24653702968750002 0.643138334375 0.24383996093750002 0.645493634375 0.234816015625 0.6879479578125001 0.224767328125 0.759647753125 0.2261584359375 0.7660668359375 0.26727119843749997 0.7748056234375 0.2936863984375 0.778290471875 0.29491233906250003 0.7772198796875001 0.3008681421875 0.7492000265625001 0.313831790625 0.66942283125 0.31340258906249996 0.657351046875 0.306193959375 0.6536889296874999
8 0.5437665546875 0.5412510125 0.53505493125 0.5393993 0.47550233750000004 0.54244884375 0.47488936718749997 0.5429841390625 0.46834700781249994 0.573763521875 0.4635709921875 0.669036503125 0.465487603125 0.673171175 0.4780965390625 0.6758512875 0.4972744890625 0.67486923125 0.5357386828124999 0.6723956656250001 0.5394165046875 0.66918389375 0.5410408140625 0.661542115625 0.545218146875 0.5479491859375 0.5437665546875 0.5412510125
12 0.5439586515625 0.6689513015624999 0.5448485062499999 0.67087096875 0.6157259984375 0.6859364453125 0.63137351875 0.61232065 0.6402918078125001 0.560969384375 0.638238296875 0.5565393796875 0.5713727375000001 0.542326665625 0.5707597671875 0.5428619625 0.5439586515625 0.6689513015624999
12 0.6710596765625 0.1527158984375 0.6698337359375001 0.1537864890625 0.6668404171875 0.15847493125 0.6308748828125 0.275073 0.6250634625 0.302413584375 0.6252003625 0.30270891875 0.628479815625 0.3060683328125 0.6803193390625 0.324275496875 0.6963670734375 0.3276865484375 0.7017612109375 0.32297594687500003 0.741664721875 0.20100277968750002 0.745996215625 0.1806247046875 0.743942703125 0.17619469999999998 0.690164121875 0.15677667343749999 0.6710596765625 0.1527158984375
8 0.5985079234375 0.15633031875 0.5597575953125 0.1507560265625 0.553484825 0.152085053125 0.5530629 0.1526609578125 0.533950184375 0.2425792125 0.52709749375 0.280924690625 0.5246764453125 0.30170884375 0.5250186968749999 0.3024471765625 0.5944315171875 0.3172013265625 0.605456553125 0.31621683906250003 0.61141235625 0.2881969859375 0.6295042375000001 0.1748993421875 0.629218103125 0.16685148593750002 0.627164590625 0.16242148125 0.5985079234375 0.15633031875