44 0.583984375 0.9357638890625 0.5869140625 0.940972221875 0.6181640625 0.940972221875 0.7666015625 0.9201388890625 0.771484375 0.9114583328125001 0.771484375 0.8975694437499999 0.751953125 0.7135416671875 0.75 0.699652778125 0.7451171875 0.6875 0.7197265625 0.6875 0.6865234375 0.690972221875 0.5791015625 0.7048611109375 0.5732421875 0.7083333328125 0.5703125 0.7135416671875 0.572265625 0.765625 0.58203125 0.925347221875 0.583984375 0.9357638890625
44 0.2978515625 0.965277778125 0.3115234375 0.965277778125 0.4638671875 0.9444444437499999 0.4755859375 0.940972221875 0.478515625 0.9357638890625 0.478515625 0.859375 0.474609375 0.734375 0.47265625 0.7135416671875 0.4697265625 0.7083333328125 0.4501953125 0.7083333328125 0.3037109375 0.7291666671875 0.296875 0.737847221875 0.294921875 0.7725694437499999 0.291015625 0.9427083328125001 0.291015625 0.953125 0.2939453125 0.9618055562500001 0.2978515625 0.965277778125
55 0 0.7135416671875 0.0068359375 0.71875 0.0341796875 0.7291666671875 0.0478515625 0.7291666671875 0.052734375 0.7204861109375 0.099609375 0.5225694437499999 0.109375 0.47743055625 0.111328125 0.44965277812500004 0.1083984375 0.44444444375 0.0927734375 0.4375 0.0478515625 0.4236111109375 0.0224609375 0.4166666671875 0.0087890625 0.4166666671875 0.0048828125 0.4201388890625 0 0.42881944375 0 0.7135416671875
55 0.853515625 0.668402778125 0.8583984375 0.6770833328125 0.8798828125 0.6770833328125 0.9560546875 0.6701388890625 0.9775390625 0.6666666671875 0.98046875 0.6614583328125 0.98046875 0.6475694437499999 0.96484375 0.546875 0.94140625 0.4045138890625 0.9365234375 0.3888888890625 0.9326171875 0.3854166671875 0.9208984375 0.3854166671875 0.8251953125 0.3958333328125 0.8203125 0.4045138890625 0.822265625 0.42881944375 0.8515625 0.6579861109375 0.853515625 0.668402778125
55 0.66015625 0.6510416671875 0.662109375 0.6579861109375 0.6669921875 0.6666666671875 0.7158203125 0.6666666671875 0.7802734375 0.6631944437499999 0.78515625 0.6545138890625 0.78515625 0.640625 0.771484375 0.48784722187499996 0.76171875 0.39756944375000003 0.7568359375 0.3888888890625 0.7138671875 0.3888888890625 0.6513671875 0.3923611109375 0.646484375 0.4010416671875 0.646484375 0.41493055625 0.654296875 0.5607638890625 0.66015625 0.6510416671875
55 0.6142578125 0.659722221875 0.619140625 0.6510416671875 0.619140625 0.6267361109375 0.61328125 0.390625 0.6103515625 0.3854166671875 0.5888671875 0.38194444375000003 0.5244140625 0.38194444375000003 0.5009765625 0.3854166671875 0.498046875 0.39409722187499996 0.49609375 0.5295138890625 0.49609375 0.6510416671875 0.4990234375 0.65625 0.6142578125 0.659722221875
55 0.3759765625 0.6805555562500001 0.4501953125 0.6736111109375 0.4560546875 0.6701388890625 0.458984375 0.6614583328125 0.458984375 0.6197916671875 0.45703125 0.42534722187499996 0.455078125 0.4045138890625 0.4521484375 0.39930555624999997 0.4150390625 0.39930555624999997 0.3701171875 0.40277777812500004 0.3505859375 0.40625 0.3447265625 0.40972222187499996 0.341796875 0.41493055625 0.33984375 0.46006944375 0.3359375 0.6163194437499999 0.3359375 0.6788194437499999 0.3369140625 0.6805555562500001 0.3759765625 0.6805555562500001
55 0.2802734375 0.6666666671875 0.28515625 0.6545138890625 0.287109375 0.6336805562500001 0.302734375 0.421875 0.302734375 0.4010416671875 0.2998046875 0.3958333328125 0.2822265625 0.3923611109375 0.1982421875 0.3923611109375 0.1943359375 0.3958333328125 0.189453125 0.4045138890625 0.16796875 0.5989583328125 0.1640625 0.637152778125 0.1640625 0.6614583328125 0.1669921875 0.6666666671875 0.2802734375 0.6666666671875
55 0.1005859375 0.44097222187499996 0.1142578125 0.44097222187499996 0.1171875 0.42881944375 0.1171875 0.421875 0.1142578125 0.40972222187499996 0.0791015625 0.40972222187499996 0.0537109375 0.41319444375 0.0478515625 0.4166666671875 0.046875 0.41840277812500004 0.0498046875 0.4236111109375 0.0654296875 0.43055555625 0.1005859375 0.44097222187499996
55 0.0830078125 0.7013888890625 0.0908203125 0.6944444437499999 0.095703125 0.6822916671875 0.109375 0.515625 0.109375 0.5052083328125 0.1083984375 0.503472221875 0.1064453125 0.503472221875 0.103515625 0.5086805562500001 0.095703125 0.5329861109375 0.0625 0.675347221875 0.060546875 0.6857638890625 0.060546875 0.699652778125 0.0615234375 0.7013888890625 0.0830078125 0.7013888890625
55 0.0888671875 0.3333333328125 0.2236328125 0.34722222187499996 0.228515625 0.3385416671875 0.23046875 0.33159722187499996 0.248046875 0.19965277812499999 0.248046875 0.18576388906250002 0.2451171875 0.18055555625 0.1103515625 0.1666666671875 0.103515625 0.17534722187500001 0.0859375 0.265625 0.078125 0.3107638890625 0.078125 0.328125 0.0791015625 0.3298611109375 0.0888671875 0.3333333328125
55 0.3857421875 0.3298611109375 0.4599609375 0.33680555624999997 0.462890625 0.33159722187499996 0.46484375 0.3142361109375 0.47265625 0.19965277812499999 0.47265625 0.171875 0.4599609375 0.1666666671875 0.3486328125 0.15625 0.3291015625 0.15625 0.326171875 0.1614583328125 0.32421875 0.171875 0.314453125 0.24826388906250002 0.30859375 0.30381944375000003 0.30859375 0.3142361109375 0.3115234375 0.31944444375000003 0.3857421875 0.3298611109375
55 0.5732421875 0.31597222187499996 0.5771484375 0.31944444375000003 0.6787109375 0.31597222187499996 0.7255859375 0.3125 0.73046875 0.3072916671875 0.73046875 0.2829861109375 0.72265625 0.17881944375 0.720703125 0.15798611093749998 0.7158203125 0.1458333328125 0.6494140625 0.1458333328125 0.5712890625 0.15277777812499999 0.568359375 0.15798611093749998 0.568359375 0.1927083328125 0.5703125 0.296875 0.5732421875 0.31597222187499996
55 0.7939453125 0.30902777812500004 0.7998046875 0.3125 0.9228515625 0.3263888890625 0.9541015625 0.3263888890625 0.955078125 0.32465277812500004 0.95703125 0.3142361109375 0.9453125 0.171875 0.9384765625 0.15972222187500001 0.9306640625 0.15625 0.8232421875 0.1458333328125 0.7900390625 0.1458333328125 0.7890625 0.14756944375 0.787109375 0.15798611093749998 0.7890625 0.237847221875 0.791015625 0.30034722187499996 0.7939453125 0.30902777812500004