3 0.4947916671875 0.14453125 0.5017361109375 0.146484375 0.6475694437499999 0.150390625 0.730902778125 0.150390625 0.7361111109375 0.1474609375 0.7361111109375 0.1298828125 0.7291666671875 0.0556640625 0.7256944437499999 0.0478515625 0.7204861109375 0.044921875 0.706597221875 0.04296875 0.48090277812500004 0.033203125 0.47569444375 0.0361328125 0.47569444375 0.0576171875 0.4861111109375 0.1396484375 0.4947916671875 0.14453125
48 0.1822916671875 0.16015625 0.2552083328125 0.16015625 0.4427083328125 0.15625 0.4513888890625 0.1513671875 0.4513888890625 0.1396484375 0.43055555625 0.0498046875 0.4270833328125 0.0458984375 0.41840277812500004 0.041015625 0.15451388906250002 0.041015625 0.14930555625 0.0439453125 0.1458333328125 0.0498046875 0.17013888906250002 0.1474609375 0.17361111093749998 0.1552734375 0.1822916671875 0.16015625
52 0.19444444375 0.2724609375 0.203125 0.27734375 0.234375 0.27734375 0.4392361109375 0.271484375 0.46006944375 0.26953125 0.46527777812500004 0.2666015625 0.46527777812500004 0.2509765625 0.4513888890625 0.1767578125 0.4479166671875 0.1630859375 0.4427083328125 0.16015625 0.4357638890625 0.158203125 0.17881944375 0.16015625 0.17013888906250002 0.1650390625 0.17013888906250002 0.1708984375 0.19097222187500001 0.2666015625 0.19444444375 0.2724609375
43 0.21354166718749998 0.392578125 0.24479166718749998 0.39453125 0.4739583328125 0.39453125 0.4791666671875 0.3916015625 0.4791666671875 0.3271484375 0.47569444375 0.2880859375 0.4739583328125 0.287109375 0.4670138890625 0.28515625 0.22395833281250002 0.279296875 0.21354166718749998 0.279296875 0.20486111093749998 0.2822265625 0.20138888906250002 0.2861328125 0.20486111093749998 0.3505859375 0.20833333281250002 0.3896484375 0.21354166718749998 0.392578125
23 0.22395833281250002 0.513671875 0.3420138890625 0.51171875 0.4704861109375 0.5078125 0.48090277812500004 0.505859375 0.4861111109375 0.5029296875 0.4826388890625 0.4306640625 0.4791666671875 0.4033203125 0.4739583328125 0.400390625 0.33506944375000003 0.400390625 0.21354166718749998 0.40234375 0.20833333281250002 0.4052734375 0.20833333281250002 0.4365234375 0.215277778125 0.5068359375 0.22395833281250002 0.513671875
19 0.515625 0.61328125 0.699652778125 0.623046875 0.734375 0.623046875 0.7430555562500001 0.6181640625 0.746527778125 0.6083984375 0.7604166671875 0.5361328125 0.7604166671875 0.5244140625 0.7586805562500001 0.5234375 0.7517361109375 0.521484375 0.7170138890625 0.517578125 0.5399305562500001 0.5078125 0.5295138890625 0.5078125 0.5225694437499999 0.509765625 0.5173611109375 0.5146484375 0.5 0.5947265625 0.5 0.6083984375 0.5052083328125 0.611328125 0.515625 0.61328125
15 0.230902778125 0.625 0.26215277812500004 0.625 0.4635416671875 0.6171875 0.4861111109375 0.6142578125 0.4895833328125 0.6103515625 0.49305555625 0.6005859375 0.49305555625 0.5712890625 0.4895833328125 0.5205078125 0.4861111109375 0.5126953125 0.48090277812500004 0.509765625 0.3072916671875 0.51171875 0.22743055625 0.515625 0.222222221875 0.5185546875 0.222222221875 0.6162109375 0.22569444375 0.6220703125 0.230902778125 0.625
11 0.543402778125 0.73828125 0.734375 0.728515625 0.7395833328125 0.7255859375 0.7430555562500001 0.6865234375 0.7430555562500001 0.6318359375 0.734375 0.626953125 0.5295138890625 0.6328125 0.5052083328125 0.634765625 0.5 0.6376953125 0.5 0.7373046875 0.5017361109375 0.73828125 0.543402778125 0.73828125
7 0.42881944375 0.880859375 0.6267361109375 0.87109375 0.6388888890625 0.8662109375 0.6493055562500001 0.7763671875 0.6493055562500001 0.7724609375 0.644097221875 0.76953125 0.512152778125 0.771484375 0.4357638890625 0.7734375 0.4045138890625 0.775390625 0.3958333328125 0.7802734375 0.3923611109375 0.8037109375 0.3854166671875 0.8701171875 0.3854166671875 0.8779296875 0.390625 0.880859375 0.42881944375 0.880859375
23 0.22395833281250002 0.513671875 0.4739583328125 0.5078125 0.4861111109375 0.5029296875 0.4826388890625 0.4306640625 0.4791666671875 0.4033203125 0.47743055625 0.40234375 0.4704861109375 0.400390625 0.22395833281250002 0.400390625 0.21354166718749998 0.40234375 0.20833333281250002 0.4052734375 0.20833333281250002 0.4560546875 0.215277778125 0.5087890625 0.22395833281250002 0.513671875
31 0.5364583328125 0.3828125 0.546875 0.384765625 0.762152778125 0.373046875 0.7743055562500001 0.3681640625 0.7604166671875 0.2822265625 0.7569444437499999 0.2744140625 0.7517361109375 0.271484375 0.7447916671875 0.26953125 0.7239583328125 0.26953125 0.5225694437499999 0.27734375 0.5173611109375 0.2802734375 0.5173611109375 0.3017578125 0.53125 0.3740234375 0.5364583328125 0.3828125
35 0.5086805562500001 0.263671875 0.671875 0.267578125 0.7413194437499999 0.267578125 0.746527778125 0.2646484375 0.746527778125 0.2275390625 0.7430555562500001 0.1708984375 0.737847221875 0.1640625 0.730902778125 0.162109375 0.515625 0.154296875 0.5017361109375 0.154296875 0.49652777812500004 0.1572265625 0.49305555625 0.1611328125 0.49305555625 0.1669921875 0.5 0.2568359375 0.5086805562500001 0.263671875
27 0.6649305562500001 0.494140625 0.769097221875 0.4921875 0.7743055562500001 0.4892578125 0.777777778125 0.4853515625 0.777777778125 0.3974609375 0.7725694437499999 0.392578125 0.765625 0.390625 0.5399305562500001 0.390625 0.534722221875 0.3935546875 0.534722221875 0.4873046875 0.543402778125 0.494140625 0.6649305562500001 0.494140625
39 0.22395833281250002 0.755859375 0.27256944375000003 0.75390625 0.4704861109375 0.73828125 0.4826388890625 0.7333984375 0.4826388890625 0.6904296875 0.4791666671875 0.6357421875 0.4739583328125 0.6328125 0.4670138890625 0.630859375 0.46006944375 0.630859375 0.32118055624999997 0.63671875 0.234375 0.642578125 0.21180555625 0.6455078125 0.20833333281250002 0.6494140625 0.21180555625 0.7412109375 0.215277778125 0.7509765625 0.22395833281250002 0.755859375
11 0.512152778125 0.740234375 0.734375 0.728515625 0.7395833328125 0.7255859375 0.7430555562500001 0.6865234375 0.7430555562500001 0.6318359375 0.734375 0.626953125 0.5295138890625 0.6328125 0.5052083328125 0.634765625 0.5 0.6376953125 0.5 0.7373046875 0.5017361109375 0.73828125 0.512152778125 0.740234375