55 0.7460005390625 0.5201791078125 0.7515673671875 0.561656575 0.7554727671875 0.5785727234375 0.7568148406249999 0.580044659375 0.8128302765625 0.5737050546875 0.8422802265625 0.5669059984375 0.8437949078125 0.5617455062500001 0.8436956406249999 0.54395064375 0.8236550609375 0.39463176093749996 0.8155318296875 0.359446175 0.8096905781249999 0.357587534375 0.7860726984374999 0.35947659375 0.7415210890624999 0.3661985875 0.733908821875 0.3679560171875 0.7311038562500001 0.3775124859375 0.7460005390625 0.5201791078125
55 0.6110662 0.5295934640625 0.6189167078125 0.570543703125 0.62610264375 0.6016694125 0.63227618125 0.60844031875 0.6711185921875 0.603036396875 0.7034707234375001 0.5955673203125 0.7146690359375001 0.5876366515625 0.7126667015625 0.570281146875 0.6985079937500001 0.4915881546875 0.6894077578125 0.44522475000000006 0.6764418296875 0.38906314375 0.6756365859375 0.38817998125000003 0.6710493718749999 0.385675465625 0.6379161609375 0.3897613140625 0.59414563125 0.3998665375 0.5924626515625 0.4056004171875 0.6110662 0.5295934640625
55 0.5187962890625 0.6303629484375 0.5849040578125 0.61510076875 0.6006187609375 0.608933709375 0.6011797546875 0.607022415625 0.60126498125 0.6052209625 0.5655305687500001 0.450438215625 0.556658190625 0.4141783390625 0.5499478250000001 0.4068186609375 0.477631296875 0.4235142484375 0.472142184375 0.4301268421875 0.5128576140625001 0.6238496328124999 0.5187962890625 0.6303629484375
55 0.4022258703125 0.673845884375 0.405446846875 0.67737853125 0.418514575 0.674361609375 0.4873753625 0.6484858874999999 0.48849735 0.6446633 0.46975142812500004 0.5634657953125 0.4399495671875 0.4474034171875 0.435923346875 0.442987609375 0.4130865484375 0.44825989999999993 0.3575567125 0.468207084375 0.35598593125 0.47355870624999996 0.4022258703125 0.673845884375
55 0.23384184531250002 0.48714730937499995 0.22454659999999999 0.49463862187499996 0.272775028125 0.66880911875 0.2807066484375 0.6901410734375 0.284835140625 0.6923951374999999 0.36533485468750004 0.6738103140625 0.3671300328125 0.6676941734375 0.3596316640625 0.635215171875 0.35753267499999997 0.6278599390624999 0.3233636875 0.51458756875 0.31018459374999996 0.47486753281249994 0.3088425203125 0.473395596875 0.30425530625 0.47089108125 0.23384184531250002 0.48714730937499995
55 0.0676421921875 0.5673447640625 0.0659592125 0.57307864375 0.0706456921875 0.5933780203125 0.0934393859375 0.64869613125 0.14439506562499999 0.7652200984374999 0.1499868953125 0.7732389125 0.16470508125 0.7698409515625 0.209660321875 0.74837065 0.229897709375 0.733141446875 0.22335290937500002 0.7047928031249999 0.1519381125 0.5461017390625 0.145007659375 0.5334475359375 0.1409814390625 0.529031728125 0.13146610625 0.5312285171875 0.085110696875 0.5561847296875 0.0676421921875 0.5673447640625
55 0.15416618124999998 0.550977225 0.18627275625 0.5268161250000001 0.187619140625 0.5222290218750001 0.1871504921875 0.5201990828125 0.1866136625 0.519610309375 0.14699017187500002 0.521631 0.1445218015625 0.530040690625 0.1495207140625 0.551693359375 0.15016974375 0.5518998749999999 0.15416618124999998 0.550977225
55 0.20483182812499998 0.7487281375 0.20530155625000002 0.749243315625 0.2108680171875 0.747958196875 0.22061735468750002 0.7433019843750001 0.226667459375 0.7347780968750001 0.22835043906250002 0.7290442140625 0.2255670265625 0.70830548125 0.2122042875 0.6356649484375 0.1988868734375 0.5779808875 0.19835004375 0.5773921125 0.1966670640625 0.5831259953125 0.196425425 0.6081266703125 0.2008271609375 0.7140171296875 0.20326966875000002 0.7419616796875 0.20483182812499998 0.7487281375
55 0.10835453125000001 0.338653253125 0.11534519843749999 0.3689331578125 0.1382815234375 0.43615625312499995 0.1496783703125 0.463815309375 0.15551962187499999 0.46567394999999995 0.164368878125 0.46363093749999995 0.26151912187500004 0.42730416875 0.26174351875 0.42653965156250007 0.256432175 0.4035336921875 0.2523662484375 0.3919999390625 0.221420846875 0.3100553484375 0.21202633437500001 0.299751796875 0.1709399515625 0.31280089375000003 0.108578928125 0.3378887359375 0.10835453125000001 0.338653253125
55 0.29059401875 0.2849538546875 0.28510490625 0.2915664484375 0.307316053125 0.37909105625 0.316248840625 0.40910076249999994 0.321056140625 0.41689980000000004 0.32432452968750003 0.41868426562499994 0.332941853125 0.4166948 0.4271876921875 0.3817067328125 0.43189572500000006 0.3717109078125 0.42140077812500004 0.3349347421875 0.395042590625 0.255494665625 0.3910163703125 0.251078859375 0.29059401875 0.2849538546875
55 0.5693479421875 0.2056315046875 0.4856130140625 0.2249632359375 0.48549219531250004 0.2374635734375 0.48827560937500003 0.258202309375 0.5055586375 0.35042821874999996 0.5095848562499999 0.3548440234375 0.517978203125 0.356469825 0.60892858125 0.33854584062500004 0.623582215625 0.3351627828125 0.625110921875 0.3299545078125 0.6223275078125 0.309215775 0.6015792531249999 0.2106627640625 0.5981140265625 0.20433566406249998 0.596771953125 0.202863728125 0.5693479421875 0.2056315046875
55 0.677510465625 0.180972028125 0.645158334375 0.18844110625 0.6445973406250001 0.1903524 0.6458185953125 0.20432467499999998 0.673497303125 0.3155318859375 0.6748393765625 0.317003821875 0.683232721875 0.318629621875 0.7785311703125 0.3090116 0.7941838828125001 0.3053978859375 0.795941046875 0.3023729984375 0.7870054921875 0.263668853125 0.77274150625 0.20709421562500002 0.7645898 0.1804677375 0.7605635796875 0.1760519296875 0.7559763671875 0.17354741406250002 0.7380676875 0.174118403125 0.677510465625 0.180972028125
44 0.6055041328125 0.7724866625 0.611752771875 0.799552496875 0.619585125 0.8030895906250001 0.728527878125 0.79361781875 0.744056909375 0.790032659375 0.7461886828125001 0.7827697437500001 0.7434052703125 0.7620310109374999 0.7295220953125 0.6814926296875 0.716185153125 0.6237239875 0.7119419812500001 0.6214073124999999 0.613664334375 0.6298422718750001 0.5889244687499999 0.63555391875 0.5872414890625001 0.6412878 0.5892438234374999 0.6586433031250001 0.6055041328125 0.7724866625
44 0.3837154453125 0.7100131796875 0.40137908749999995 0.8021512156249999 0.41559474375 0.8637259921875 0.419084134375 0.867553025 0.43318668125000004 0.8678607515625 0.508398540625 0.8620782828125 0.5513364828125 0.852165278125 0.551953575 0.8500628546875 0.5157114609375 0.6930810109375 0.5149062171875001 0.69219785 0.510319003125 0.6896933359374999 0.4962164578125 0.689385609375 0.40364801093749997 0.6965024953125 0.3846173453125 0.7008960703125 0.3837154453125 0.7100131796875