51 0.4644456734375 0.98775763125 0.46624225625 0.9706642859375 0.46522903906249996 0.9634878125 0.462723715625 0.959296725 0.45161358125 0.95289198125 0.3624972546875 0.9225773890625 0.3518102171875 0.919621178125 0.33491111562500003 0.9178450109374999 0.3344681890625 0.918322159375 0.329531459375 0.9466069109375 0.32572052500000004 0.9828655218750001 0.3265556328125 0.9842625500000001 0.4605829984375 0.9983493937500001 0.4644456734375 0.98775763125
18 0.1876194984375 0.8403053249999999 0.1882008765625 0.853458984375 0.19037215624999998 0.8570912609375 0.20047276875 0.8581528781250001 0.28833493906249996 0.844344665625 0.3063611890625 0.841002278125 0.30890801875 0.8382586734374999 0.31283690937499997 0.8008777734375 0.31610529375 0.7202656578125 0.312425009375 0.7112377578125 0.3026781984375 0.7102133265624999 0.2342696890625 0.7234476890625 0.2021020421875 0.730540778125 0.19600255625000002 0.73251820625 0.192680603125 0.736096821875 0.1907751359375 0.754226128125 0.1876194984375 0.8403053249999999
14 0.22867769531249998 0.6262368859375 0.2911444828125 0.6485134765625 0.3252915140625 0.6599580078125 0.33888849374999996 0.6613871078125 0.3399958109375 0.6601942359375 0.3424826546875 0.6552185921875 0.3466027578125 0.6347035421875 0.3622349546875 0.540159909375 0.362606975 0.5366203781250001 0.35859845625000003 0.5299146390625 0.34915853750000003 0.5263039546875 0.25533280937499997 0.4994221484375 0.2460369203125 0.4984451109375 0.24395838906249998 0.49953590625000005 0.24285107031250003 0.5007287765624999 0.2233763578125 0.6112778828125001 0.22283193906249998 0.6164576828125 0.22422994531249998 0.621841640625 0.22867769531249998 0.6262368859375
10 0.2887009109375 0.4410014890625 0.35835602187500004 0.450941046875 0.3719530015625 0.45237014843749995 0.3764803671875 0.4494681140625 0.3902160609375 0.31878172031249996 0.26933244218749997 0.306076340625 0.26542378125 0.3167941953125 0.2553889875 0.43095398749999997 0.2562240953125 0.432351015625 0.2598367375 0.43534923125 0.2887009109375 0.4410014890625
6 0.275796459375 0.2601462375 0.27663156718750004 0.26154326562499997 0.280244209375 0.26454148125 0.39484731875 0.27658675312500003 0.40065611562500003 0.26803249375 0.417607025 0.144125571875 0.415602765625 0.1407727015625 0.3518912109375 0.1340763484375 0.3041112328125 0.130887428125 0.296069321875 0.13266070000000002 0.29274736875 0.1362393140625 0.2878106375 0.16452406718749998 0.27960739375 0.2238876265625 0.275796459375 0.2601462375
6 0.8997370437500001 0.6038109171875 0.9009804656249999 0.6013230968750001 0.90751349375 0.5391654781249999 0.9114420531249999 0.492445184375 0.9141271906249999 0.44821271406249996 0.911621865625 0.4440216265625 0.908009225 0.4410234125 0.8924698203125001 0.43939015625 0.7695525890625 0.4317080578125 0.7362591453125 0.4308272859375 0.73315865625 0.4341673265625 0.7195754 0.563403375 0.7193636734375 0.5822344015625001 0.7201987812499999 0.5836314312499999 0.7238114234374999 0.5866296453125 0.8090059390625 0.5982024609375001 0.8964150906249999 0.6073895328125001 0.8997370437500001 0.6038109171875
10 0.698982659375 0.8005709109374999 0.7162979921875 0.802390825 0.8351385375 0.7970755953124999 0.874803678125 0.7933890359375 0.8780148984375 0.7899297062499999 0.8808594875000001 0.7628652437500001 0.8822592296874999 0.6383712312500001 0.880026115625 0.6315902437500001 0.8771360015624999 0.6291916718749999 0.8738338796875 0.6288446046875 0.8506175218750001 0.6311177875 0.705553940625 0.647293125 0.700017353125 0.653257484375 0.6986563046875001 0.6662069875000001 0.695302375 0.7915430109375 0.698982659375 0.8005709109374999
14 0.8506882156250001 1 0.85129049375 0.9993511875 0.8531959609375 0.9812218796875 0.8571312687500001 0.8690395203125 0.85312275 0.86233378125 0.779310584375 0.8545758093750001 0.7633319421875 0.8552530468749999 0.685671878125 0.8654202218749999 0.6781928640625 0.8711804265625 0.6754338109375 0.8787459703125 0.668407896875 1 0.8506882156250001 1
30 0.7489421171874999 0.2541015625 0.7471048796875001 0.2510280984375 0.700486665625 0.24612832812500002 0.5947790546875 0.24287354374999998 0.5892424671875001 0.248837903125 0.5748106703125 0.3562511234375 0.57187080625 0.3842220515625 0.5753782609375 0.3900895734375 0.72688745625 0.40601383125 0.7302094078125 0.402435215625 0.7329684624999999 0.3948696703125 0.7382170609375 0.356143653125 0.7489421171874999 0.2541015625
30 0.434392134375 0.309546703125 0.509330103125 0.325278534375 0.5498488296875 0.3321557359375 0.5553854171875 0.3261913765625 0.55841668125 0.31603593124999996 0.5733604546875 0.23551625937499998 0.5783555 0.18799158124999998 0.5770193265625 0.185756334375 0.5559248546875 0.18092070625 0.478612615625 0.1709619046875 0.4448144171875 0.16740957031249998 0.43994221875 0.17265820781250002 0.43582211718749997 0.19317325624999998 0.417164034375 0.29595265625 0.418562040625 0.301336615625 0.4210673640625 0.305527703125 0.434392134375 0.309546703125
34 0.392347940625 0.5161796796875 0.3948532640625 0.5203707671875 0.41233509375 0.52220818125 0.5263568249999999 0.5210997921875 0.5295680468749999 0.5176404640625 0.5331407968749999 0.48364801562500004 0.53664535 0.39518336875000004 0.536063971875 0.3820297078125 0.5335586484375 0.37783862031250004 0.51801924375 0.3762053640625 0.41926470781249997 0.38153691093750003 0.40539551874999996 0.3826977125 0.3979165046875 0.3884579125 0.395738828125 0.4091771203125 0.3917665625 0.50302601875 0.392347940625 0.5161796796875
34 0.6885372453125 0.5803036703125 0.6916521859375 0.5749576234375 0.700616953125 0.489663559375 0.70516050625 0.4314864546875 0.7021953390625 0.4285562921875 0.6584907734375001 0.42396275625 0.554214209375 0.4195491265625 0.5500571484375001 0.42173071406249996 0.5464629875 0.4278992296875 0.5347949359374999 0.557598425 0.538970475 0.56458356875 0.6885372453125 0.5803036703125
2 0.46747536562500003 0.7291053125 0.4804896140625 0.7304731656250001 0.483368640625 0.7273716984374999 0.4993926875 0.6253628515625 0.5023869921874999 0.59687394375 0.5014083874999999 0.5931051734375 0.49501821250000005 0.588505771875 0.4797510171875 0.5842826140625 0.378497546875 0.5610715921875 0.37383573124999997 0.5605816156250001 0.3687420703125 0.566068825 0.3498487359375 0.689771590625 0.352354059375 0.693962678125 0.3598515515625 0.6973692078125 0.4417425953125 0.7216873703125 0.46747536562500003 0.7291053125
2 0.52289066875 0.604527840625 0.517626290625 0.6079022984375 0.5148672359375001 0.6154678437500001 0.5143228171875001 0.6206476453125 0.5064657 0.7140882296875 0.5054138203125 0.7427812968749999 0.5079191437499999 0.746972384375 0.537055528125 0.7500347406250001 0.5978151406250001 0.7511838109375 0.652747475 0.7517204093750001 0.6592335984375 0.7488671390625 0.6694550671874999 0.651616365625 0.672438959375 0.6110812109375 0.6713131625 0.6031073515625 0.6704780546875 0.601710321875 0.6491113734375 0.5994645921874999 0.62747248125 0.599808765625 0.52289066875 0.604527840625
42 0.4914265890625 0.9468643046875 0.5091026640625 0.9487221343750001 0.6253118062499999 0.9454869921875 0.6411234203125 0.9445303484375 0.6436702515625 0.9417867421875 0.658623628125 0.7995148609375 0.6570008984375 0.7945873437500001 0.643848515625 0.793204971875 0.5184918984375 0.8033342093750001 0.5085075609375 0.8049033250000001 0.5043504999999999 0.8070849109375 0.5007563375 0.8132534265625001 0.4890882859375 0.9429526234375001 0.4914265890625 0.9468643046875
42 0.33869354375 0.7435878671875 0.31976325 0.8489571703125 0.3181299921875 0.8644965750000001 0.32424795781250004 0.8716858765625 0.38811275156249997 0.8993464265625001 0.438924984375 0.9203980749999999 0.4428098359375 0.9208063890625 0.4483464234375 0.9148420296875001 0.464637634375 0.8215023499999999 0.4682035796875 0.78757465 0.46778417812499995 0.7859594624999999 0.46333642812500003 0.78156421875 0.36505239375 0.7450490390625 0.3517276234375 0.7410300375000001 0.342015496875 0.7400092515625001 0.33869354375 0.7435878671875
38 0.7517444609374999 0.3918679375 0.754249784375 0.3960590234375 0.7578624265625 0.3990572375 0.7889412359375 0.402323753125 0.9235130203124999 0.41123079531249995 0.93155493125 0.409457521875 0.93709151875 0.4034931640625 0.9398754484375 0.38074286874999996 0.953975903125 0.246586009375 0.9536963015625 0.24550921718750002 0.950731134375 0.242579053125 0.9306594046875001 0.24046942968749999 0.91207025625 0.23982488750000003 0.7825091203125 0.23930002031250003 0.7725247828125 0.24086913437500002 0.7692028296875 0.24444775000000002 0.760455165625 0.3089911109375 0.7517444609374999 0.3918679375