55 0.24009908906250002 0.0383125625 0.23898636562500003 0.03950039375 0.237100075 0.0437995078125 0.24509118437500002 0.074122540625 0.25836015 0.11938098593749999 0.263054946875 0.1235113046875 0.268523309375 0.12453034062499999 0.3894624765625 0.10856029062500001 0.41895541875 0.1033598890625 0.4216259546875 0.1005090953125 0.41653860624999994 0.07165730625 0.4082083390625 0.0394108203125 0.40259132812500004 0.0225519546875 0.39789653125 0.0184216359375 0.35105535468750004 0.022714489062500003 0.27856814218750003 0.03152943125 0.24009908906250002 0.0383125625
55 0.042730470312500005 0.125471909375 0.0373270390625 0.19980511875 0.039361978125 0.211345834375 0.0462822234375 0.2131004921875 0.16733056875000002 0.19849947031249998 0.21266909531249997 0.1905050640625 0.216997934375 0.1839903328125 0.22134203593750001 0.1336429734375 0.22246679062500002 0.11377737031249999 0.2193013296875 0.095825146875 0.2185753875 0.09545733437500001 0.20284860937500002 0.096247134375 0.1640404 0.1011068140625 0.073600965625 0.11308721562499999 0.04795493125 0.117609303125 0.042730470312500005 0.125471909375
55 0.6413458296875 0 0.6551782109375 0.0333468890625 0.6595338515625 0.0355537546875 0.769811803125 0.0161087765625 0.7874248703125 0.0110198625 0.7880925046875 0.0103071640625 0.786275071875 0 0.6413458296875 0
55 0.45625566875 0 0.447798059375 0.0014913046875 0.4447990453125 0.00697825 0.44494769375 0.0228180796875 0.447660946875 0.038205699999999995 0.4520165859375 0.0404125671875 0.47253341562499995 0.0367948953125 0.5843585 0.0111273515625 0.5917131546875 0.007847271875 0.595051325 0.0042837796875 0.5948713796875 0 0.45625566875 0
55 0.4590740765625 0.07218933749999999 0.4709445578125 0.13951018125 0.47428388125 0.14120211093749999 0.499000246875 0.1368439484375 0.6124321609375001 0.1096039609375 0.6171341765625 0.10252761562499998 0.6030252609375 0.0225119859375 0.6022993203125 0.022144175 0.5894763046875 0.02440521875 0.4908133921875 0.049735171875 0.4680711171875 0.055728503124999995 0.4607164640625 0.0590085828125 0.4590740765625 0.07218933749999999
55 0.665974928125 0.147066909375 0.697263090625 0.14154996250000002 0.7889783359375 0.12180823125 0.7963329906250001 0.1185281515625 0.7996711609375 0.114964659375 0.7957536859375 0.080750121875 0.788088746875 0.037280096875 0.7848946109375 0.035661728125 0.7780984125 0.036860081249999996 0.6600049140625 0.0652195203125 0.6544412953125 0.071158675 0.6549291015625001 0.0889219578125 0.6572186234374999 0.11390392187500001 0.6627807906250001 0.14544854062499998 0.665974928125 0.147066909375
55 0.6431573078125 0.2066214140625 0.643824940625 0.205908715625 0.6457112328125 0.20160960156250002 0.6346677125 0.15397549531250002 0.627694075 0.12942281875 0.622999278125 0.1252925 0.5479474625 0.13455965 0.494332384375 0.14242683125 0.480483525 0.144868759375 0.47759044375000004 0.14795711875 0.4906689015625 0.20713194218750003 0.49662507031249997 0.225914259375 0.503884471875 0.22959236875000003 0.5800680625 0.21774575000000002 0.6431573078125 0.2066214140625
55 0.4005253953125 0.2335379265625 0.437583915625 0.22700350937499997 0.4404769984375 0.2239151484375 0.4455412703125 0.1476584875 0.44350633124999994 0.13611777187500002 0.4420544515625 0.13538215 0.4365860890625 0.1343631140625 0.4029070859375 0.13831837656249998 0.3215115921875 0.14910073906250002 0.284017090625 0.15571203125 0.281257996875 0.1607600203125 0.2795203546875 0.1808989640625 0.2772111921875 0.24278704062499998 0.2815668328125 0.24499390625 0.2895998 0.24556073281250002 0.4005253953125 0.2335379265625
55 0.6735548640625 0.1780574203125 0.6738940203125 0.1799808734375 0.7008129656250001 0.2426650109375 0.7047341953124999 0.2499066125 0.7090898359375 0.25211347812499996 0.721912853125 0.24985243437500002 0.8301558640625 0.218866740625 0.83535030625 0.21533292343750002 0.83296264375 0.2017918171875 0.8110259843750001 0.14786778750000001 0.807443909375 0.1425496390625 0.8030882703125 0.14034277343749998 0.749909909375 0.1536860625 0.676893034375 0.174493928125 0.6735548640625 0.1780574203125
55 0.5141581796875 0.253364828125 0.5129502015625 0.261510846875 0.51456226875 0.330640525 0.518917909375 0.332847390625 0.5320800828125 0.3325098 0.6152326984375 0.324194165625 0.6602964453125 0.3162482125 0.6643267421875 0.3101827734375 0.6646009671875001 0.23675398125 0.66101889375 0.23143583125 0.6438402359375 0.231490009375 0.5197217968750001 0.24742567499999998 0.5141581796875 0.253364828125
55 0.29525663125 0.3556255671875 0.2962571421875 0.3612997515625 0.30003203125 0.36321236875 0.3135333609375 0.3647982296875 0.44613710468749995 0.3667031140625 0.4492935390625 0.36614654999999996 0.45652624062499997 0.35842565 0.4728664 0.28613051093749997 0.4732901296875 0.2765361703125 0.47281531093750007 0.2738433375 0.46904042187500006 0.2719307203125 0.344773334375 0.2720265546875 0.31588438281250003 0.273153946875 0.310320765625 0.2790931 0.3001691421875 0.32649797187499996 0.29525663125 0.3556255671875
55 0.0321322265625 0.265573546875 0.02879405625 0.26913703906249997 0.031846465625 0.2864481125 0.05465367343750001 0.355807025 0.0590093140625 0.358013890625 0.061196659375 0.3584215046875 0.1909655984375 0.3355397390625 0.23083775156250003 0.3277159015625 0.23579608125 0.3243427125 0.23150914218750002 0.3000302765625 0.22773194531250002 0.287606809375 0.21581960625000002 0.2500421734375 0.20976818281249998 0.23821804531250002 0.2042998203125 0.237199009375 0.15779780000000002 0.243415315625 0.0321322265625 0.265573546875
55 0.106620140625 0.487058396875 0.11329878906249999 0.49044225625 0.1386883625 0.485965390625 0.263156209375 0.45251547031249995 0.2807692765625 0.44742655625000005 0.28388490312500003 0.44410063125 0.28261306406250003 0.4368876796875 0.25447525 0.36579130625 0.2473108953125 0.3605098328125 0.2204008765625 0.3652547953125 0.107180125 0.3927550390625 0.081873246875 0.3992005796875 0.07708319687500001 0.40202845 0.075970471875 0.4032162796875 0.07868372500000001 0.4186039015625 0.106620140625 0.487058396875
55 0.3662476359375 0.474796075 0.369829709375 0.4801142234375 0.3721527171875 0.48129121875 0.386514496875 0.47875885 0.39179841875 0.477232175 0.5038140109375 0.437648253125 0.5137332671875 0.43391596562499996 0.5193999296875 0.4300608921875 0.517196259375 0.4175632578125 0.48521379375 0.35465637656250004 0.47795439218749997 0.3509782671875 0.3329381109375 0.39836435625 0.3295999390625 0.40192784843749996 0.33095656562500003 0.40962165937500006 0.3662476359375 0.474796075
55 0.551647540625 0.45697948281249995 0.5540574312500001 0.45714953124999996 0.6897249578125 0.4332276859375 0.692700734375 0.43210799843750003 0.695371271875 0.42925720468749995 0.6826528984375 0.35712773124999997 0.6799080375 0.352058609375 0.675552396875 0.34985174375 0.53672465 0.3723475671875 0.5333864796875 0.375911059375 0.5472919 0.45477261718750006 0.551647540625 0.45697948281249995
55 0.8425678359375001 0.3192521265625 0.8355771640625 0.314098690625 0.7891090609375 0.3205073421875 0.7067852875 0.33502324375 0.7036696625000001 0.3383491703125 0.7165576125 0.4114403703125 0.7230706609374999 0.41624170937500005 0.8509344640625001 0.393695871875 0.8549402687500001 0.38941968125000004 0.8425678359375001 0.3192521265625
55 0.3407742640625 0.5935232109374999 0.34880723125 0.5940900375 0.48401104687499996 0.5960322734375 0.49683406406249997 0.5937712296875 0.5001722359375 0.5902077375 0.5017193671875 0.5839851703125001 0.5082889171875 0.53126215 0.5090677171875 0.5244313421875 0.5055554890625 0.5045125078125 0.4728607375 0.5028021296875 0.35149740937499996 0.5043692078124999 0.345933790625 0.5103083609375 0.34438665625 0.516530928125 0.3360794671875 0.58939289375 0.3407742640625 0.5935232109374999
55 0.13266317968750002 0.6377551796875001 0.28969311875 0.6045134515624999 0.29525673750000003 0.5985742968750001 0.28915191875 0.56395215 0.2781083984375 0.5163180421875 0.27433351093749997 0.514405425 0.126099428125 0.54054309375 0.09969887656250001 0.5467848265625 0.09636070625 0.55034831875 0.1038221515625 0.592664278125 0.11418735625000001 0.6364514796875 0.1208660046875 0.639835340625 0.13266317968750002 0.6377551796875001
55 0.5276600453125 0.52189673125 0.5300341421875 0.5353608999999999 0.5431126 0.5945357234374999 0.546355515625 0.5979304203125 0.55071115625 0.6001372859375 0.6096970390625 0.5897364828125 0.69142519375 0.5733423484375 0.6947633640624999 0.56977885625 0.6886585453125 0.535156709375 0.678293340625 0.49136950781250005 0.671033940625 0.487691396875 0.6607755265625 0.4895002328125 0.5944349921875001 0.5031811140625 0.530998215625 0.5183332390625 0.5276600453125 0.52189673125
55 0.7413112140625 0.5188320656250001 0.74180864375 0.5216531359375 0.760720790625 0.585418540625 0.7611563546875 0.5856392265625 0.865279259375 0.5672795500000001 0.8900636921875 0.5616202703125001 0.8948537421875 0.5587924 0.8957439203125 0.557842134375 0.8915044625 0.533798971875 0.87761015 0.4834943328125 0.872915353125 0.47936401562500003 0.8575277328125 0.4820772671875 0.7460418046874999 0.509668265625 0.742703634375 0.5132317578125 0.7413112140625 0.5188320656250001
55 0.5408375671875 0.6686148000000001 0.5512027734375 0.7124020015625 0.5561414734375 0.7254139609375 0.5645901156249999 0.7281882359375 0.7040789015625 0.7035926 0.6914792328125 0.6321363296875 0.6890967671875 0.62462340625 0.6844019703125 0.6204930890625 0.563865603125 0.6417469015624999 0.5411233281250001 0.647740234375 0.5384634703125 0.65515063125 0.5408375671875 0.6686148000000001
55 0.4973102515625 0.6137181421875 0.374399790625 0.6215077859375 0.36670597968749996 0.6228644125 0.363367809375 0.6264279046875 0.36298679375 0.654260659375 0.36396240625 0.689787225 0.36735397187499996 0.7090217515624999 0.3717096125 0.7112286171875 0.4163253421875 0.709311425 0.4965319078125 0.7052834453125 0.5289624859375001 0.699565059375 0.5306197765625 0.6901498593750001 0.529983321875 0.6565467484374999 0.5283293953125 0.617173278125 0.5250864796875 0.61377858125 0.5130370296875 0.612928340625 0.4973102515625 0.6137181421875
55 0.1404129078125 0.6817060734375 0.1431261609375 0.6970936937500001 0.163029609375 0.7649813625 0.166368934375 0.76667329375 0.3399925921875 0.7360587578125 0.3414391328125 0.734514578125 0.3343168484375 0.6941220921875 0.330151709375 0.6779988296874999 0.3192568421875 0.6462045515625 0.3149012015625 0.6439976859375001 0.255915321875 0.6543984890625001 0.14375107812500001 0.67814258125 0.1404129078125 0.6817060734375
55 0.771055246875 0.6875188640625 0.77836804375 0.7139949921875 0.782723684375 0.7162018578125 0.808708875 0.7136032234374999 0.8939004 0.7018540296875 0.9127502359375 0.6985302953125 0.9153095 0.695798284375 0.9017432359375 0.618860178125 0.8973875953125001 0.6166533125 0.8919192328125 0.615634278125 0.8172065734375 0.6268248796875 0.765914503125 0.63586905625 0.7629154890625001 0.6413560015625 0.771055246875 0.6875188640625
55 0.36447084531249996 0.735411603125 0.36326286875 0.743557621875 0.3647262859375 0.7968474703124999 0.36879616406250004 0.8199289015625 0.375716409375 0.821683559375 0.386313978125 0.8217981765625 0.5001667859375 0.8188780109374999 0.5343492890625 0.8128507140625001 0.5359832 0.8082986125 0.5348749046875 0.7607719656249999 0.52870649375 0.7257891640625 0.5279805546875 0.725421353125 0.5225121890625 0.7244023187499999 0.49362323750000003 0.725529709375 0.3755028265625 0.730491484375 0.367809015625 0.7318481109375 0.36447084531249996 0.735411603125
55 0.180148859375 0.88006561875 0.1886269171875 0.8801573125000001 0.2012789609375 0.877926415625 0.3487343796875 0.8463729328125 0.354297996875 0.840433778125 0.3510755796875 0.7981636578125 0.34334281093749996 0.7543089468749999 0.343052434375 0.7541618234375 0.24303289687500002 0.771797965625 0.1715631546875 0.7863832656249999 0.168224984375 0.7899467578125 0.17511490624999998 0.874011846875 0.180148859375 0.88006561875
55 0.16750819374999998 0.88636018125 0.1641700234375 0.8899236734375 0.1794320703125 0.9764790421875 0.1892560734375 0.9797049437500001 0.20241824843749998 0.9793673515625001 0.325847909375 0.9670238343750001 0.3632095203125 0.960435975 0.36510099375 0.9496903671875 0.34863096875 0.8712810187500001 0.343936171875 0.8671507 0.3359032046875 0.8665838734375001 0.18289581562499999 0.8836469296875 0.16750819374999998 0.88636018125
55 0.399443821875 0.8505209734375001 0.39208916718750003 0.853801053125 0.388750996875 0.8573645453125 0.3921425625 0.8765990703125001 0.411367696875 0.940639834375 0.41398108125000005 0.9419639546875 0.43575689687499997 0.938124290625 0.5607396203125 0.8954606109375 0.5680942734375 0.89218053125 0.5726917984375001 0.8852614390625 0.5713962203125 0.87791385 0.5540935984375001 0.8202771625 0.5491549 0.8072652031249999 0.544799259375 0.8050583375 0.53710545 0.8064149625000001 0.46699233281249997 0.8286940734374999 0.399443821875 0.8505209734375001
55 0.600465 0.8583104765625 0.6049720046875 0.8622755828124999 0.63213970625 0.857485184375 0.745195521875 0.831798953125 0.751098296875 0.827783253125 0.7446940859375 0.7629692640625 0.7423482515625001 0.7496653734375001 0.7379664421875 0.7458104109375 0.6584637328125 0.759828884375 0.5972524046875 0.772605346875 0.5916887875 0.7785445015625 0.5942115328125 0.8078485000000001 0.600465 0.8583104765625
55 0.9450143578124999 0.8072750796875001 0.9343518546875 0.7318082171875 0.9270924546874999 0.7281301078125 0.9139302812500001 0.7284676984375 0.8202479281249999 0.7370534046875 0.7971664953125 0.741123284375 0.7948457953125 0.7504571343750001 0.8067162765625 0.8177779765625001 0.813975675 0.8214560859375 0.9211593609375001 0.8144562421874999 0.9416761875 0.810838571875 0.9450143578124999 0.8072750796875001