37 0.47461650781250003 0.39591860625 0.47537735625 0.394479784375 0.4639706765625 0.32246084375 0.45593087656250003 0.284184803125 0.45008972500000005 0.27851838125 0.44044433125 0.2800460609375 0.3545583765625 0.31210545624999997 0.35227583125 0.3164219171875 0.360830840625 0.3704361234375 0.3705001671875 0.41900058281249997 0.3732440078125 0.4238392578125 0.3744122390625 0.42497254218749997 0.3937030265625 0.42191718125 0.46730757343749996 0.399712853125 0.47461650781250003 0.39591860625
25 0.264559 0.42681548124999996 0.2799916296875 0.42437119218749997 0.3431360203125 0.3985503359375 0.34851587500000003 0.395061621875 0.350037571875 0.39218398125 0.34576006718749996 0.365176878125 0.34072171406249996 0.339608596875 0.329530690625 0.293921778125 0.3260880671875 0.288666453125 0.3151309 0.2904018984375 0.253236215625 0.3178704609375 0.24247650625 0.3248478875 0.24019396093749998 0.32916434843750003 0.24426777500000002 0.3548854 0.261054309375 0.423415628125 0.264559 0.42681548124999996
25 0.4760148609375 0.283640440625 0.480088675 0.309361490625 0.4993194984375 0.39332435 0.502063340625 0.3981630234375 0.5032315703125 0.399296309375 0.5148060437499999 0.3974630921875 0.619168021875 0.3572041265625 0.6208418890625 0.35403872187499996 0.6163335359375 0.3255740921875 0.5989606937499999 0.248347965625 0.5945873265625 0.233220871875 0.5910826359375 0.2298210171875 0.587224478125 0.2304320890625 0.4782974078125 0.279323978125 0.4760148609375 0.283640440625
46 0.7766132 0.336222203125 0.769040746875 0.21350004843749998 0.7682259828125 0.2083558375 0.7643139109375 0.2023838796875 0.7600483734375 0.200422846875 0.7279609671875 0.197595109375 0.6321061343750001 0.1916839984375 0.6166735046875 0.1941282875 0.61591265625 0.195567109375 0.6147983390625 0.20101685468750002 0.6222629656249999 0.310572946875 0.623485109375 0.3182892625 0.6293262609375 0.3239556859375 0.76275618125 0.34237188125 0.7743306546875 0.3405386640625 0.7766132 0.336222203125
29 0.2897962921875 0.56493253125 0.305228921875 0.5624882437500001 0.35111943125 0.552583271875 0.3738609953125 0.5463447359375 0.377311771875 0.5431615578125 0.3780726203125 0.5417227375 0.3687028484375 0.48256432031249996 0.3602556671875 0.4417161765625 0.354414515625 0.436049753125 0.3409109640625 0.43818850625000005 0.2934987578125 0.4509711171875 0.26923549687500004 0.460087296875 0.26736033125 0.4669758625 0.26817509375 0.47212007343750007 0.2862916015625 0.5615326781250001 0.2897962921875 0.56493253125
33 0.33345566875 0.7307166953124999 0.33462389843749996 0.7318499796875 0.3924962625 0.7226838984375 0.42102506249999994 0.7155287515625 0.42447583906249997 0.712345575 0.425693196875 0.7100434625 0.420539821875 0.6775063328125001 0.40274681250000005 0.6063670546875 0.399242121875 0.6029672015624999 0.389596728125 0.6044948828125001 0.32330111562499997 0.622904959375 0.31406310312499996 0.6270047453125 0.31025885937500003 0.634198846875 0.311073621875 0.6393430578125 0.33030444531250003 0.7233059171875 0.33345566875 0.7307166953124999
1 0.45605991875 0.851830359375 0.45727727656250006 0.8495282453125 0.4444447625 0.7685069375 0.43981378906249996 0.745510759375 0.43397263906249994 0.7398443359375 0.36552868125 0.7459388640625 0.3441159125 0.7493303140625 0.34213770625 0.7530712484375 0.359547278125 0.8505057031250001 0.36538842968749996 0.8561721265625 0.4028556890625 0.8555111500000001 0.43831239687499995 0.8546412906249999 0.45605991875 0.851830359375
41 0.476423925 1 0.4805549296875 0.9983703531250001 0.4828374765625 0.9940538906249999 0.4757145125 0.9159953328125001 0.4734535453125 0.90172015 0.47131494687500003 0.8984554796875001 0.377085878125 0.913379896875 0.376390725 0.9212680515624999 0.3847540109375 0.9990422750000001 0.3849057 1 0.476423925 1
9 0.5515445453125001 0.8054630375 0.565048096875 0.8033242843749999 0.5658089453125 0.8018854640624999 0.5668154328125 0.78326965625 0.5660392843750001 0.7271796796875 0.5589589953125 0.6824764937500001 0.5555465640625 0.6809076671875001 0.5030700453125 0.6846050328125 0.4540392796875 0.69237074375 0.452137159375 0.6959677953125001 0.453790615625 0.7563483546875001 0.45645056093749997 0.7981131078125 0.45726532343750004 0.8032573171875 0.4607700140625 0.806657171875 0.5515445453125001 0.8054630375
9 0.7681775796875 0.9571658375000001 0.7683693046875 0.9334058187500001 0.7664162937500001 0.883619215625 0.7643793859375 0.8707586890625001 0.7632111562499999 0.86962540625 0.637821034375 0.8894852500000001 0.6355384890625 0.8938017109375 0.6348315546875 0.9018235625000001 0.637299775 0.967348334375 0.63933668125 0.980208859375 0.6405049109375 0.9813421421875 0.6794938687500001 0.9778035265625 0.760515178125 0.9649710125000001 0.7658950328125 0.9614822984375 0.7681775796875 0.9571658375000001
13 0.537030290625 1 0.59914534375 0.9855198906249999 0.604878665625 0.9780202499999999 0.5992807953125 0.8971054859375001 0.5958893453125 0.8756927109375001 0.5957725218750001 0.8755793828125 0.48928737343749995 0.8924449734375001 0.487156996875 0.896473671875 0.49451379375000004 0.992863703125 0.495644071875 1 0.537030290625 1
13 0.592153415625 0.8558505578125001 0.5956581062499999 0.8592504109375 0.7099889640625 0.85696195 0.713847121875 0.856350878125 0.71958044375 0.8488512390625 0.719073678125 0.7445210375 0.7156924124999999 0.7231725640625 0.7142905359375 0.7218126234375 0.6401707796875 0.7282787828124999 0.591943809375 0.7359171843750001 0.5896612640625001 0.7402336453125 0.591338653125 0.8507063468749999 0.592153415625 0.8558505578125001
33 0.92886629375 0.860526290625 0.9276441484375001 0.8528099750000001 0.9264759187499999 0.8516766921875 0.7779368515625 0.87520296875 0.777176003125 0.8766417890625 0.775378684375 0.9402055265625 0.7766008281250001 0.9479218406250001 0.78010551875 0.9513216953124999 0.7843710578125 0.953282728125 0.9013379296874999 0.9426668796875 0.924486875 0.939000446875 0.92829111875 0.9318063437499999 0.92886629375 0.860526290625
1 0.7440738296875 0.7263236109375 0.7511310734375 0.833307596875 0.75398274375 0.8513123328125 0.7551509734375 0.8524456171875 0.761345590625 0.8541011140625001 0.9006466453125 0.8346746234375001 0.9059725859375 0.8246028781250001 0.9005269046875 0.7115630625 0.8977159734375 0.6938155375 0.8967706062499999 0.6915923046875 0.893265915625 0.6881924515625 0.86240065625 0.693081028125 0.7609742421875 0.71441865 0.74594899375 0.71943504375 0.7440738296875 0.7263236109375
17 0.5675344015625 0.6941695921875 0.569978690625 0.709602221875 0.57348338125 0.713002075 0.691672396875 0.7101025421875 0.693601475 0.70979700625 0.6978131000000001 0.7051750078125 0.6989274156249999 0.6997252625 0.69841220625 0.6839870968749999 0.6943959375000001 0.6086883265624999 0.6895616765625 0.5781660125 0.688257653125 0.576175359375 0.6666304046875 0.5769641531249999 0.569361703125 0.5870967453125 0.5639818484375 0.5905854578125 0.5616993015625 0.5949019203125 0.5675344015625 0.6941695921875
41 0.714148584375 0.669102546875 0.8377218515625 0.66482290625 0.8483317796875 0.663142459375 0.8519818562499999 0.6591367265625 0.853096171875 0.65368698125 0.8477912734374999 0.5484029203125 0.8437174578125 0.5226818703125 0.8407968828125 0.519848659375 0.7118225859375 0.532893621875 0.7011483593750001 0.534584253125 0.6953012109375 0.5376196531249999 0.693426046875 0.5445082203125 0.699668528125 0.646347996875 0.7025201984375 0.6643527328125 0.7060248875 0.6677525875 0.714148584375 0.669102546875
21 0.5291668031250001 0.5424442421875 0.646840609375 0.5238065421875 0.64874273125 0.520209490625 0.634077 0.4276137078125 0.6280739484375 0.39903426406250003 0.5611767234375 0.40962974374999994 0.5100198765624999 0.421555303125 0.504286553125 0.42905494375000003 0.5059160796875 0.4393433640625 0.5208813640625001 0.5213451890624999 0.5256621125 0.5390443890625 0.5291668031250001 0.5424442421875
50 0.6564668703125001 0.46098029062499996 0.6613554484375 0.49184555156250004 0.6648601375000001 0.49524540625 0.7954383890625001 0.4956568640625 0.8070128625 0.493823646875 0.8092954078125001 0.48950718593750003 0.8095949609374999 0.47891322968749994 0.8048911171875 0.427365125 0.7933146953125 0.35427447343749996 0.7927305812500001 0.3537078296875 0.6714981703125 0.36236264687499997 0.650278303125 0.36572354375 0.6479957578125 0.3700400046875 0.6489183484375001 0.38835027499999997 0.6564668703125001 0.46098029062499996
5 0.5110016640625 0.6169057640625 0.5206470578125 0.615378084375 0.5229296046874999 0.611061621875 0.5228217765625 0.5978955609375001 0.5186700890625 0.557949053125 0.509096625 0.497504584375 0.50769475 0.49614464218750004 0.44129130781250003 0.501388659375 0.4046388109375 0.5071938453125 0.4023562640625 0.51151030625 0.41071955000000004 0.5892845296875 0.4152007453125 0.6175776859375001 0.416368975 0.6187109703125 0.42449267187500006 0.6200609312500001 0.5110016640625 0.6169057640625