43 0.384185384375 0.8792729140625 0.51831785625 0.8460021296875 0.4941215109375 0.69794685625 0.343775990625 0.727328734375 0.34401110468749996 0.73406149375 0.36768703125 0.87984905 0.384185384375 0.8792729140625
52 0.525142196875 0.637949871875 0.5251376999999999 0.637821109375 0.5022115968749999 0.501978421875 0.35298814843750004 0.5434162015624999 0.3531509546875 0.5480783890625001 0.3792455640625 0.6824504124999999 0.3845096703125 0.6822665859375 0.525142196875 0.637949871875
48 0.3772351140625 0.4730179953125 0.5114987484375 0.45316571093749997 0.5036160203125 0.3221881859375 0.359738240625 0.3337707953125 0.3636365046875 0.44540247343750006 0.3649450328125 0.473447175 0.3772351140625 0.4730179953125
39 0.39097313906250003 0.281797059375 0.51717805 0.25697676875000003 0.5052411796875 0.1283467484375 0.362386475 0.14097778593750002 0.36288236406249996 0.1551781828125 0.38056743125 0.282160434375 0.39097313906250003 0.281797059375
39 0.669230459375 0.2533186703125 0.6713902765624999 0.2532432484375 0.6700793234375 0.1209856578125 0.5433690859375 0.12325693906249999 0.5402843484375001 0.12336466093750001 0.5359314875 0.23057203125 0.53677516875 0.2547318765625 0.669230459375 0.2533186703125
48 0.8294585578125 0.37592647968750004 0.8390417546875 0.2492582546875 0.7176809828125 0.2297384078125 0.7150419765625 0.22983056406250002 0.7030658546875 0.35878828125 0.8265139234375001 0.376029309375 0.8294585578125 0.37592647968750004
52 0.7475882859375 0.5632728375 0.8545369328125 0.555825253125 0.8434647484375001 0.428268 0.7167238359375 0.4381599703125 0.7173989656249999 0.45749313125 0.72738819375 0.563978240625 0.7475882859375 0.5632728375
43 0.8462024187500001 0.898473775 0.8326515859375 0.77100308125 0.7056836125 0.783157653125 0.7160664734375 0.9161503968750001 0.7271014203124999 0.915765046875 0.8462024187500001 0.898473775
19 0.543738275 0.9018433484375 0.61306811875 0.899422296875 0.68357069375 0.8964129468750001 0.6813945375 0.763030215625 0.549493825 0.7593681906249999 0.5406334375 0.7596776015625 0.5410245890625001 0.82413355625 0.543738275 0.9018433484375
23 0.57414009375 0.6631369265625 0.6910211421875 0.64037664375 0.67825805625 0.5117754734375 0.54179436875 0.5327772328125 0.5431480328125 0.5715411078125 0.5526400125 0.6638877265625001 0.57414009375 0.6631369265625
27 0.673348725 0.46893129062499994 0.6754037703125 0.343102253125 0.539365778125 0.3324112984375 0.5385663562499999 0.440339065625 0.5395756546875 0.46924157343750006 0.61579983125 0.4709409421875 0.673348725 0.46893129062499994
27 0.31350903125 0.50494895625 0.31024395312499997 0.3641675109375 0.1471716546875 0.36103840468750004 0.1485675625 0.420318221875 0.15157718125 0.5065024328125001 0.303027678125 0.5053149718750001 0.31350903125 0.50494895625
23 0.15308115 0.713800034375 0.1533907578125 0.7137892234375001 0.3150821734375 0.686124903125 0.296635959375 0.536807225 0.29624308906249996 0.53682094375 0.1331175609375 0.559916503125 0.1337596234375 0.5783027609375 0.15308115 0.713800034375
19 0.3048357609375 0.7629585171875 0.13842604375 0.7567029796875 0.14388661875 0.9130734078125 0.30826129999999996 0.90843023125 0.3048357609375 0.7629585171875
3 0.4315788953125 1 0.49590252812499996 0.9968494375000001 0.4919781140625 0.9552447828125 0.336290325 0.9606815203125001 0.33738535937499997 0.9920391609375001 0.3384130515625 1 0.4315788953125 1
15 0.26899904218750004 1 0.3081473375 0.9970784437500001 0.30364991875 0.963043590625 0.1395022484375 0.9666071468749999 0.14066835312499998 1 0.26899904218750004 1
15 0.6603471234375 0.9931418750000001 0.702057678125 0.991685309375 0.7036688515625 0.96767816875 0.5660557890625 0.9338965046875 0.5659940437500001 0.9338986609375001 0.556293675 0.992754459375 0.5564065874999999 0.9959878312500001 0.6603471234375 0.9931418750000001
3 0.8508881609375001 0.9682229390625 0.7188118593749999 0.9904387359375001 0.7188134828125 0.9904852484375001 0.7934586578125 0.9884935171875 0.8523300468749999 0.9864376828125 0.8508881609375001 0.9682229390625