55 0.32421875 0 0.3229166671875 0.0009765625 0.3203125 0.0048828125 0.3229166671875 0.0361328125 0.328125 0.0830078125 0.33203125 0.087890625 0.3372395828125 0.08984375 0.47265625 0.095703125 0.48828125 0.095703125 0.4921875 0.0927734375 0.4921875 0.0634765625 0.4895833328125 0.0302734375 0.4869791671875 0.0126953125 0.4830729171875 0.0078125 0.4361979171875 0.00390625 0.36328125 0 0.32421875 0
55 0.1171875 0.1396484375 0.1236979171875 0.146484375 0.1471354171875 0.146484375 0.2903645828125 0.138671875 0.296875 0.1357421875 0.296875 0.1240234375 0.2786458328125 0.0517578125 0.2721354171875 0.044921875 0.24609375 0.044921875 0.1549479171875 0.048828125 0.1158854171875 0.05078125 0.1002604171875 0.052734375 0.09635416718749999 0.0556640625 0.09635416718749999 0.0576171875 0.1041666671875 0.0908203125 0.1171875 0.1396484375
55 0.72265625 0 0.7213541671875 0.0009765625 0.7213541671875 0.0087890625 0.734375 0.0673828125 0.73828125 0.0703125 0.8502604171874999 0.0703125 0.8684895828125001 0.068359375 0.8697916671874999 0.0673828125 0.8697916671874999 0.0576171875 0.8645833328125001 0.0244140625 0.859375 0.0029296875 0.85546875 0 0.72265625 0
55 0.5299479171875 0 0.5286458328125 0.0009765625 0.5286458328125 0.0087890625 0.53125 0.0283203125 0.53515625 0.03125 0.54296875 0.033203125 0.6575520828125 0.0390625 0.6783854171875 0.0390625 0.6822916671875 0.0361328125 0.6822916671875 0.0205078125 0.6796875 0.0048828125 0.67578125 0 0.5299479171875 0
55 0.6705729171875 0.142578125 0.68359375 0.142578125 0.6875 0.1396484375 0.6875 0.0712890625 0.68359375 0.05859375 0.67578125 0.056640625 0.65234375 0.0546875 0.55078125 0.046875 0.5377604171875 0.046875 0.5338541671875 0.0498046875 0.5364583328125 0.1279296875 0.54296875 0.134765625 0.6705729171875 0.142578125
55 0.7278645828125 0.17578125 0.7356770828125 0.177734375 0.83984375 0.181640625 0.8606770828125001 0.181640625 0.8645833328125001 0.1787109375 0.8645833328125001 0.1533203125 0.8619791671874999 0.1220703125 0.859375 0.1044921875 0.8528645828125001 0.099609375 0.7252604171875 0.091796875 0.7213541671875 0.0947265625 0.7213541671875 0.1298828125 0.7239583328125 0.1728515625 0.7278645828125 0.17578125
55 0.55078125 0.234375 0.6471354171875 0.236328125 0.69140625 0.236328125 0.6927083328125 0.2353515625 0.6953125 0.2314453125 0.6927083328125 0.1826171875 0.6901041671875 0.1572265625 0.6861979171875 0.15234375 0.6106770828125 0.1484375 0.54296875 0.146484375 0.5390625 0.1494140625 0.5416666671875 0.2099609375 0.5442708328125 0.2294921875 0.55078125 0.234375
55 0.34765625 0.220703125 0.37890625 0.220703125 0.49609375 0.212890625 0.50390625 0.2109375 0.5078125 0.2080078125 0.4947916671875 0.1474609375 0.4895833328125 0.1279296875 0.4856770828125 0.123046875 0.45703125 0.123046875 0.3658854171875 0.126953125 0.33203125 0.12890625 0.3268229171875 0.130859375 0.3255208328125 0.1318359375 0.3255208328125 0.1435546875 0.34375 0.2177734375 0.34765625 0.220703125
55 0.7447916671875 0.2900390625 0.7486979171875 0.29296875 0.76171875 0.29296875 0.8736979171874999 0.28125 0.8802083328125001 0.2783203125 0.8802083328125001 0.2685546875 0.8671875 0.2080078125 0.8645833328125001 0.2021484375 0.8606770828125001 0.19921875 0.8059895828125001 0.203125 0.73046875 0.2109375 0.7265625 0.2138671875 0.7265625 0.2158203125 0.7421875 0.2822265625 0.7447916671875 0.2900390625
55 0.5872395828125 0.34765625 0.69140625 0.33984375 0.7044270828125 0.337890625 0.7083333328125 0.3349609375 0.6979166671875 0.2666015625 0.6953125 0.2587890625 0.6888020828125 0.25390625 0.5638020828125 0.259765625 0.546875 0.2626953125 0.5442708328125 0.2685546875 0.5572916671875 0.3408203125 0.5638020828125 0.34765625 0.5872395828125 0.34765625
55 0.36328125 0.359375 0.49609375 0.333984375 0.5091145828125 0.330078125 0.5130208328125 0.3271484375 0.5130208328125 0.3232421875 0.5026041671875 0.2939453125 0.484375 0.2490234375 0.4778645828125 0.244140625 0.44921875 0.248046875 0.3268229171875 0.26953125 0.3229166671875 0.2724609375 0.3255208328125 0.2841796875 0.3541666671875 0.3525390625 0.36328125 0.359375
55 0.08984375 0.283203125 0.09505208281250001 0.28515625 0.1627604171875 0.28515625 0.2643229171875 0.283203125 0.2708333328125 0.2802734375 0.2708333328125 0.2646484375 0.2682291671875 0.2431640625 0.2630208328125 0.2041015625 0.2591145828125 0.19140625 0.25390625 0.189453125 0.20703125 0.1875 0.07942708281250001 0.1875 0.07552083281250001 0.1904296875 0.07552083281250001 0.2080078125 0.0859375 0.2802734375 0.08984375 0.283203125
55 0.12109375 0.423828125 0.1419270828125 0.423828125 0.2747395828125 0.412109375 0.29296875 0.41015625 0.296875 0.4072265625 0.296875 0.4013671875 0.28125 0.3251953125 0.2747395828125 0.318359375 0.25390625 0.318359375 0.1315104171875 0.326171875 0.10546875 0.328125 0.1002604171875 0.330078125 0.09895833281250001 0.3310546875 0.09895833281250001 0.3466796875 0.1145833328125 0.4189453125 0.12109375 0.423828125
55 0.375 0.4580078125 0.37890625 0.4609375 0.3971354171875 0.458984375 0.5143229171875 0.439453125 0.5247395828125 0.4375 0.53125 0.4345703125 0.53125 0.4228515625 0.5104166671875 0.3544921875 0.50390625 0.349609375 0.3528645828125 0.37109375 0.3489583328125 0.3740234375 0.3489583328125 0.3818359375 0.3723958328125 0.4521484375 0.375 0.4580078125
55 0.56640625 0.46875 0.69140625 0.46875 0.7018229171875 0.466796875 0.7057291671875 0.4638671875 0.7057291671875 0.3935546875 0.703125 0.3857421875 0.69921875 0.3828125 0.55859375 0.380859375 0.5546875 0.3837890625 0.5546875 0.4638671875 0.55859375 0.466796875 0.56640625 0.46875
55 0.86328125 0.45703125 0.8697916671874999 0.4521484375 0.8697916671874999 0.3818359375 0.86328125 0.375 0.8111979171874999 0.373046875 0.7330729171875 0.373046875 0.7291666671875 0.3759765625 0.7291666671875 0.4501953125 0.7356770828125 0.45703125 0.86328125 0.45703125
55 0.34375 0.5830078125 0.3463541671875 0.5888671875 0.3502604171875 0.591796875 0.36328125 0.591796875 0.49609375 0.56640625 0.50390625 0.564453125 0.5078125 0.5595703125 0.4869791671875 0.4892578125 0.484375 0.4833984375 0.4778645828125 0.478515625 0.3580729171875 0.498046875 0.32421875 0.505859375 0.3229166671875 0.5068359375 0.3229166671875 0.5146484375 0.328125 0.5322265625 0.34375 0.5830078125
55 0.1028645828125 0.572265625 0.2747395828125 0.56640625 0.28125 0.5615234375 0.28125 0.5263671875 0.2786458328125 0.4775390625 0.2747395828125 0.474609375 0.1315104171875 0.474609375 0.09765625 0.4765625 0.09375 0.4794921875 0.09375 0.5224609375 0.09635416718749999 0.5673828125 0.1028645828125 0.572265625
55 0.6106770828125 0.607421875 0.6705729171875 0.607421875 0.6744791671875 0.6044921875 0.6770833328125 0.6005859375 0.6796875 0.5400390625 0.6796875 0.5263671875 0.67578125 0.5234375 0.6106770828125 0.51953125 0.54296875 0.517578125 0.5325520828125 0.517578125 0.5260416671875 0.5224609375 0.5234375 0.5673828125 0.5234375 0.6025390625 0.52734375 0.60546875 0.6106770828125 0.607421875
55 0.7408854171875 0.62890625 0.8190104171874999 0.6328125 0.8684895828125001 0.6328125 0.8723958328125001 0.6298828125 0.8802083328125001 0.5615234375 0.8776041671874999 0.5556640625 0.8736979171874999 0.552734375 0.7591145828125 0.544921875 0.7434895828125 0.544921875 0.7395833328125 0.5498046875 0.734375 0.6044921875 0.734375 0.6259765625 0.7356770828125 0.626953125 0.7408854171875 0.62890625
55 0.65234375 0.736328125 0.6614583328125 0.7314453125 0.6640625 0.7177734375 0.6666666671875 0.6728515625 0.6666666671875 0.6591796875 0.6627604171875 0.65234375 0.6393229171875 0.650390625 0.5169270828125 0.650390625 0.5130208328125 0.6552734375 0.5104166671875 0.6748046875 0.5104166671875 0.7353515625 0.5143229171875 0.73828125 0.65234375 0.736328125
55 0.34765625 0.703125 0.3658854171875 0.703125 0.4596354171875 0.69140625 0.50390625 0.685546875 0.5078125 0.6826171875 0.5078125 0.6630859375 0.5026041671875 0.6279296875 0.4973958328125 0.6005859375 0.4934895828125 0.59765625 0.4856770828125 0.59765625 0.36328125 0.611328125 0.34765625 0.61328125 0.3359375 0.6162109375 0.3333333328125 0.6201171875 0.3385416671875 0.6591796875 0.34375 0.6923828125 0.34765625 0.703125
55 0.29296875 0.705078125 0.296875 0.7021484375 0.3046875 0.6318359375 0.3046875 0.6162109375 0.30078125 0.61328125 0.1861979171875 0.609375 0.1263020828125 0.609375 0.1223958328125 0.6123046875 0.1171875 0.6455078125 0.1145833328125 0.6787109375 0.1145833328125 0.7021484375 0.1184895828125 0.705078125 0.29296875 0.705078125
55 0.8424479171874999 0.763671875 0.8684895828125001 0.76171875 0.8723958328125001 0.7587890625 0.875 0.7314453125 0.875 0.6845703125 0.87109375 0.6796875 0.8190104171874999 0.6796875 0.7434895828125 0.681640625 0.73828125 0.68359375 0.734375 0.6865234375 0.734375 0.7646484375 0.73828125 0.767578125 0.8424479171874999 0.763671875
55 0.3294270828125 0.81640625 0.3450520828125 0.81640625 0.4752604171875 0.796875 0.4856770828125 0.794921875 0.4921875 0.7919921875 0.4921875 0.7685546875 0.484375 0.7158203125 0.4817708328125 0.7080078125 0.4778645828125 0.705078125 0.4700520828125 0.705078125 0.3528645828125 0.720703125 0.32421875 0.724609375 0.3190104171875 0.7265625 0.3151041671875 0.7294921875 0.3151041671875 0.7412109375 0.3255208328125 0.8095703125 0.3294270828125 0.81640625
55 0.2903645828125 0.814453125 0.296875 0.8095703125 0.3020833328125 0.7568359375 0.3020833328125 0.7236328125 0.30078125 0.72265625 0.19921875 0.72265625 0.1263020828125 0.724609375 0.1223958328125 0.7275390625 0.1145833328125 0.8115234375 0.1184895828125 0.818359375 0.12890625 0.8203125 0.2903645828125 0.814453125
55 0.2669270828125 0.919921875 0.2799479171875 0.91796875 0.2890625 0.9130859375 0.2890625 0.8251953125 0.28515625 0.822265625 0.26953125 0.822265625 0.1158854171875 0.83203125 0.1080729171875 0.833984375 0.1041666671875 0.8388671875 0.1015625 0.9189453125 0.10546875 0.9296875 0.13671875 0.9296875 0.2669270828125 0.919921875
55 0.33984375 0.921875 0.3528645828125 0.921875 0.4908854171875 0.900390625 0.4986979171875 0.8984375 0.5052083328125 0.8916015625 0.4973958328125 0.8251953125 0.4947916671875 0.8115234375 0.4908854171875 0.80859375 0.4830729171875 0.80859375 0.41015625 0.818359375 0.33984375 0.828125 0.33203125 0.830078125 0.328125 0.8330078125 0.328125 0.8525390625 0.3359375 0.9189453125 0.33984375 0.921875
55 0.68359375 0.869140625 0.6901041671875 0.8662109375 0.6953125 0.7978515625 0.6953125 0.7880859375 0.69140625 0.783203125 0.6106770828125 0.783203125 0.5481770828125 0.78515625 0.5416666671875 0.7900390625 0.5390625 0.8193359375 0.5364583328125 0.8701171875 0.5403645828125 0.875 0.5638020828125 0.875 0.68359375 0.869140625
55 0.7747395828125 0.8828125 0.8815104171874999 0.87109375 0.8880208328125001 0.8662109375 0.8880208328125001 0.7978515625 0.8841145828125001 0.7890625 0.8606770828125001 0.7890625 0.7669270828125 0.796875 0.75390625 0.798828125 0.7473958328125 0.8037109375 0.75 0.8798828125 0.75390625 0.8828125 0.7747395828125 0.8828125